348179
41493163
2222518
4130234
25951442
56923738
31217985
24542651
26810011
26810032
26810037
26810046
26810051
2496482
35475169
40727791
45196184
18136181
18136114
18147387
27364525
22763168
37013015
30310328
37013018
5494936
39540098
37013023
37013037
6226124
6242113
37013044
5797359
6258830
18152556
15042463
37013046
1917559
37013047
24878258
10954754
6259037
20399639
22307216
31299403
37013050
1488489
18167686
18094298
37013052
55109900
50125698
37013064
6954469
37013066
9133498
9262969
37039562
7028156
37039568
37039573
27999106
5797387
7654214
30269948
30275445
14466214
4131448
37039596
34120160
37039597
37039606
37039613
32320148
37039615
39665232
55109944
6225439
37039621
24878345
37039633
37039645
5797404
27175879
24878394
5797411
13430295
30275460
37039686
31958357
12519189
38315019
37039705
37040271
53677269
37040277
37040292
36591816
37040303
37040305
27773667
2340438
37040326
15579736
15086626
30269961
4131501
15089492
14991098
6044194
37060087
37060102
18167778
27011334
4131641
5797452
37060182
5797456
55111866
20085952
31969221
18167797
37060187
58796434
18167816
17862310
20898577
12519533
9263088
37060194
31651800
50721778
43744711
14179572
30760452
30310244
55285055
37060207
37068682
37068689
50535933
20398462
14408558
5797351
38972412
37068702
43666068
37068858
5797493
38364244
18777904
37068694
37114718
38364253
38364290
37068960
26986470
37068969
30207821
15432546
33231259
37068996
32839908
37069075
5797329
55793771
37069964
37069968
37069984
5797613
5797620
37070000
51490547
5797336
23453220
32742664
18167884
18167896
37070005
31680654
37070008
36114808
5797340
36796568
18167909
31821757
37070013
32597125
38364313
18234067
37070026
37070470
38364342
37070476
37070479
37071329
39870759
41872605
37071345
37071347
37071353
37071358
32929797
55111914
35283089
5797625
37071368
38364356
5797703
32187358
4131870
43682797
43682846
37071381
32008337
38364400
31077329
21925560
4131875
37071412
5797710
8462979
2605
21195462
43676109
18167932
37071437
32605381
55111932
38364409
38364423
37114703
43691325
35635521
33413585
38364430
10273048
35646497
26986781
18234983
18235545
18167956
1476866
2458688
17862381
43674581
39668466
30045895
18238280
24094932
37114725
37114726
36282085
37114733
57660832
18167969
55113576
55113610
54629350
16090039
13420019
35842619
37114742
18167978
33526231
38416992
37114753
37114754
37114757
54963654
38373245
37115042
18168000
26986651
54216897
5797745
37115051
37115053
37115055
37115105
37115112
37115114
37115210
36139865
4132041
37115230
26986552
4957867
37115251
5797753
37115256
18305562
37115262
37115761
29664419
18305607
37115780
9258101
55119735
37115784
5797759
55119737
5911908
4273102
37115841
31766603
37115862
55119744
37115892
37115899
37115909
37115919
56586151
18254712
37115934
37115937
37115950
28789356
28916745
36649413
32906473
53928110
5797772
5797766
28690410
28690318
6285141
37116030
13753530
1280052
32895594
32721164
37116111
45358610
330942
37116159
37116166
37116215
18312193
39674394
37116220
37116241
18508627
37116249
37116253
5797803
37117615
37117626
5797849
35670689
37117632
37117635
37117643
37117648
43331794
5797855
37117653
5797863
37117657
4709709
859035
20210323
25739428
1159964
29081575
29376878
18189765
5797887
37117667
37117668
18506864
35882559
37117682
37117683
37117688
37117698
38186678
31741713
37117710
37117714
37117717
37123966
37123975
37123978
303864
18329405
37123983
5797293
37123998
37124007
37124017
37124020
25594780
37124022
18329466
37124030
37124034
37124046
37124052
50038727
27827350
27922717
10553400
11724717
32882211
37124097
33237596
5797301
37124110
37124120
37124142
57901810
37124146
37124157
37124158
37124161
58267053
5797305
27548189
37124338
37124340
38269663
37124365
37124368
13038889
5797959
36573263
5797310
37124649
5797312
37124389
29596068
37124394
37124618
5797317
35931794
18445057
5797977
18445074
37124636
33728470
37124646
35842645
17862479
6990203
21692001
32559183
37124659
2177072
174675
5571304
26986721
37124666
36055573
37124669
37124672
37124691
4297185
33342310
38417193
37124722
18445215
5798155
1547144
37124943
55187531
55321316
36071369
5798159
37124948
37124949
38416973
37124958
19061594
32320157
1013892
37126267
5798189
55480012
37126273
37126281
1479313
43512
18445235
5057459
37126345
37126351
5798196
37126358
37126359
37126363
55302284
37134774
37134779
37134783
38384303
5798280
35842659
37135133
13039040
