3488351
219599
14541269
59069637
3883
58667966
51263975
51264039
55719669
3285032
12840148
46520271
7370562
2179
26591223
174943
8873362
1892465
31961763
15458747
7081
781998
59054538
59051188
39265941
30867957
25912361
29719823
13747254
15841965
19141002
32882412
38750718
3944357
8343888
1765709
2010320
38851039
3944653
37435109
58712831
30047935
220541
38195450
40281069
76749
2684375
8444504
2910007
31837113
58554195
13912224
57010946
53280209
48435874
31252572
12132234
24378584
12059969
14753582
58228011
57169834
52643038
36839371
3883047
6040661
392645
6064657
3990777
2163726
21218168
12599169
21297556
221283
237504
1139419
2230818
8086
44185893
3646582
2245840
695675
368048
18520676
58589
14295551
561580
35307882
51027
113190
34320084
36066018
491312
3805890
7699478
40222472
72740
46343932
11063221
1690
8513375
4058246
45467653
31663216
17428410
26048760
25139625
20896854
842605
17160831
352614
935706
3539254
11836806
745640
8178655
276088
26618929
2353347
234442
39320762
3262893
51334418
295395
4725347
44991852
31349404
5943869
229291
5509726
26901933
33687298
221160
1838264
3513038
27975085
1391827
611329
397721
32019742
325153
75849
19339921
540802
8657945
4268803
34454255
37701107
49343041
3070650
9545191
6654281
18048964
5532277
41149574
86518
58734633
1702660
2094988
6110205
691962
1518292
17896015
30355357
7953929
27373094
1801956
38086766
33573932
235450
432636
6759409
25311421
54547680
6554298
30933488
6182659
179091
12442282
48688536
1906051
1599293
1671932
23419016
19101675
8621051
12204754
6531113
4404976
21928489
5610368
42374499
42375049
44373964
9052813
35552752
378458
6517332
3739525
1494610
6609618
8955672
11730918
48982178
47063897
1575820
10252933
1695
48390782
7526734
1141081
19911298
21650967
85955
12315815
13706
47449480
55633356
54505884
54506100
16615403
4777166
4760343
45711199
187916
35573211
31046866
15210141
53874225
723799
1577433
54596263
52406994
914436
1897033
33315904
1577380
31597516
1768194
254515
87890
48594172
1190451
325918
12600177
54262097
31815757
11806704
9591
200734
50804173
29298
4318352
40509310
51289352
177428
37740457
55580815
28665513
45321434
44168990
27332128
44138832
51466093
28361043
32486309
37393710
27981259
44598908
28712917
28666170
44236435
26502224
28539062
52036798
45510317
36891720
28538630
22516517
44534540
41291891
28894996
44192314
47867763
28846895
28847074
31979510
28667397
26346553
45338847
45065628
51432668
52582968
28666609
27266335
44218963
44118152
37372497
27978875
39623261
857532
43350294
59056590
59074346
58697372
54643200
59074812
53514524
59075217
58736615
58850065
58999673
58889236
59074450
59005222
624365
1462451
51046733
30305502
9148529
19788151
2625993
35390666
44329046
11829270
403703
3379056
205924
30971197
40138269
28741971
32474732
33873598
4761461
14194542
18397260
5318398
30742031
19983072
19039186
16344012
13215988
24616844
8862721
3209083
66789
305865
834349
586931
552866
42062677
26117235
339979
737722
6716470
2165596
62754
62755
213660
860221
860197
781050
860173
774009
1825849
43810
8717133
25829702
47009027
24986244
34446892
58425998
49254674
40296286
42437616
26252
48784874
2448418
3003
3020376
19267418
34223679
40189140
845165
41462196
27938415
5816777
15810462
55449943
42744533
33592954
1374961
52566303
5368718
54062994
51989151
4173471
23866534
42835394
602388
51817084
19689118
33563315
2010495
4356319
24081507
371298
299670
19809528
77934
6919966
51714892
38036980
32488579
28400766
38589054
9510020
50042361
41277583
88162
25892063
42515691
53187344
383127
19039877
9675392
12481410
44948385
42543527
22675493
17842381
45031900
20722110
27351552
31429763
356270
17844640
33186216
1587228
37994948
27805876
18500708
7312875
6327638
53462123
32473644
51345817
12527384
58011440
92210
17333508
1802294
13930351
36732
54083110
6521277
41199266
20970835
18237185
6788094
48451831
31153767
52810422
218924
1576401
3787768
17527010
52254621
20915550
6885925
7676963
2252727
38287670
20941555
56886069
1834679
52847861
47086977
712223
42013107
29447878
2850681
41314967
43523511
35621356
7262782
19190688
55907709
20167303
11152465
8137458
33892594
30865491
51886919
31472268
43644491
35893912
2851380
53349063
43115208
578043
52044964
532230
35717780
25786581
298253
41858146
40819493
24741111
14109450
51205083
17866114
34506621
9766625
4596660
1696837
9719197
35039652
1450259
1696833
49224749
209435
3152421
20863249
33818108
2291916
6991488
15916469
368836
42695859
50597152
18451082
23742969
51311739
58083671
556393
46414271
556972
1950512
3672826
594796
1042601
704830
44935022
48443468
55957674
40569330
22861703
27491142
657083
4125371
611954
31350029
2045580
37053866
20327832
10416230
20014257
4981268
46193011
24830433
18151373
40707840
40036162
35817326
31120394
35940793
51889427
58713766
37804326
44804510
1103839
26614147
32095492
29276606
38973180
41199287
32572930
19111630
25068706
29497454
8087731
10430369
10319461
10042003
32167416
32690062
31825652
16190519
1517144
49997128
10179335
16915579
100643
27124929
42599856
16588603
31875012
31226646
20671912
43215927
15992248
20653203
50066208
47562304
347258
35565932
54562516
630081
3405685
58742949
31444637
3395
5309160
1617112
7630
36450051
29007
100397
9978
11638
22131548
19379
3434018
4248813
12681427
12633524
14133584
14078070
8395296
10999214
4293277
35818571
408340
9998961
16163701
14535576
1989064
708289
174267
236750
176796
1642285
3966410
3728845
1134049
6172335
54093044
51307085
6988466
22702
21465014
394660
195357
47101651
16774179
50271809
45667
23275
16567047
2011060
800807
144175
28849
52427129
1568024
33644347
14568885
3654679
11403144
20217918
45660
143475
16778963
1693828
1383907
193365
3659837
45645311
36365518
40026821
589944
38626659
2158041
51876488
6599175
18247570
1750390
2135215
156799
38880509
24578817
14704346
571809
5922372
6041355
58576947
14860729
24035085
58496995
57448778
58828862
5675048
78924
58583857
732725
40526159
9766320
10788389
6964606
2009217
1106230
50427123
26136015
5074503
23802249
417858
30206761
2142466
250497
2458810
35044656
17366774
3025200
11641187
55862210
22148214
620418
169505
242871
511579
29361398
727326
26217161
3522181
271656
31073217
7480749
22416
25490399
24790399
7088714
8302085
54147909
1126973
844100
755515
34086217
27429897
38898361
20194370
193424
19632887
1661091
27482301
57454
28094538
561795
670347
197229
197227
495418
6894205
12238676
3936951
231699
152639
943838
2706960
17402599
1307166
1307154
547913
4573815
579832
13068382
309625
47620
9527783
516539
46944821
29290611
306835
396303
33468645
2533676
739586
380656
306377
1820052
70369
8398517
2044328
52165307
13542689
3833280
20702760
1071762
3540657
2402486
38348008
224080
2652410
48248522
32715530
404991
5156344
9000545
632609
19656813
779785
974400
22325744
47562889
27503329
33652569
30759554
49597
15741270
142125
209348
1788792
2980662
1594526
7538481
33054830
50478757
3556427
18813739
12943672
5970570
24788930
11580075
14618657
4861717
28949467
40597
25982885
33419570
34690838
3038540
2161075
377029
3523518
691304
1287482
50784980
23368424
5833310
1623
27428223
4047176
48261
57942153
26799076
22743721
655015
152384
43271361
12238690
52285
185576
3055565
50780941
8064353
51498935
891854
495149
564808
7629764
8823241
327148
32777501
13221071
17596835
9636060
4244983
2194814
2959284
743919
2897344
1450522
5622921
16288440
874048
769167
30873158
19381
29403730
1976018
11380784
26078983
24550011
25221041
168154
11820573
56995498
759183
3699037
37571149
7675943
24035600
37936624
34554625
79451
764634
576260
21611826
764977
30657147
57276223
52790
3297224
318004
7178993
32707101
332255
21249924
298579
7131361
1686783
5022202
2920188
7575833
330247
2666605
3108790
163151
28107040
1506058
35806607
10240284
3527563
1198649
24784107
46181087
5542164
41087139
739346
844130
42783495
2900766
20755530
4793462
622283
20937515
14939262
18006061
15096822
46944794
33253847
7909713
324751
4946180
348229
27975437
22536951
3412798
3412922
14300113
8474
3230128
1248719
7252586
7525985
13956735
35252905
1209820
43597368
774581
5353784
37325379
396470
900702
56331857
1032951
9212687
4302022
314428
14299233
1906553
2424716
5171586
58262751
55038466
5151636
8490715
347201
8683288
1026753
6955252
255104
10393509
32449617
460662
9200313
606008
152640
1269658
229071
169502
225255
57341190
756038
17774440
13191781
26361391
25558823
17469330
1829223
4240474
1310457
35331974
3101120
6982354
26032914
4080595
18700991
27994555
6684473
16562758
262879
9093420
1347284
351741
5530973
381485
3563273
10453757
44630216
26090127
3246355
399672
13249479
169503
47761928
1151369
46961876
21412899
18891693
277269
28952456
52472924
10401983
1141232
32762782
6729734
10323418
26188191
3011879
235700
4827190
50127704
1682548
18733960
44417623
18985419
277267
274364
54428713
16726752
34606959
30035227
175313
875030
172472
13465626
36150725
2142422
436653
1347262
25938428
558923
49383809
376934
294385
8871595
43136245
28597333
50172733
18603629
274160
31565304
36945924
52919691
15160598
450918
5261739
703940
1885367
50987177
14025350
4106266
44368785
37972104
351743
13603287
15621486
21697763
24412956
31689932
34041074
2596693
5823496
1262158
45689618
981719
3607940
7507170
13929656
2320755
10743601
217515
714256
436589
231939
550687
10887305
277271
3100851
24929275
41858548
57201866
52755091
23376531
20952409
21409873
21624861
12729762
981767
3875367
8667846
5443665
4329984
42868046
2142615
3101131
262875
24608811
40979521
3101091
1051958
225254
27976960
44112700
1430865
3169985
964042
262880
9647118
1751556
2142591
1622593
26874135
1118654
4663849
455386
3348690
9033453
40463604
8102238
8494021
852688
19237800
2007187
611089
20315566
455398
601284
17902
4134907
33101260
28162944
8351023
14098497
35669727
6125
6965651
39817
19376148
3227937
875025
12608751
17335009
5970951
14294350
8709138
28163606
17335101
15942
47717
875039
39197406
27678735
1881115
21473
567390
740362
29676565
57295521
40419460
19316197
336346
25161850
37870755
27268014
13984412
51009408
2332576
32294974
2727254
49871183
42724076
56339798
22660007
31134621
25852734
19133789
17312750
42013474
18330991
3906527
29907347
55979235
42053868
27061696
42475249
2152640
143377
21548395
5659491
1930927
22460660
36917700
1216182
41905827
3487048
25494598
16218
14727225
927027
7679269
58753849
58615256
12367165
71376
49528505
44955001
3628531
1619381
1157613
57119892
14208037
14239583
12159640
16889522
1261151
1178150
1135519
44544661
58533941
579534
57124086
43989664
47207188
28377103
288210
28883229
14613339
23689499
44051122
58482514
14613590
4046574
24917627
3448661
42006815
26727599
2432279
26885361
824869
875009
36260292
43386202
396241
1254610
45218
46740458
610378
997346
15616
230786
1996436
162720
27417582
18213210
336351
20380860
439578
1678476
4318522
862391
50460232
42823179
1316955
641959
804683
5289650
684945
1160272
1316903
10667657
51614969
456405
1854138
40354726
43451175
1396478
297563
14259537
18597842
4668387
51326544
2559651
561182
49574
351737
22842047
2330667
804705
36058977
155925
4279440
505049
326725
99881
1391503
17257
45310797
4968179
22112821
1623816
274539
179470
1316887
10463810
1434882
58609673
55222845
53719257
3907668
2413356
325696
1023730
48998766
2954927
1029281
3640561
5397
6912128
16486
4322984
7728498
49710926
333203
43774211
11490445
47409890
37633017
607627
906417
30629
583021
51804512
1170948
898401
216114
968195
47902004
42894760
5543683
39030781
55741527
212950
3885152
13063807
14716926
151573
8446437
46439772
357912
3659935
58935381
36885
2294219
32066167
5543736
1940435
878467
1316788
59063304
38594467
54953566
17171207
39527101
51281257
42001045
24428145
22459288
24576682
1304415
24600871
42025607
41694582
24543300
6759524
25094263
25115382
20087745
47167863
33143772
2315069
24600078
22892959
39381040
19574153
2022858
6759991
49706886
6947816
40769931
28536147
18856534
33278
40733915
25393997
28494675
25360561
25371084
40776780
25627198
23714480
31383244
12182533
14782125
28652852
192584
28297094
1613892
11586344
24935995
3026744
4044090
1924853
348103
10043098
29027895
4303702
649484
2445936
43492
3972195
3180565
2134961
93919
5478109
22230227
53675175
2489090
859717
23369262
35514291
979174
1574853
49347412
24481226
28322405
732742
6587769
31688180
56541870
225040
37166304
294376
165987
5250808
252274
101393
871628
2276568
876603
160965
2456803
3930569
458133
4905597
3448001
158287
7407147
194081
1824396
7666743
1778942
782401
9381911
2912920
458448
2412433
143848
44241528
48276103
44610921
34877750
58993007
58831469
58790747
30196315
18951309
17230169
47700443
6943393
43234053
32382735
10911810
12307
406792
54439627
13460125
29053695
9721564
7139144
16729122
44172332
34066368
51647032
697287
17344129
15890
55156588
38622197
34433560
44173650
32617036
24054765
4555581
24906732
51647817
953935
42162163
24815447
23520676
51917788
3787221
47230196
7863182
279785
502854
34173648
36488507
39403159
42725077
56349936
2395253
33821
41833074
54094561
54102636
31485249
50063718
57922249
41778661
53206060
34247415
35746799
57390959
31188758
415870
23610738
21952789
17116922
2738442
19139944
9999228
53812365
53812156
42061773
5412759
1833089
30871636
53812224
51058816
53812722
53812323
53812697
53812388
53812742
53812332
53812877
53812391
53812401
53812372
53812416
53812432
53812443
53812382
53812763
52647550
5067769
10427980
24271703
53809616
2184531
14770814
33250880
17658844
10753941
6224803
31549088
9291817
14305610
40312436
19220374
27561753
8137677
19220003
19210998
24733580
25678979
19210918
13728503
763955
322154
53809659
6889037
44318975
52314269
53809019
12560894
1184272
53802429
46819180
25428366
12725998
43015611
40277505
40268961
40277485
40277495
47543589
56753582
5226889
9612308
53802758
2623514
18333726
19181040
19972579
52314305
894856
22305556
15410012
53804579
5890146
13933564
53809276
6321791
53803108
53800426
12507642
53809667
4449066
42710826
40627559
53809919
21839488
52314376
1955747
53799044
5234410
53802974
4255493
11418102
16574327
25988383
51570624
30496725
903535
53810783
5318992
53803152
53808507
53800440
24271691
53803762
105846
330352
53804589
39167904
21393927
49123645
52314328
13019581
35966653
214711
3526366
7731902
929674
35869347
807715
30228467
18557844
45620031
53803228
5484046
53802996
53804672
53810842
1450817
29892137
4720454
5672173
21209186
53804031
26626763
4323252
53809418
36455760
2165914
2652339
20532486
53809547
53689148
418532
53810283
53809086
53801069
40083092
3264446
22966757
26271046
13080353
53811238
1698972
13933568
12899589
27109635
5176913
21120826
10678
53808529
35301646
53801020
53802071
53801058
53803794
26109276
53801491
353137
2360117
17421426
25395500
13772020
15733043
1984553
4836827
24271697
20000291
14467339
2056005
8641209
53811272
53809694
52508083
53801568
20005326
12256201
53802096
44038947
35591730
2755513
20032179
27163984
17305055
53802050
12776191
31918453
2634816
30278358
3808546
50467419
53804295
18903647
21183249
58124659
459382
10408727
34058133
9210011
34173774
45339169
16637972
2918570
193347
29385423
18054454
53802671
24919906
24919907
24919908
193364
1383670
11703261
161064
13198646
15672494
4871021
9742390
5413091
948404
31189491
53801251
8910489
1171631
3141891
1482207
15297601
53803132
2618222
19958480
284308
5157144
4495957
2849761
846994
681259
3824231
881548
850792
846867
2849687
6098404
6951043
855170
860739
875949
24766921
854648
1523498
32915226
32865383
7660576
844467
2849781
847219
846911
611835
3820764
17826732
1292931
845528
3820870
852157
1124376
94795
7221863
32836563
1045575
844784
6111414
25898968
2259467
1050727
53808585
24271716
53809676
100917
284312
1939386
36808972
22414848
20477282
53808770
1825572
53809071
5386921
53804343
25747189
25751177
40086822
25748580
51616599
25747220
25748762
25747570
25751589
25748635
25748824
25749137
30673967
25748459
31091644
25747196
25750933
25748878
35883580
25747230
35882610
47626951
25748834
26448045
35867059
44896058
37783842
27555968
41510740
25748711
25749042
27274331
53808553
21308848
57902748
53804357
5706761
6282251
53808571
1386404
30758663
37957858
53801261
51410751
23275921
34058380
53803144
50748302
53803378
7059075
53811983
11168025
16129609
53800504
9165818
57126662
24917690
3043248
19932109
42987633
9387992
24759179
53803690
53804106
25953573
24271575
22698759
56318118
18259899
5330799
43259292
53802701
53811401
13531761
14423874
13933569
10363077
15192265
27092166
47333493
48253613
53811977
32331371
53810290
6221520
161993
7203333
52314321
5085190
26339570
1057491
28927442
5412937
32456002
18278322
47408334
6740010
30865764
2091279
5902210
53809609
3043696
53804519
3085295
57126825
5226306
11379
5123499
53803124
44981683
46625201
44791585
44703299
42315677
46325098
295448
21872857
3246819
53802773
22004926
53802401
26101652
3028085
14291351
24272195
976887
53808065
1069343
24271078
53800331
14559178
29892659
13886103
28594963
25988112
26483793
28595203
24271579
15408494
53809241
13933570
13933571
53809051
8146775
976077
5226034
53804649
53802524
401729
4919969
53811520
607978
53811523
11352802
53801545
53811864
4659748
53809603
19990477
51537614
25303196
25199801
24220900
14825480
24549687
25199663
14143201
28946717
25199732
12545190
26294835
32388578
25201900
3821084
53803159
5413029
20084768
49361327
53801764
9609771
42300689
1443272
53809559
53809522
2839300
47085
53809935
25137623
50219749
53809040
53801042
27284431
38991988
36389069
58562234
46474125
16806704
45265007
4100042
46443570
46473096
693813
7100644
36825493
8523040
1385285
51792226
11725065
40804647
9807892
39045426
38813792
24814670
51161653
55207352
15714199
34539684
44515
891261
3228624
2046572
17047376
4770845
603196
3262779
34552226
1631936
6873634
17196028
56798722
20541599
23707012
6547698
28975319
1820860
15742961
36610952
8066202
18005294
7893686
33775102
8098302
19779906
2681585
50817736
14139662
55762953
46700457
40406654
4267090
3388133
26402676
4977814
4523575
1503661
18755520
44412778
1736274
19963936
8386053
1461833
1896371
4035758
25588694
52113219
1474360
16905591
48297008
52639986
44937683
1986076
13784849
39586418
17593373
50527028
21056058
20356367
10633264
14715178
44071798
903342
25780035
894605
14590138
3613931
13703010
20944349
36838507
40619776
11893142
17640271
1553645
3419652
1144314
50798476
50799111
13720226
517517
28886000
7992701
170816
23012254
55903059
11459637
13569833
3308368
14107970
14702485
7861460
30629392
14268010
33230389
58574896
15768293
16315162
3613721
35916765
18822555
476694
17893647
46761486
44896357
1619153
17877788
30628619
31690624
34028280
24479628
34143512
15803602
1929237
15884725
2114919
52907914
15604979
13802910
16465123
15605310
26609434
52905513
13802798
887155
16686680
6598712
54303900
18311050
13802835
28975707
2164523
6598164
32615126
657728
52880934
53138668
3824916
20944257
18799827
8905162
50816387
35575240
13082436
53183146
18995887
226074
9540468
16974346
17938481
3274496
1940652
44336533
17989900
52825000
170694
7415204
22661017
23172696
290512
2187361
50876284
4563743
16198631
21071891
17367137
15927134
28975799
22763549
20124574
5117609
5540013
39649528
1796454
54187924
8500788
14510499
48296739
16925343
1406354
26253156
23976580
16348833
1198879
16990119
12238907
17454490
1599208
23646282
46594704
3908689
1377403
1934119
226065
23846080
52401477
6597868
28975216
20580093
18832011
20845143
24135035
21690927
48296489
5653413
7529474
28975406
17176047
51263455
16185472
1933792
7416101
23883890
5282092
58574769
15734601
12120931
600402
48511312
71322
6601781
4283385
39558710
545622
1307833
6847718
19999038
33601706
24905017
34299800
3743338
9180525
25643848
36578052
7106608
639396
22708270
26680588
10927893
21185792
30900512
8886147
34374179
1717347
31959901
12294077
39195082
39957573
41702577
51836026
33653172
42087962
7502319
34235251
6148476
43385177
32371920
52892310
8885958
55848968
55830208
44152855
30223279
1186070
1498924
56645979
44778844
420855
8271933
1345590
11298449
45351692
23047067
15143590
54853494
312102
438051
42318251
55713489
46285357
5396197
2030651
21186776
31884227
55053457
1091454
6343116
36761337
43028855
25252456
43780464
23017364
43995393
43941559
43936585
43941422
43937078
43933129
43932630
14447325
55672711
17250911
47778514
35801558
39899912
51422220
57996185
47406101
10175842
19141969
53009994
15400215
15398797
57453139
56455498
5228682
39095295
32631793
6074952
24390616
46926245
4065416
9676542
18787511
5345116
10696066
37804910
47491102
31830893
36743562
177251
31355463
14411473
9655945
2207634
23250589
39692775
25254918
42592055
5721976
53015452
5518882
1391891
48974025
8740970
4202293
11594604
46783214
12309462
7196384
48276775
2187188
321252
6052549
7842726
26818678
2831703
9056487
12236175
40120021
56683306
21735819
26456708
32459875
24277545
1618728
1206151
23111012
2305555
29114412
28198410
30612955
37882277
40518294
27106170
42184944
30127527
317497
44081579
9879179
23776877
4010195
37595344
57279009
6020257
49919178
6969878
33934301
23753435
31811086
19092475
25377403
2214086
55339552
17798414
10017286
1575092
38687947
32808602
46711428
2247742
18260568
5215890
20368715
6813508
3138422
344380
16122100
8248059
25999604
16683182
458647
29164295
18611939
2165979
17104288
5666737
2895698
23766233
9738933
1442176
13563242
29920310
12547405
58047853
46269412
36361816
35999753
7653640
23738218
20677738
51097507
46273356
30382349
1265686
8156892
154180
22046660
57014055
1798310
168601
10028711
38887552
8713477
49856971
34739684
37268687
17061505
7778314
48966998
53370439
27661897
32610929
2996967
18027064
25674543
7291847
10154163
2536491
45660814
35369312
40037685
12010985
20796831
4773911
35546577
2734863
7987256
7223007
38605878
7619500
52980138
13310875
50059466
36647087
5697860
33628683
34926828
53994256
3622027
6050081
396475
3952036
3119401
6955016
45320889
3354920
24352129
657884
336354
9698123
5721786
1594937
2608958
56524648
2166015
4257806
24451762
57985930
23751599
41998427
40592634
7243682
4993389
38859382
57352937
49439596
20529614
433001
37595244
58169414
56273819
7435297
23931861
25642780
14728502
42879879
13934412
49537219
383114
3306814
53569111
1681623
8707438
19592066
39396200
22529089
242619
1695137
26149251
13087437
16993259
19125969
9970738
28584157
38688889
3832062
12634069
49345434
45597299
1240811
3511772
10296412
4912933
46803480
38278366
8279367
14751823
54549451
4060613
54366449
4491132
22408882
3514843
11351993
14783846
969806
18255556
22630201
882464
5699846
26074065
17144524
3068093
4932514
6772329
7565899
11201172
44184142
9327206
9432375
5493377
1671061
39728492
24730930
7878904
1081358
18638636
25644345
56892600
42854231
42855332
17378118
56537299
1666017
49370365
51705390
49660139
8891949
8707043
101339
587880
45497530
17272302
20800814
28484491
54369457
49221870
26062009
32811565
33235805
56429200
2576442
54370686
1474628
177227
58164345
433695
32815
11228326
3142532
35371272
35341579
49130517
18947965
54559586
41803926
29224996
2362875
22307878
13029526
25932934
17561749
35024511
1858860
37438248
26666923
7015
37515428
13758651
19385260
2161569
4839171
55942442
19213597
3655604
26439926
40709403
3481839
26274205
43875574
29388538
18400451
2030567
21223089
35371408
57950200
43316669
43276850
26233482
897193
14410170
11316440
13717392
4878272
4971
10442495
3060990
30277831
54507583
38463542
7252791
13972140
3300154
35502400
35502456
14389
6121191
17561931
34581410
7045445
36807098
35297648
2614908
41864780
28250734
3114827
24916026
4391318
7562096
26471577
392101
1235057
467678
383252
898363
962610
35700215
12510741
24830170
20844739
3464442
21470620
35547783
11304603
6803382
3300139
18770988
6124746
426638
2014980
928762
2030548
4779457
23323043
2646872
21494050
36936922
11003802
252060
36943467
6383910
55269165
15412212
1249175
11445972
1493762
643766
16368865
9712664
17545080
3605462
18340168
16678324
28729439
19872648
54878372
1107735
6951827
2944177
35383255
5755681
11288911
10598905
23963288
159074
29992052
333250
10452795
21106820
34788003
5297260
21143731
35371572
35383479
18531293
51489258
869069
35525255
13961
36398335
26307866
423393
35384075
4138117
1678398
7219500
32388939
35360855
705774
15078854
6393909
31827282
36579442
37856554
38462066
23964483
3486437
11479
13140681
35296653
28173593
8324621
20934910
3486482
51633847
3486380
14096533
17872668
423398
22285758
58475272
2985664
9093353
3194861
5815168
13136107
6327846
28499172
54464725
5814651
18765772
19010543
858369
39048333
10130478
2060627
3460052
9462563
35384623
17561960
858210
5921625
3083228
45613522
33678214
3684031
52894410
35371830
51960046
13260221
16567606
2682698
58874303
1767716
10235890
9523435
39738722
9808963
13531068
36879499
25927397
11709163
5533011
39739619
55778216
38055586
42905998
22666516
5060272
469062
3830814
54334921
19910860
42626862
1492413
55333811
2030572
10464003
3770364
5767746
28090819
1599510
33565889
34788046
15752749
4148402
25941589
21554933
10953040
5167583
26233793
32856266
30910160
35970859
35297926
37217955
35314187
5814127
2195417
2994678
35286944
6121084
35313676
10550266
918818
35341938
45668663
193585
696770
52922451
858209
35314824
36932704
26728624
35547646
21494102
26427429
5756204
39623948
6530853
46223016
58407753
16262890
1482021
37273180
692334
35361239
2030643
26374959
36623757
21734815
35791205
8283169
42697400
34347169
20545646
12922956
35329340
630525
38906711
9300024
12890761
3683800
30206930
27851083
35372139
58277662
35372355
2030608
51330357
16413519
12906666
2017633
1060648
15335824
26258713
4254744
17790569
58388885
3828433
34788152
23555600
37815274
432715
24864631
8855296
31697810
17025358
2030613
3300152
34787095
604545
1089321
16439660
35384988
33903024
11653198
1483206
20069126
39048111
4115980
26706574
3056011
28833709
39995434
35372501
39729921
772803
4036334
17886549
916105
35547251
35403957
9696257
2625961
29516914
6578511
38410357
1459365
600201
6392122
16404481
10035903
24359453
7215601
35296778
35279147
34787955
24853889
2030582
58216064
31430732
897583
39050287
2043792
5075319
14238902
8768499
20541125
39061232
2137917
3381616
14783067
35721262
36640346
668747
5689112
918443
21491914
32215043
1396742
5074089
22970733
137007
20882003
27744012
35385786
16457393
35348675
12541870
7985311
50276083
1228021
27702768
34126022
42963666
28418908
17788703
35170519
14184714
42319307
35329753
3032930
2507926
2030662
6274843
19610496
3831502
35348776
33412080
26258759
39158203
39155351
44815474
31237453
43041042
28914877
32734315
25649534
9267107
19808945
26233572
24864737
3937094
26259429
9482212
5814269
39591875
34787269
266509
424372
12068720
472669
4475559
15077714
10680447
31416411
3435605
32942324
2169914
32347144
34788070
56880050
17906228
7394182
34788414
15926156
28727345
26688865
26680122
3824630
41517838
25343109
18997885
2030669
17544420
23386763
23365287
8489355
35386195
39184972
8654955
35375524
5060757
21493822
39050211
27370610
35525395
17987680
35525348
3044972
2427691
8612014
29225392
1852480
1515681
7949833
15355277
29156288
13335441
14245648
987783
10103171
858208
13894176
907201
53615090
2978116
42444649
36306731
21565807
35348538
17905238
20677082
53383263
35738090
31569430
53089033
48787533
55903698
10463095
3496360
55755057
56845905
177293
5684706
56588900
44099927
56929217
18047059
43688462
42170551
24953
42659414
45088093
1172821
4671105
53984347
58217114
52174243
32347645
599
2483640
2185
3922937
48132
21492793
36966710
8094767
43665430
1111865
54082074
30967705
12102748
11087698
2199582
5491773
2382455
28683554
4567514
41730173
6124983
12031248
20343379
145027
1748509
50669572
525001
54557383
50641876
6507235
42003892
6438510
7611482
9467553
9467766
4073069
7275393
5235070
16175648
42656827
1735063
28061333
26012165
26723339
23617259
24792551
33005079
6216681
31369238
52983334
45347035
13603220
2169473
54436820
17097666
42372491
31222311
20004741
53343063
48737353
7426214
53504556
55680
5461233
27079463
13746258
14111811
7320795
342830
540138
26007208
22536142
23271854
53446055
54645512
342827
3271024
1106301
55012
37639205
36612392
52115
252768
31476350
52360
37639363
42776246
28145218
25382703
52428751
52428507
384160
246429
167721
13353120
2074743
28077060
9848606
21850612
8599717
9849198
56128
21444966
24398701
13735170
52428844
52107
5643578
31478955
31040816
15297018
21433536
21851969
803706
43803682
275312
17385971
81430
428068
14264456
16954
2468272
18525433
230270
41662656
16606138
3931010
40165098
63928
564429
58290
1188670
46379409
21850733
1235197
2314798
21006574
14516952
312280
39496328
101664
21121606
9206893
31206994
24872946
20614300
2721621
413435
11881761
2249468
39679513
735996
55592446
2320224
52385759
586095
5134998
219064
46385769
2481193
412160
13441152
21851144
20415977
2393677
375310
666866
25821681
58289
5156543
28133794
2988733
13141934
27109191
37112608
351662
511279
50305696
537536
27089940
44160
8506591
35912296
36383654
2035357
29482206
4865709
4796605
2958075
1190619
23990994
13231954
19873306
390881
48840295
5857074
1116639
52428658
27495717
2722662
9453528
5640474
11946289
14340170
10766454
52906890
52907023
19681949
11903604
46307497
39669180
55795679
52185226
9922049
52906940
49025346
46356257
2320163
52954249
48812094
58199038
28603745
56912719
20860377
4022831
3775312
2887139
42318906
4928804
43130061
22508540
4636510
36201476
2615267
35509685
22844343
30982001
35400643
268260
3475535
2278796
14277340
4772191
2449433
2620696
14270207
50729587
24018566
2425318
21980884
27950160
710050
9737020
3205443
42239221
19044552
24285840
1401778
16930
900926
2271495
17455926
965456
31845765
51816928
1669349
2022502
7438518
2730069
24488256
3816981
34376760
42045033
24005908
5563288
57998660
17181475
56792525
7949102
11434774
57799903
10254408
20555446
30770542
32985069
15329829
22891277
4886693
6014848
5431979
55723986
15329859
11304915
33978412
3798550
15327410
49893078
2853743
42764315
682925
3142518
382260
27417038
55724383
38488443
9529424
14726542
13951035
3049675
465623
10609605
10537691
12213457
24201529
486017
24210019
1845174
7142801
35663765
38712096
32788
11683729
40793163
20917320
18059077
665393
55732942
26132611
266440
7068146
4510458
36114884
2184302
22892997
175854
17382983
32316275
50005930
11434593
15326379
21937392
1451892
1560333
2613965
14139588
4232073
55723644
22893015
49336955
46909548
6934505
5421041
11933608
22892854
41335554
55947535
16367289
46417437
12924170
7393356
27331382
15242578
41894212
30285433
21762486
15327788
594305
15327955
2622040
4267613
40482702
3324503
6171902
9883586
1075153
4709565
30356084
159806
42324860
20212895
3078447
8533831
8567262
22772818
42167699
42645102
49553208
42648380
24681402
1180584
54228015
1750783
20418464
45604994
42290449
50711633
32705833
510435
11260754
291520
43996873
8130884
43151758
37921029
5998920
4845026
51141600
291177
605312
2924037
27724469
46908568
42194360
97386
42191048
46908520
46968022
42191292
42190936
42043951
42205296
11830200
25892923
303285
12595660
879091
3027316
50237
34216512
1682307
931697
464035
53886750
4233581
41465225
49552730
49553014
49553411
41934203
11803792
52180623
199891
43160602
32861796
5629956
2383472
1648095
34419083
42189153
6206047
50706297
8312573
4073417
23591673
168325
25730
22111715
42295360
33125798
34209181
42325761
50693683
42200879
10980254
52077792
1389241
755407
42288953
33193475
20685970
1468067
3897594
1719477
49673
28005829
42700804
37123691
41188523
2227270
18788309
48478475
44497956
27273818
44933931
14101540
50688895
50688828
27067838
715396
42657228
9486633
42400489
42408329
13261451
47519186
45362411
10755213
49543095
49544143
49542725
2782032
1562571
42776968
42794198
17691877
42913127
47369729
50635481
36234756
50635381
1786233
25523599
42681986
42683375
42688623
42688720
42700107
42688533
239613
206190
20696278
30472944
31586131
27291024
45583327
45576027
50646216
9129887
30712422
17911
9656852
20685950
26019338
4626990
9791521
13339753
8418906
52174052
1218263
31457175
58610607
32764723
14418501
46899077
14418410
14417128
49503151
401495
1232293
53446734
42058228
42047148
3038994
942926
58038
40493280
30821572
14935730
20993300
12812946
21004286
21007114
24090596
49514006
3218986
42725960
56237309
609895
221377
27122157
1762813
30270996
47404852
26149365
18451998
27093873
27094448
13956502
51633151
31275704
19597849
52058935
30535826
6113745
11816809
42662162
42662073
42661974
3389542
50647055
50646955
42297048
7204727
4857633
160897
55490084
34012054
32827721
8386185
51926239
41248674
51884040
51884504
51896601
10161625
51882890
41248510
51883200
69718
49542596
19675779
3823216
1220030
18571549
6598478
6481702
746501
50615071
38345891
2870348
11171952
49602980
45351796
9397348
45351942
45350664
26458375
1253944
12113489
24681279
632905
8170041
322223
35542070
1972352
31399885
11319965
48625085
56256408
50684389
50685016
55058514
10597370
42668772
21223192
49537574
49542345
10758294
20682664
4404486
43275915
3714036
42639559
7194897
50034665
20684532
20684738
2351829
42221507
42226266
20696535
36756529
3873
38567736
38786038
45576545
205928
10805668
50963513
25896110
40249422
26387495
8203795
3711238
8565577
12223888
1682385
192979
27103906
422814
29345507
29360871
51273814
6925976
28959239
1285379
442198
414791
11304677
25470890
441816
26768677
2215182
48782696
2384847
2432720
415650
51872837
51872623
51871761
51871507
970683
15951711
43966382
3741245
49766110
43394295
3277308
780464
2567983
6275675
453260
33846912
149068
34459162
1341031
13214157
1699232
60004
1670560
54436508
1194525
4082107
29197115
46873649
631621
41809172
402314
41492027
42812985
31727643
42045029
41493559
212838
8162983
42648123
15614
19271831
50669834
1647335
277539
38193308
2535342
21568533
38489925
42209165
15563960
42186537
42190822
3344125
30063294
362499
2137075
282726
51517860
32845161
14107759
42200660
50693969
13310651
10999588
50650721
50756318
50644991
50643664
20684680
7289543
173044
20309757
49203435
692825
27067711
46820759
46754301
17607221
20860863
46822464
25565442
7720196
19464594
25758106
14917624
16189300
21789840
31995279
29050243
53468480
36812265
51889344
25712569
5834754
275557
2473975
23878508
54025367
43058633
27858419
25265170
221765
31371505
4437034
24540370
27916102
19660725
31660461
2224595
31422528
23747839
9106687
14872743
27883423
27883428
54737690
27134637
24629336
54855068
43105248
54869660
17062051
16816749
3701774
15184828
40719218
46973816
3280250
1072388
46490009
35388251
2881178
438044
46236164
21109564
2209500
30865038
5862323
5773684
48065793
50628156
2147141
20495047
2164054
6242467
2219203
12034684
55668016
32111438
1715
48286905
2187789
17109829
57875928
2165136
57875164
1511656
21768723
12737036
50610398
613378
2747204
56102220
31992860
20493086
47344785
1472940
37091344
2163538
1102449
4040023
5931635
39956006
2233314
350781
7270356
47226531
40501464
35038552
20493186
4133257
2151701
30864330
3907600
18879957
1587363
1117461
2221387
20492957
20489359
20492975
20492893
50610234
654557
13003056
56230704
54553878
643888
42235481
4552353
35133977
49939948
48493399
20489001
523445
9643201
48228642
20505657
8533312
20489891
58379078
16250676
2140770
873854
12457406
19600891
2147622
6337482
39883975
38463445
394990
20489651
714475
693778
40072950
16955484
20495225
5571532
12443196
78388
419563
9198552
29645673
21149910
20909026
32585517
20492697
771275
32111866
41215228
33184333
14950599
1810438
1969038
37091792
34831050
8352053
46760152
738376
57261025
2317766
36838723
10799345
26006973
2011326
20494704
2202453
1885076
51190449
2183784
2397744
32583553
5689824
4730456
1468127
1831890
19599894
3525871
48435717
39712332
12647379
13271172
2198757
341374
1073135
3742171
45680223
10796988
3078638
193389
45127
5639315
5627262
2179726
2179721
2208151
4469040
794498
20489833
23839153
32637433
32584099
2163246
20495072
20505698
20505741
20505767
2215409
6818113
35103794
21087963
20505567
10087546
3458543
10124367
45349697
23267
24591029
4785584
55055039
20492532
8048272
30045074
2209550
2165292
39698312
48118920
20505717
20505796
19599703
32585726
2174435
2206745
622988
2147635
7913008
2165468
46689
56793420
10987680
491396
47862913
22288142
58509528
49952437
43402006
2186536
47069228
16369356
2317812
48254887
21614981
2167682
30864375
4784590
80756
30865056
2174563
2315053
2314879
80749
32576619
2183642
7276900
7276587
440284
29497455
39720221
49952367
2146808
5156104
2317859
8944750
29668333
48152020
56311184
35570205
36445946
12441121
34318279
6444690
21028464
21028875
26165165
4755728
4755533
3768165
4755844
4755687
7149010
21028984
4788888
2209638
43611601
24885169
20632317
3028558
946366
1172511
1759479
18208758
5032626
33083111
13987868
20057396
3624614
3258995
37312154
26294538
23860776
20547075
47666622
4242500
21617596
55179226
6547449
21032101
58263097
37441811
24717102
38965964
602580
48357958
18506848
46295865
23948765
46185426
38683527
4164737
48974304
23600635
55885618
54400788
24171250
36188318
19596252
16507093
36395738
39754435
49503857
31735430
51348609
43980733
47241423
55142443
36734550
56503559
13128462
23373396
18952120
1950010
356014
56012605
38371543
32613706
4914914
36585853
34079374
28012101
42238750
37250920
32893111
46221821
19714940
36852823
46975707
19252697
10544911
55091807
4212386
11530365
1994956
37775333
19252778
48497596
44212899
50020975
33353755
44244741
32030246
42407961
56012464
413646
46982607
34244829
2822702
39156789
39158060
48571147
219781
24979152
52516983
20152161
4457725
24533608
55714265
3839840
4430658
33699957
56119666
4027752
35931789
22833986
51359858
265020
41748485
3473392
33497693
19715148
46641391
58066469
47809453
26580975
18508378
9927094
17141343
7573586
57530783
13301207
50828604
13084372
34384547
50828735
2652453
2238525
40274359
1035944
1883941
24178042
46685648
36547952
12514715
35119358
31522101
51271157
36415731
36415635
12515025
29160860
6181343
2309942
6831285
6122323
55673017
24178810
24136021
24165085
24176953
24159428
24159085
24165545
24579010
43542344
42386786
12823652
34890526
12524448
12515360
25419789
46336149
36721458
20138741
979820
19943948
8581485
12924769
12802770
17521097
237564
36472415
41525748
28795794
20141291
47567129
38469386
6922636
12924715
24178417
20610697
12983458
17707571
39760506
8581428
35755557
20693829
20679556
12983384
14413505
13903895
14938363
14026249
21958561
12546366
24158714
23905279
42722932
12996117
36541203
217512
39638606
18770900
46957348
12969487
8454154
12802617
12496562
14118655
32128256
5989165
20143598
28371435
7552378
39483903
36423618
53868447
12889858
3173411
12983347
542683
36631397
32818078
29404908
2497468
14832728
36415980
2655341
31805864
483595
26854025
36672568
27727794
24092770
24337463
24348128
17004224
39890996
42774636
10786621
5132098
5822940
2744000
58518229
55095584
50704365
5086954
47096663
33312575
35732799
17743136
2829084
36078060
35194734
42024167
23728791
7544986
772790
42033574
49003943
165508
42888014
36891854
32830909
41765482
42881100
11210987
51222796
48988031
10927746
40476235
4136810
48988611
28254569
17941331
34137023
48988302
32174688
5053576
595687
14032637
1494415
30233910
35635610
53757975
49928972
9560350
15163784
48978076
40213460
49004359
8809266
1262822
1445875
26559141
4660
52077557
13621641
4788213
821639
15927633
8983530
1427266
7127871
12005107
9388721
4375189
25034010
8171812
28733806
44779159
11448158
1144559
959813
3021414
41815907
19748100
8612408
189733
1267422
58856382
1138412
910103
30636883
41037297
44316010
2560711
46546931
4379124
10147775
52421933
1100275
22456058
2934449
2075177
14913781
12785745
20402310
44353742
44373636
7144511
7349018
20485374
10618888
28690885
11967865
10042333
1419505
16496024
5746289
44364034
35831451
21962923
7266725
16774154
33289971
44362590
23791148
160275
21986876
21483373
905177
34226153
14934185
22089147
22089033
30180844
18992528
22089239
23954116
22747652
41280590
9599082
4276918
28682862
2074969
17061802
14049965
3190123
44324766
33953333
57447991
7073917
7346262
57069683
50820292
4683531
56153657
22089515
19403530
13479125
20584883
11039387
14603802
8663371
1165332
5732089
8397908
5598396
10957
12347945
14940593
7631588
10593860
58632
30746439
58087140
32515072
34465285
56049790
28003496
41787383
4198908
38009496
30871628
4105689
21364212
55168870
8889444
30863856
56427717
17719095
49424003
17265198
197866
23475401
3557765
615942
1133400
54008789
10511504
31445986
43521468
35024382
36763466
41826725
9332582
30418135
31090843
7328321
38866695
56079268
39722320
10243294
35808779
32274332
5912327
7286038
50993795
2321663
38082845
7895953
38261703
28243607
29213255
37492984
53046782
6085540
59051210
56830160
1968969
4363198
4363115
20720247
54578790
49074418
21542882
8639309
4138799
1379789
4608177
25625847
5204358
52213733
2056713
7093738
43143352
3194916
47487143
11077447
51735018
37945822
34225015
8351175
30871609
48505183
45236104
24394364
4171218
22587601
26525702
31777537
19997470
16472971
49019537
31129254
55991242
56808770
40463889
47914260
2148178
3963823
51858384
22355920
11017085
28779030
50913025
57846900
42781178
56863644
4942514
13773293
25079105
7219165
2404103
7296107
58824233
17208487
14532060
6762720
2634371
32574234
53272724
40902690
20124241
2206710
1368905
4509433
204281
31969393
25306666
15161242
55226083
3795672
25077402
56819354
5723860
39497451
4151469
8891721
7245608
38101891
20794951
1158886
22270367
1381690
37986926
38773200
6624990
45670040
57254091
36400568
56116819
11625682
13433761
12808956
30477238
24717823
2130532
36214001
53186323
21271645
11236362
22637724
420482
5936815
58573748
25535436
18947727
7135455
4473328
11353578
24229426
27172784
6517989
24481771
21941801
7354736
6186548
39713487
51179720
32652755
2174850
7399599
52978945
4965890
13743856
9015175
3102363
6823435
476208
53067697
8824378
8824393
28964124
225620
13060494
28670719
5744389
46581705
42962155
15998373
53764300
7742420
10511285
7028731
19815163
45303862
52167608
47454445
1853314
26676930
56948734
47343862
29760016
5919248
1235112
7155626
4264441
34817717
51846832
40955913
30051175
20721263
6928460
19639305
58837927
22913228
5075969
50882861
41383877
51985518
4032860
4642259
55948273
44973705
39791773
54025673
56567599
48314885
35407241
43118282
56352314
8255460
40496253
6762677
5894737
42264879
5356703
44404874
1073676
3911819
42781434
953207
4746661
39635644
27302604
42708725
8268590
603992
43558253
12272331
52186380
42912374
57327053
48126309
359534
12398210
15021169
6594443
57305046
58303541
40766894
7593093
39160668
2714931
2034426
14304400
53423098
40426191
33244621
46676441
4141999
9122761
8488061
4431051
34610548
28165213
8171450
4507561
9824028
22668056
529681
20281880
11036176
49423692
41078746
19864047
52225799
14556275
36372143
980748
8343391
6415982
37455736
5559503
4157829
8104366
48791878
9986758
18158188
42991384
40698188
56676366
9103875
15327493
56871247
31014685
11981931
5959110
55947547
57274763
1848736
1968982
28757559
408328
49130837
39542166
34921634
19106052
7804613
27946053
31593913
2632438
3327589
9751237
5781632
58984633
4138912
23601187
56744904
4138866
58073441
14641688
2420448
35235736
58073247
35907864
47484689
4576793
55539842
52264268
44609296
53792301
28357883
402850
12094657
39624008
9516820
2733859
42597381
3636242
3939521
22056975
2175787
18698226
1286023
2049408
46956247
43912724
2316863
23611264
19451202
49710872
7125375
9206154
4560096
1548541
6166983
6451180
1506200
1049952
40230866
20720122
43222975
7658688
48222389
38954222
2597453
54397164
50780953
25916366
20300260
27100930
56969462
873083
455033
48159524
31763824
55877494
5417913
20616975
7186233
7044236
12112157
48397555
18265950
57188165
8348889
27227412
58515787
22912617
55851231
57906100
7737873
13913538
9483830
5644372
9045419
9249751
52137770
847605
12747621
13758619
7793908
14590246
6054629
43094206
354295
12094474
48788057
46528832
8653960
39701658
6311824
1933148
48541720
56921319
57447530
36816331
7203158
665443
4224262
33051700
56194359
4744646
47320997
29446635
53757081
384368
27506083
31033347
11740536
6066900
58980160
14651256
31001542
5775373
21403169
45608903
13294122
14881471
558698
55974398
466960
35941677
31183283
946522
46260008
22283543
2634790
37491848
850029
2617733
24366068
7347566
1817350
52897711
8204403
44942376
2967487
7000117
31571416
32972442
46758004
27280929
52783288
9007827
24002209
35991166
46978202
34877776
2153003
13618130
1467975
246089
308460
18311590
422504
216409
19666370
11415679
33554331
20936715
52668305
10370179
39775920
13281388
9569950
4500602
27177347
39171045
3790440
56085741
30367684
5972554
8452190
48409366
10333145
15670177
3430097
11798840
1975578
3326531
22739064
9038320
52650652
35735922
7982087
1054780
8095757
36739388
40167145
48336588
7953451
25989728
5930809
17560900
13430806
28464843
6153409
4921139
58739967
15466561
53504241
15669970
12216846
15670244
24008332
15913774
400511
3437694
33911264
1613816
20678492
29616380
38419758
37778983
20053693
28189976
53928178
40114105
2807356
5576177
38307891
27988059
556682
38721976
8127304
11048955
2197647
16389260
20218484
29533063
2885108
15842518
26658416
39472264
16071862
9018189
329046
24247560
54350198
26884997
42097927
26839871
20591435
40402091
14909352
26536750
26920359
46663051
1869512
11291729
56805953
40203744
55287917
2418845
42317255
54156618
36687291
953069
24740301
19888069
23296715
1231238
41171436
57003600
53889857
14244763
1094681
51874593
29618034
31144188
26379719
47544530
40273070
2882948
49420263
18780868
2838012
22707937
48406172
10740451
50963832
4585226
48500580
33697891
35749115
49369918
5472626
6377124
32305025
48066356
23072030
642900
28148242
2887539
42318326
3848767
755875
5530037
44057210
8685028
33332707
7245722
51188952
10763802
7187012
5460674
12395759
2995608
5445076
41757415
53552077
44630549
5474010
18536837
58265231
46511415
53998106
47681567
18600876
55610729
55615461
55610712
41811914
49444897
45504869
44454979
17937246
24767557
9029156
5147166
732991
48943913
24743220
30143231
8339953
45010815
24767201
23028716
393808
48732746
595541
19341074
20143549
29997986
42805696
12495823
36540597
36479211
13737771
12485027
28881456
10996168
28743796
50751753
293377
31035548
12499397
7885028
1436801
25549548
13642999
27827652
36638198
12377893
23029390
27827889
37801088
21308751
34064274
43597764
30777689
17761673
43089105
33675240
29998936
33591013
28368709
53084239
9321789
1918902
53729952
33143621
46211237
31003283
3693483
57701
39726577
482063
47763634
35400830
46682203
48043816
58749581
1482700
35066925
14453997
2935018
27718422
13935375
48004200
28150912
24797286
48025384
6507279
4091067
58658132
47174885
46639420
55002905
1465093
21144620
53912914
44805449
18618405
40756391
48005971
482061
5338204
18348745
32940197
9099328
9109946
47684887
27366219
21314664
3551143
39759642
32928436
15855628
8576585
1549187
5352687
8963492
54200024
54203540
369186
8371082
7450273
16719732
5657675
335085
24812791
5118482
5118407
237576
27648786
15455819
512006
39977970
39986920
32944392
25868037
17751902
5136322
5424433
51386753
1966212
39505944
18307757
975355
22522909
4792796
25505404
6634947
30063652
28892913
3871122
25432756
41815428
18050363
23738156
21573879
469017
779250
19855148
29060985
2394522
6740608
24542377
30447321
41311261
27148826
30251694
1224886
2354661
5939764
3180998
29115349
33505074
26533538
4870351
5166662
14009762
40697132
47701707
11076026
46400903
18678603
46453088
3504677
47808097
5451794
5452014
42995767
23117397
41321772
1135556
1745440
1353497
5639491
25495940
12522097
673447
11300568
1591307
5982006
5372379
42565242
47230541
41349153
1135534
5301080
7026293
113479
5248315
11835034
6869381
5209552
5406590
8730337
6595260
33864404
40716141
40815116
40820038
5730372
30940437
9633001
20728603
4628436
23616671
46457571
7763905
1185786
325460
1928342
31224815
38861924
40382119
4675639
9121927
32920946
42694039
9987942
39882
1560984
19140181
3415151
5331536
414473
1244900
7274946
39993339
10504040
17752048
26835574
7291289
25016136
29133033
53150161
1480511
3208056
13802688
39781866
14700859
24824215
13034782
2437588
2500786
22974142
44140987
39781673
2183235
55282340
3488491
2278424
348365
9403104
19112237
39780920
5203206
39781027
41881289
39782057
45232049
49546746
39780848
44140884
34719076
834604
293847
23909465
158664
20234349
2054639
39781507
15771524
37313
39781730
22301687
1875958
2062912
42377590
6735808
23507776
2375602
5639866
40551564
2177237
49382143
23976347
3401233
14834801
1348316
3515169
2105885
3439457
27827111
2617984
26985541
37680923
15511806
12894050
27596120
578536
1843227
8579202
1031691
774373
483936
47086824
1287448
55771653
44080113
771284
13376108
9800419
975954
417192
3776906
520474
3315836
16018937
972775
973358
1428614
4179521
2450993
49492916
57925678
55847740
15246385
12414302
57940115
15582747
11488096
5214004
58889923
16942835
7956642
55273520
50126000
12414304
33832081
58001421
12938012
18241504
43091007
12924994
21164167
13441581
17365509
7965669
53771738
2911677
57171063
303505
2653267
4168989
21437413
18295724
17601986
15138719
569778
310547
55438178
33091
31024375
18309314
17138853
1035130
26212954
25037668
42215994
31579026
41024066
44628540
16069272
1894064
55194689
47495444
53250500
54024669
4079854
153025
9935903
25817862
21309090
45649428
33244230
36586489
40828061
54516135
22651652
38365236
43979179
1950892
21323602
40358870
49180635
24569386
1646599
2030
1738916
13655932
410278
20128310
42707393
802830
40310312
38347505
40350130
17598077
42315287
20259500
8174029
58000525
40246785
24922788
32295690
1492649
18865247
13797740
40346903
44982555
5789782
28787662
853294
1658421
27508287
58154265
410293
622772
21049271
42184761
4420155
965588
11845912
33787293
44476662
11874694
12222567
11791078
949745
10384832
28063999
964746
3942356
36612183
10349812
11190165
11057843
30294790
13273774
8031367
8200703
1223460
17703005
386473
49078904
57317746
12090076
10502929
32137851
9269783
10977842
14050766
20198066
49625622
33287632
50973349
28064125
22298173
45665204
12297353
12125176
735397
36148978
28064174
19714717
24448624
28064053
22695435
22695466
8329795
11314403
23616237
19609290
20764368
3942262
57232082
12045297
23615743
37775326
25446206
12156291
19466933
33702940
24018220
23267699
52199525
12679555
28064200
24235076
21183863
19445822
38488967
300200
28064221
647880
22695407
8319391
19123969
4659677
26546
6150466
24235218
9626467
41557179
10347794
2390069
11319947
25280647
43815434
51318499
8836807
8716875
15573092
7897231
20198595
1459659
340963
8330041
11762787
53826504
14481295
11670246
40096464
4419161
15467317
12423224
2881513
22004989
23052041
1596785
23949136
6427285
12680796
18946743
3935133
20197024
33123950
22464031
28064016
4419731
25192824
20210447
56909395
27730935
22442737
10550737
25192881
28064027
8330199
11659866
29908332
22695606
11471723
28064143
22695551
28230387
10380240
12715275
2104249
6153813
10402068
3934866
19064315
36148068
25033794
725274
1958626
1586695
4276999
2224761
22026016
23603919
438085
10585014
50621003
51238046
35741772
35171252
42352882
699370
58630054
1299749
8590200
14444888
1692735
11509007
46561601
11370576
22646716
2246791
2125676
10738190
21340078
49062189
22770456
3333210
8898369
23596831
47320514
8297624
36628612
31135458
50534672
56935539
45188036
21318126
23209955
7933909
42978022
13823313
43725786
41922007
25234732
11490386
10705099
9064776
53047783
14579681
3289778
46596672
22325514
21954708
57639660
4846943
14648719
37205890
58047468
49392449
41841857
46408643
4816278
1615295
22003297
40022208
2525278
2879566
160575
3180279
38958770
40437634
533062
46868016
7681518
14735729
8580874
13497354
22125743
23880530
27571474
2781957
2468847
4542338
24891917
995020
19148918
16825773
46349131
46561338
13327607
47570054
2809848
51550559
55727362
10007963
16574659
2657614
48343234
55245901
18926387
50059417
56951301
4281962
56291903
25825437
26370144
394988
747500
22528972
2606053
27906111
339185
19781012
23113500
2253571
4179844
5290573
28687670
13366413
3198955
22696918
47111113
36396327
3437391
33106199
28281572
2541433
54218833
2744201
4233705
5083177
27707136
13300730
28355893
46561806
1429572
13361497
12846503
28339159
1941596
18806353
32090391
42318001
54801504
48191414
8727900
47345151
33975663
5872956
33742263
37972233
47958969
41750327
3242563
10819396
24954870
4303629
4777373
5318965
25206130
53534990
23170807
38279696
45611280
58710527
4451730
41239421
22801932
18845489
4692945
57967116
962197
51270329
2778300
37778274
12839607
8312697
46457711
467808
4660436
1785088
39495652
26913232
659323
3233925
58657489
48508297
38880889
18402651
2110890
25642441
10509745
1518757
51322208
19068686
8131655
1445859
1267217
41143773
3419188
22494563
32339373
17040536
12579987
11114323
53962384
45042563
16581
18402883
7688114
11607931
889163
12936336
25503693
905397
58147756
8893862
2485379
48987382
46561446
5595970
33637351
313937
22323761
47435169
9478355
2081771
6128191
24472402
5482282
6124029
3242903
33968752
26098418
15611435
3630107
12966678
22765270
33491633
268869
55296465
46502603
47154853
19149722
19175158
18346109
55458887
31750171
2273873
48410153
42735027
16988355
13644146
40639070
1946902
825178
285275
50113016
11522696
44609596
9110908
33094885
8919363
45619886
45621264
45619516
30404372
202367
45619002
45619277
45619143
57711090
14914295
55638789
23867575
12804715
55862552
6218705
55179092
24807458
13306808
37539921
2300559
23727321
5045232
946141
23688619
8723856
33900
52421837
49070300
23749440
23704672
19737267
6265958
10127258
57189575
40809071
266055
53932294
2107354
2511530
23688244
25895200
666557
41850993
47914185
45283223
54037623
2298575
3520008
5599808
20947104
12135645
29219105
54957985
5300190
1095710
33505218
19493240
58769
11162695
232088
33007680
29167788
12006520
40950461
41622105
40775126
22474644
10651368
12488547
54395344
56288394
1977969
244943
2524436
37053230
53455186
26164614
36527404
46726677
1477233
36539043
54105366
13233280
2322834
23724776
507930
11828561
45621895
42442344
1717464
7952693
58351056
50921827
52114511
58660463
47719805
1919404
717096
5913505
1385262
49644245
2255873
20830510
6275187
1206602
14942852
50882746
58097238
50883125
29871453
5294840
52308346
47358910
55051421
56351822
1643871
22267745
37053627
1014857
47189807
8309760
55220947
35369448
46192238
38333522
18580005
17932602
5699221
1164505
264633
50678805
56528947
1257881
52100520
47448383
36092940
13433058
14885027
3368718
51073091
58729680
46736182
11454320
25829584
5576510
28376156
49168092
3742035
44522535
9273665
14116061
56272109
49027288
55966901
46469582
48797504
58869503
56786953
51252927
11702898
3911984
1526190
44053077
56396657
24816452
11566423
801902
48813351
1713457
23702721
49656586
3168128
48298342
6291130
577176
18441210
723618
16288446
19815302
22448640
42444234
48701418
31668081
418634
1008142
4980271
3647456
55663263
37843023
53278932
4540744
13526795
39277229
58138994
58658777
54828808
38035338
5356234
1935621
4397127
31168703
41634416
48683753
18723430
27068992
33146898
17162309
2977410
3176575
55924284
29388923
12565240
5354547
15843533
22128334
47359702
52928358
54855155
23615652
11327291
29996655
90008
253754
9347351
251484
10991589
2979275
3472964
31204548
4167079
34711665
57722130
57721187
8080880
2152188
46543579
57741002
51786648
69801
322537
8215189
8100629
22333849
564617
57116044
531906
52724
2776724
41317440
3546657
3459182
18438688
3595429
7200717
23701184
1547571
21234742
3930749
18736782
35134583
38485061
2203565
49011524
24909471
1179391
3217809
41630376
170699
56194279
1078969
1275562
1432964
10438582
9441280
52139123
3936783
24909449
55782503
11673361
24885644
14534074
2429851
58387189
24885758
4250179
43962069
1697523
2304224
47560043
13088608
11659537
29271731
11641656
14447375
26406481
24366899
470342
55897738
44733335
1538017
27539140
53680297
5736132
48338748
48304741
828381
13322481
2254447
13289665
33299056
42656708
7129028
25942980
2763779
39524069
13428192
13165650
23635010
768938
46173011
41211246
54197931
52992418
32617092
32635337
531630
54967516
283871
9231241
26372190
14631810
14654272
43597253
1335730
32781030
17229496
49410355
1140170
32726330
36624736
32513627
3758554
48277368
12820503
56631729
42351633
36500743
40900469
13246290
4904352
2363203
595750
55413491
18131513
330821
18131517
27715608
27971561
1082465
442949
48621406
31655860
52985941
5479086
28806034
14370581
2490375
34298340
39439265
38075237
5706618
44828804
1916692
2232012
1295508
35037144
9847218
322831
43911206
24940071
5706627
321954
7106122
34599565
2888901
19286252
1901116
13609806
30489925
11172905
317815
26751186
2722394
51014309
28778080
8867922
53451219
5478853
52314792
23326613
3056471
43282542
51750562
25649488
55766488
32130521
52821379
25226909
46606873
2478270
25585717
2478375
4186679
39239872
3534530
22368153
58357
33631764
31571922
30242752
526549
36626499
43482613
34388453
27034367
21078261
11456964
577126
55176396
58435258
3851253
34909585
29125601
42691892
15098968
11280033
17145310
45263876
772408
4852244
30371556
10074048
50462632
12130612
22728072
50334899
11270639
10076356
1368584
1701870
2286044
14789463
3936540
13660506
10814721
8454325
3028444
8370799
15248880
5946292
7483370
4935329
8520699
8584769
12246701
13681178
30657971
15413556
46968467
509168
9485579
32157301
2807753
3629164
19570009
42859879
13418625
8687969
40018022
8741655
7696527
16559664
27918358
8312901
3547823
42416291
11270291
11270060
17288171
3277020
34906164
1332319
2288517
51431526
15295994
8565919
11607269
8121659
3874238
9324550
2807166
11278919
41364590
48749058
43716855
10017413
11205212
18413685
10076247
10143403
10075806
16352378
934759
10075462
15397183
7287691
5303111
42409190
3275122
278771
2679766
10075717
6328637
1870568
44241419
8656358
27377916
8066294
8438322
8858665
528511
8544394
23157318
6772679
2577502
25229783
7880724
11588910
50427567
8066438
4425025
6012101
47125743
3072868
11568048
4390279
8876526
8875439
8369130
11327358
8975426
3084377
8716920
12197024
15419777
10791853
32240071
15768275
22754500
47926644
34905721
11323543
3240673
5616328
15097332
8583363
8566446
8743478
10076815
9641289
11270523
8629351
18102528
13953009
11157521
11279190
44149636
11082630
42691950
44139646
41449030
13460959
12207607
43563705
4914326
10038622
726344
11277210
43968342
54385246
10205201
159786
8582939
21021360
21421788
11276972
3538440
52568491
9768613
7775913
10854979
11694403
2945257
8302709
11150730
25278310
710504
10684810
8441253
10664481
3073068
44933523
2282762
1301518
10518937
764217
331154
17661060
1520490
16760778
4061198
16135285
10303475
12252376
38953902
1702094
5310858
10778662
18018301
1331731
8066531
11645403
5937465
9674596
10518667
6304441
2878426
790074
2527088
30858971
40949603
5880965
385879
8440780
7016113
17256974
11204266
10779228
14067732
12169603
3957494
11336058
2286011
11306557
2250848
949579
2895158
3072800
6130984
10684120
3568809
8434000
8200456
11276753
89265
41241163
42416318
11204465
15638021
8349861
3073373
3073489
1554698
3275065
10473545
41549898
8721819
11336254
3044729
10493886
29611000
3547734
3040782
8371350
8066718
8689978
8372778
11336508
8852169
4159970
8641298
10039123
11304795
8066625
2214690
8687645
3418031
10093336
11277096
491662
858285
7622770
42479857
5811912
15879418
8583788
18146140
14369200
12193791
22734172
11286695
30873747
16352233
11305043
2863890
10684401
14983834
10159582
15524165
144743
1711825
38954452
10543226
38934234
1737961
53495696
438655
42584026
23718783
218667
7757081
1291402
1748073
19011580
102383
2541028
24820174
420766
38479371
1709254
3295235
52379828
38563903
38547923
56672063
4690662
4690566
25854577
53327427
53310274
2397085
28444191
1263961
196925
53453809
47340267
45700116
3427081
38539503
42401453
52093145
3632399
15740906
610889
2156886
52961609
52738169
49494732
2740736
53474624
37847656
40902598
22785563
43931541
39575070
1928564
31259866
29039867
31611394
1470063
37529175
10698819
53767663
19218410
31242685
34014317
9600761
26828418
769883
10345725
2534585
36257698
40354741
2923650
21001510
9899328
52419557
54280856
53740575
54280194
56285226
53750813
53625228
54279457
56285810
53705726
41554230
413244
27916661
32477850
21680851
2534573
11729964
57727402
25825993
25840026
40636353
11628115
57219408
43095802
40661520
8111181
26191676
205427
42978479
40137463
10664358
14225790
30168213
31774990
2406952
3440129
58752432
54278970
26192092
3459805
2957069
10749559
55139494
3096344
2416131
55874079
15449285
54958809
5545900
35124254
35321356
13537827
1225542
4243394
48492824
22830140
58176941
14277583
24081774
39355738
6156295
57724796
45607969
353066
46939982
80020
9882292
56871966
31523520
57641664
42596617
11466
767287
30179933
19554473
8293933
15167173
1307622
28251854
48961761
15681738
1776070
1452234
8399339
1187590
40440200
6058423
7178447
1776285
26810878
1830058
960335
3597070
512734
58558572
26893506
41030947
40938720
14317325
25174422
28062151
21068204
2430780
22933238
12787249
1768970
15164239
15164566
48781968
1776241
33614253
44728282
31897185
55771780
22508525
59053400
43963547
45303330
55978691
4191432
44254910
3685178
31917040
41521834
54888524
55693754
58994470
49764013
58134318
46317505
56850870
35739341
45260873
22713342
44913775
55584565
50844107
45221837
25844528
56027822
42575640
50501557
42211516
50346534
23398964
44235537
42370568
44728252
42160013
44207899
50962171
58167856
26540860
25234646
56230060
49723245
23793881
42212547
42217390
55726295
50797470
31915681
49748721
4148141
25321945
49722565
31204022
50636595
22508412
56199192
44728427
55821228
44846999
19333761
42185510
31914545
37492909
49778945
45229750
26857926
49765966
54905336
37512138
55683511
44637130
31963828
5227630
1791278
31919294
59067199
55746312
58111709
43116318
36739051
55898553
55936243
49478804
58445738
45314673
58666794
54348902
42781484
31927539
49032854
55795370
50781008
55805817
22508556
36746170
58101696
56866356
55773873
55839969
54359902
55683899
54542633
49746921
22508744
393820
13995254
59021311
23209843
31917125
44728351
3616317
32688786
42145527
45457136
43782959
50780707
43773045
24598800
24596885
58810862
48127775
58000018
41999043
45560078
45700022
31970736
56167551
36875035
43027753
58138266
43770660
45288042
50767900
55857114
56545239
25840908
44542216
36208497
48362512
13656438
49229673
58126583
11262247
1913219
53287429
48684986
46391151
5139114
11313192
24125546
24747742
36634075
58071282
2960829
46632536
1668399
18875923
26101187
47023846
26106383
11640587
552919
51754959
49974450
53718284
948212
44991468
42935261
41933804
4481901
6078124
41933703
49462451
42146317
8590189
11439446
2459535
11391817
6320523
1138401
43781585
57585258
14270466
8725021
35864936
51885489
1222313
708039
50127407
1200969
50225094
1222324
44455607
3123351
40618208
56942058
47602268
8777612
1779960
1420939
33820823
8706458
30796078
52158674
49066671
6023222
24646806
8723795
7413094
29003553
7205345
28670879
1245965
38988253
11873013
34394925
14302139
1792723
35786969
48248666
32941339
3141305
14126389
36588025
1758669
38023445
1308900
26604420
26666123
1308895
33316048
58397306
7398474
19973096
18623507
43337102
13290023
6895977
43453378
1127442
31681832
2145106
31541316
5227476
25250167
47618711
43516060
31657034
31673979
36684084
36216947
3965234
52874221
31672385
40007396
38827068
49596632
39341554
21241215
52311710
517146
56747625
42368611
2174681
47796790
32721308
42070676
49530244
9480255
41986973
2760505
39969668
22211997
6488426
4660378
36869053
22619837
36802379
16063782
42815177
8484771
17241125
45378449
27509417
36593415
45654
41232548
4299810
7203751
36823648
12962745
265868
5089139
334672
5973992
8607003
9647246
27756629
40833311
6313773
42761351
55530382
35504886
12805906
14190232
31774293
48305825
58499512
36003645
10720506
49544622
26515077
38029097
22702262
45201335
20177697
44216077
28093269
38944238
2250207
3964546
1927501
8635454
1224343
51493547
4069931
51196905
49262227
36222467
54695114
8386420
28072178
13912974
316640
1303044
761800
3007865
40417849
53439696
3964440
8966193
42051141
48306114
48274043
27760887
16892818
31781907
58615140
26173994
45653932
53521461
23454575
1440532
40635625
38951911
1154896
39728907
48569325
36831527
36848101
36982304
29743207
1280630
46829160
36093123
50917681
47330658
18927137
38448593
40635762
33992296
3369198
35889118
4080673
385673
35180002
44504840
36718770
36573854
13091193
42243856
51362353
51574914
5056738
26744304
50742498
25564137
49919734
56539146
35445262
48405770
3221633
37486661
50652501
13444260
10152552
3786350
2839683
41340188
8349511
50883577
41057229
19024099
1430929
21826735
41229682
1308990
4510433
47770172
10721887
5412229
43591819
1438069
47658998
53459
796021
50729916
2423622
38337615
43037904
1117876
1308973
38675073
50605834
34924186
5402758
12363749
4424504
14091317
3216912
2148881
509800
49609647
297314
48276801
48872154
14175879
3262366
43126564
47287329
9666124
2351585
46827009
44121640
22383851
8566503
58198847
34759896
22832797
2502192
23786113
40563824
24203790
31251727
31383033
1704980
50898566
222789
29204292
3654927
46290784
25189380
11868555
45437599
29963042
35795868
24627014
3616691
33636491
40510627
36173340
42512786
47769825
15736351
24256048
32078998
9720513
5648612
46702689
46579459
50014425
46702695
14174416
2578732
23969160
2713208
318375
50518813
34263011
42068
41255129
4538235
41677358
25111516
61838
3067786
23703117
444222
3786593
36161475
40635875
24673464
36105361
13696994
3605875
58111576
48503532
50607583
2582061
47936788
24267066
5157540
7071487
44137374
57661999
58109263
57662853
51390332
29029915
49503316
38594363
4206139
25591459
32850948
20157936
6318946
30862715
45348059
51676240
46495926
3238184
36113749
45554272
35996650
46374143
56283896
7777409
46245256
5100449
36133636
56151609
960447
2033864
10400647
1038594
10553150
2912427
40340681
29536084
40868380
39305722
46499725
3072403
5719598
37217978
9615288
51584551
34568713
45458950
2856086
48148595
43506257
2520893
37734341
3145350
4348291
3795755
23695480
51518394
4376272
45385036
46495375
4327974
6356469
29068625
20988512
581612
951386
7074099
13582093
19441368
33399038
38922809
7438780
49202262
35887883
36821450
45533292
11920173
5445595
2869534
7333333
53441568
31475488
10608307
21904461
3944434
555333
10787245
3802200
4747393
48306499
36612361
54810804
53382594
423745
48269665
8615569
4073836
35276823
18383870
39018405
39078254
39079320
50137066
27776866
49296788
39848160
40100620
36400663
46962860
53001446
53514700
6677360
48249429
44355390
4426930
6458989
51057640
2247666
12397215
51605860
42707008
40352209
13804753
5784055
2566728
1504092
5139545
41304452
1104242
1673653
40065113
1205912
35502065
28165549
5124192
41703299
38649172
45414423
20988965
44188505
3630339
37839352
9183561
29561151
10249181
23074407
3072505
3191732
29346058
56645930
22139767
34429605
1258683
26110052
49901787
53390697
58111331
51249354
41556999
8855787
4851597
15701394
4565750
2524870
2196608
13339322
17593716
2651925
16046806
28609
3884043
20080415
147448
7462697
37309876
38574747
23836461
13978506
17534110
43396883
3840349
15982890
49645237
19592648
18714732
1532065
18707058
12978851
233038
22563115
4349707
7471019
29715669
15478918
12917346
17863165
4413608
11403089
35235815
13998686
24436260
21106652
10419736
52580106
39897721
43853437
16982434
15114616
30276128
47870163
28074790
27044348
1123921
21596201
12980119
7097375
17823647
3045064
43747238
38231064
12977487
18171909
303137
1117558
12847761
28310484
14119838
48502911
36585704
3499950
2314340
49101147
34844065
152827
197082
22588443
11970676
22588041
22589850
25722142
22728705
22613717
39512776
22574864
22599854
5526841
22586896
22604689
51667930
22589520
22587521
10870829
1559725
19308641
44025464
52701715
195545
8158976
26329884
13397239
36052053
28744866
31071887
54636085
326716
42713813
27901874
28155178
27747433
330809
45539907
39952604
27784276
42811378
42811454
37803932
1304868
11442998
2410466
6782447
25172257
24354733
13654338
23806164
14387023
2305249
41967596
22421844
12584456
22864782
42526675
56645825
50212932
41691316
3968840
55485741
48397797
31178290
18221902
30383759
681745
51020243
51020222
35760457
15791228
15811000
15960296
42415006
5864924
850645
43147579
26486447
26697953
9711003
53986027
53959470
9495461
15832996
50966262
5419727
52295546
27090149
52247172
3217288
23023047
56529501
29397002
56581005
41271400
56824143
49596771
43107376
13558797
20460821
57099410
30402738
17166837
42938644
1022793
42763468
670512
53322907
790209
9983367
47433016
46868619
4720471
43081042
3348747
1923742
50980896
44673192
18132433
42346637
57217628
12942479
12285346
27951338
6819705
20292991
20888729
37609556
41971260
22138295
50918174
3236974
16101525
18170425
18756988
18691549
53986873
14194596
35303008
46394942
21446587
10456309
51256883
2331929
14152725
34298030
692584
769877
3414187
50725884
1072035
17534339
3260852
9332431
850704
9477825
361817
37652659
52273582
803643
824781
11647958
14131
14497981
9556285
42056585
39556961
4877391
31562950
57817508
56557727
33043558
12812986
57225287
30113082
57836391
35002269
25153929
55739064
584630
33421118
31334326
26429703
29535434
31331945
26798590
14285438
14285137
35726072
4099323
10603184
35548804
29628859
29071372
173380
35580513
35548540
28277593
9757385
32116823
56561036
56874433
17544274
4259065
14116850
53701685
58241729
53724126
35949319
46636745
26798165
32669799
29423603
2504364
41256978
17920162
51258883
58479704
3191598
35765447
54335622
58478646
26798121
18942562
56436372
35001881
31332009
33154613
31331880
31331819
26000229
35527699
26314853
34890617
32479227
54513013
2500049
1910192
55655813
57792353
56555845
35366235
26000668
5999613
4260746
58831830
27875771
21118886
56610655
35547925
27103023
31632630
35725466
48988623
35538365
4260499
48581175
5758417
26798812
26588302
25822601
21313355
57231305
35548275
4423646
328642
1070304
19209991
45099731
4104673
1364661
37564759
45363589
24629526
7473605
18153607
36294987
2623355
13191809
6785089
249748
1527061
2004634
3658843
1918117
2688431
1198557
912635
953332
40679892
1171456
701574
42721319
18270537
4041909
6688136
1973147
2945953
876495
14690695
417785
1428450
1544739
14256869
1527637
1930729
12739766
22570683
15609313
41851078
1154606
1009110
29636499
9379686
3384304
3961600
43460189
4674470
3332192
10970116
14911915
9251806
2180249
1195058
948370
2678818
897279
14604822
2044450
1270616
1611040
58293635
25691259
6567898
1610186
11672359
9757498
58597443
22537165
44414221
43581728
5460062
25531773
1912671
46322569
50797323
30980571
3790338
5486122
8336752
54736492
3582304
4598407
1597197
46452300
12940433
10527597
19944298
701849
24838077
49156187
52886213
7250666
42695645
6900330
18956658
173434
252532
47559740
18956051
298124
44546316
44617943
44629238
14208980
4646458
45709294
17856890
828102
11605882
962508
1861611
18932243
34818467
2829021
17983352
1447436
1138676
13014120
12760221
152830
3067849
57579132
301361
18235660
263260
33139691
36495839
24700040
41088748
29660781
2472686
34192988
52018553
18670766
1347693
166325
6874129
41088766
6909372
18941430
24114807
44893658
45140480
41850118
8247115
27754385
192437
41644866
1029172
33796083
31721011
40946836
54527985
47502577
28864341
28486047
46372898
39344587
21994360
6761214
27714898
29423540
8318250
27970751
6830738
28046812
27807545
27808138
27734227
6314370
27808690
29064622
3814998
29413110
27806324
27978503
7013114
7013184
27807266
27981780
27723805
27971940
7628943
27982368
44987417
29091096
27807404
27756846
7103142
29064464
27913429
31389137
29413223
4464239
3309422
24522940
50615597
28875523
24526983
4464191
27981719
40307724
1255567
28062429
47725911
19679584
18713677
4622554
6548181
27971624
28062367
18178946
884145
42552216
3587720
12551717
27971777
506450
43721241
4610037
24522489
6794846
18162739
24700176
27972097
34295218
27996490
9646312
57967007
20053865
6760743
18478535
25221892
20054150
17832431
34762698
20053888
25996233
50990117
48218590
56601299
23442952
8382112
10699574
13989966
25715175
34494
40370180
56172725
1946114
1293172
10877754
2409263
8936547
7086788
43787849
2419880
2176701
1297489
1294784
1090639
51725953
4290157
33547749
2169010
4261079
309605
3431632
2419901
1891038
55922269
18972079
4512571
1298241
1074962
395049
17970155
2177503
4259161
25660497
2127657
23338592
32984064
43373660
2181468
2496497
11004111
52821452
762713
392315
2412067
1623928
2292262
2180434
4232165
55993346
46694590
4234971
1791998
50726187
4430249
11687197
1351497
309607
56194674
761871
10876914
2574184
3664183
21812916
1514211
38890069
12125280
2713470
1784017
1604126
730299
25046467
45619337
734742
6206706
1607934
50324576
20769362
37808446
43610834
53113678
53043874
42685728
27081068
54665868
11632303
54511116
57957921
7131726
34932185
27091550
53196537
26958120
47869062
18710213
14184208
8965445
50672777
26931530
26981097
32263934
11947356
26353010
39219717
53275920
27151096
27042379
11444354
11804608
265554
47834344
52636930
51235755
56873652
54439493
58088300
47333412
51683408
11964552
54668794
58082418
47192425
47257365
50979119
57068225
48760509
47358620
51867866
24503398
16861593
610957
26953657
16067947
26314704
44818929
3489218
989284
26426825
4324638
27262768
34306140
55491656
3385208
37112126
47014416
660644
26774735
26979534
3383538
4462076
51318665
13559644
25042413
6758725
594252
1233290
21609822
33279129
6536593
16466705
2496697
190445
35306558
1862410
7868730
7572516
9018519
2792177
1429475
844411
21937634
9270021
54009068
24717078
6595261
20593674
11696541
38769845
6036032
2495310
1681622
28957204
16031684
26985712
916606
44469959
30865573
27955739
8250038
2852008
36174765
1694993
24780158
20218661
16847695
1623899
2603955
1138168
390372
16987620
28244663
142721
572460
572995
6101027
3567333
16910989
10174873
15908463
8072599
56997637
4844473
2418002
6941852
20664010
4917923
690139
10221650
20234240
3322486
5619828
455737
378466
55681452
1681567
22675603
647820
3586161
6999658
36623372
413498
413574
29405392
24629585
1695076
36707746
5815342
37094629
27059298
31751974
4622577
7981774
18936351
41005918
41777129
36637129
51012868
5462307
46872536
42877520
55567636
50883051
48288789
38127448
38862587
46299937
927586
40527686
51010203
41721366
39410095
50021491
1101608
26964392
47747641
27348508
2573577
1886415
2055784
737447
309867
12041214
1466668
26514058
5949847
21697377
6743935
538837
33400076
29629412
48523506
853954
17970946
3112169
14965586
8837463
42879880
21392909
32419094
11235247
31637238
49207
24641880
36451070
33394314
45427724
40492477
2740918
756400
31480596
10128773
31991130
29502176
36733690
33017498
29543142
29573327
28908092
28936003
26133928
32889971
45447409
6294475
930643
3720162
52093756
39386131
33404638
2420894
3707670
44497157
30044101
1890456
20998718
24186216
56588154
47925615
4126815
35743545
50934538
3472149
32944786
45490192
6334630
9297823
41633120
24790632
29005950
748250
39483769
2806774
39857162
49543073
3437910
1860470
46250934
50741780
50740816
35262309
30753523
27840216
4584269
12979928
30723426
45281970
47721309
14518220
25500002
1683568
27758458
27290446
29439384
12463238
40226763
2202827
57483280
35327169
44136352
45447287
48899290
8950836
6138097
28918124
3396978
48817964
39484156
9246927
26522910
21392701
41787423
59003963
20180015
5412530
25016561
46497075
50952910
47401053
9732571
4310163
17817946
31292824
33364217
23045445
48393069
40512989
39773919
11772808
26117774
36557161
12942596
39764418
13865477
2837786
30178639
27996316
3397147
59015405
35526020
18501851
14998634
29780677
9772101
178222
22644984
13553468
4310436
180232
26496842
7781782
32748776
27290526
48708809
54105697
39802170
39409512
37511645
5120270
48195729
48195728
35471961
51859324
26992769
6616343
48828893
1481651
29574350
2270999
10356937
764428
1298476
39183580
4767639
1148168
1823707
39250128
676011
27620963
49742148
8836183
8451030
34156267
24982777
33203873
44728192
1788535
2972351
4294542
36673
53644558
2207165
30861453
23582208
4841708
57160106
3993354
2510506
140389
28175444
58406922
5210850
28171281
2500974
6099167
4365846
23041891
1918632
26152
29247800
446049
29359
41380379
4366140
21476772
172890
15920044
23316914
45647203
25155245
1024946
58107498
14055002
23571581
23961589
23570602
40377135
15797837
13019655
907275
58481047
17720900
39454142
39456143
18833860
29750954
40093628
27997740
957268
14031510
26565801
17243827
48016784
20004732
19120446
967681
4436774
2080826
8196864
4700858
3238117
12609766
24603680
4338902
8599171
4997110
5570210
39298314
47877864
2602484
41753586
17987622
41223250
37427086
7748108
41232068
2053953
22235555
50258035
20860
2172281
2276321
89896
16682677
19828568
5237309
17212039
7029764
32802363
6798607
23450830
1653818
39478150
14723736
17943605
3765756
16880927
40234171
1659816
3001783
22273156
58956806
58046741
17263440
151018
10722659
38994347
575639
40965038
3012694
3818257
196295
1077795
136665
48893707
9820
505083
5783110
625865
25255321
55741075
48577892
22508604
55747428
42111124
55612938
45266418
54649493
22508726
52249214
45468271
37016429
27525332
44195611
55672347
55700543
50931903
52412978
9999332
11473068
43408440
11510640
25599603
23196079
186932
993407
58323451
56709536
59060766
59051204
59024231
485289
491665
30558708
49510339
59024917
36539592
54727220
40127161
47661015
29204841
1345259
6150484
2550922
44276258
47122869
35805128
43068861
17503063
36961268
36541377
48268619
30779679
43412201
14698059
12159740
39316054
39773545
27855456
23396447
17451262
12608902
43327518
28720684
30071477
51440024
49121846
31547444
353702
28741314
51825434
39959651
1183163
1701354
15154027
41787334
36341841
48359887
9323283
57679734
44535543
863299
40471297
24469880
34268139
6070950
36087743
36542138
39996497
52649340
57664821
58446580
2108174
2108170
54405235
27895098
28134550
12360877
6726973
827535
42430098
29868854
6078602
36539225
17460908
20540976
10554427
26819027
47351646
29606479
26248413
39349922
7789351
8886863
2069902
39496033
12305126
35477128
8921937
31950236
27866437
2086197
16382086
907191
45458601
56141349
33051159
46619027
771093
2574417
27104100
55731297
40239079
41734715
36279824
48875845
6826233
8934130
44220253
3280230
40126118
3124674
52957179
56675807
40127057
40126310
52551968
20225806
9750123
33277700
12503094
33047808
33903542
13877228
36556161
47793080
48398150
39582442
5309138
43067718
54167723
6071040
43134730
13889836
29301881
36557623
46673193
51118329
10836613
57918562
36497431
2405392
59050251
12675221
43164143
40125645
35805062
50450588
23963864
28126807
31986676
18050670
42257683
15469523
37086387
6207625
2546714
46196004
42622606
36497050
10217467
10306914
6711747
3748211
34690982
39764004
40081303
36278145
20851902
15984914
4091219
6712098
49457893
47153365
17986784
45712409
30792920
13625735
12280535
1436726
4261801
217513
47119884
2901987
31028788
41719644
39349534
17747049
10783555
18821377
38504845
23860843
38904548
6719604
44758086
5567715
15507634
5412531
28134458
43058677
911838
1436833
15488086
46434393
31553128
36556942
4552831
46740254
53039695
32828212
40126438
296515
36490983
28580374
8624840
57036558
35817211
5223823
44162083
29410367
28037933
40644898
12502888
32302140
749367
32978476
609009
27548093
22268083
28197741
771458
1789376
41766736
56142781
15324857
40126559
1964917
1261981
25955086
42575665
56622379
54347291
58123312
53677324
52949
26373176
57024485
12134837
234861
1040159
4295687
1318333
30828887
819478
16209168
630881
7841985
52408205
16391938
35240719
7147477
8992706
3459464
1493678
8838878
1658427
15652697
1473414
35561096
16753254
16447147
4896489
4717997
15999629
23495198
17010094
1646697
42095882
16448053
3146470
4363638
1493498
16970624
2553176
4896201
29302313
31044242
4028228
16465688
44978383
23181131
1162119
9558325
7045517
17076274
19647106
54203399
16774418
42202812
8879575
17568235
324236
3070613
17292971
15548712
28077965
43597863
15170438
31197569
23488232
31915475
28819009
57464758
25208667
17563232
16447722
13361683
36778380
15200776
54306859
17007783
19276722
23737238
19646911
53248246
8715240
9560070
56438143
16265755
8652024
42228066
56235750
10815366
31329257
16452197
17515158
53403902
53368709
4159471
1840511
34697695
16447077
8172261
52451392
15589341
11260408
22522038
3253933
10196031
1658319
2256420
16086891
11210956
16473688
1491256
32749939
1658413
20800001
11549919
20874471
15346025
11905714
30843571
16451960
52556240
19290339
30882740
16919201
19435542
31888334
16391673
2046320
33595826
42098860
3003057
32720667
52135246
32395198
46287228
27867782
27972402
19434264
16209149
1493461
16552267
32643213
31383560
17129067
28235498
18497688
15575453
19608835
16447586
6791679
1646615
16611245
2597169
1309423
16447654
36557199
5678469
2010789
32213735
32197562
11791146
11791193
16680783
2979962
12056031
792466
52557208
5301992
54522143
8239213
13799961
3847830
5198498
53666014
32687599
17600591
16856146
7683110
1491346
16185666
25983904
20545980
15508039
16447458
16198541
14523535
53630814
16780560
8661529
15821589
393714
3207078
1493430
39877744
16833812
16204716
44396640
16452237
21560725
1473708
33280699
11299426
1492949
31663626
6950595
16309195
49918051
33006228
31762274
20009605
39302914
924264
7860613
26996463
1492832
12865776
8651355
17405474
17015912
27038239
52135761
15687738
17384352
1658336
5075071
15068108
1658359
15098061
77880
28376254
1683736
54237400
1799643
2976994
49119522
44311111
50828473
16374118
26815755
16135712
2459185
11568557
26766244
2445029
11725809
57510016
31490681
30196807
26801422
10144458
3448878
26790876
2459114
57482270
17006631
2459134
29454553
2459228
2459191
2459204
50828434
26737803
54179257
931020
7551887
3195139
27699216
46322290
50828511
2459215
2444919
46920399
36823593
17838670
9857243
2459170
50340789
26751330
54203281
2348817
21427416
58124098
37336943
25338795
1562769
9174122
46922978
4938307
6963094
55849814
18043948
162724
43436781
58004595
2577967
35628048
39709551
10786314
53814340
10785658
18597040
12358395
1686307
3751270
303988
8573283
37523741
192420
4048856
10388876
10566836
10567076
10389448
39708011
12308282
18096
10612383
15400631
12368846
12301783
1686335
39709916
30270525
34138561
53465236
10785583
8565657
1092671
4135638
33745615
55937606
39082200
18056839
18056835
50689003
31727128
54477344
54477095
7080513
39902503
771519
38670178
54477264
31857613
54477204
21546157
3924540
56104562
56954232
56094308
40324726
31092172
54507655
54477942
45704894
56560487
23495115
38495592
1422124
8964356
20186959
24536328
23495165
23228100
55772460
24007320
55834662
24007302
23483973
4420451
56550402
23495240
23484351
23495262
41618725
23485585
11604609
392443
10406058
11883797
590535
11915738
3555441
23981413
1762298
47176682
34481306
3076892
24436883
56610335
2481219
1623825
6109982
1575039
3380878
10261516
20724602
56177159
35899884
19646929
6693396
10662387
279641
279620
10870384
279605
25109703
445631
39107756
18358821
4360187
16344751
32669718
22343153
6151458
1237665
2064228
11973141
11243578
11237100
3558097
53682141
13317535
6926508
58482708
40779807
15642339
31934432
3726190
3080595
13271670
16195668
5823159
10024445
14985001
6042348
18739583
5893639
13723479
1888621
2296863
5815210
42928603
8452507
43525589
58027854
13987594
19620494
6682779
564854
15104260
4426959
3726472
7146549
13015883
4260050
6254979
11567408
10520440
24859129
7755598
7346220
11370380
43643884
21551816
9139388
14062936
19435366
24267576
28155337
4878688
58684044
5814878
12300224
58482509
12299373
15670396
3273246
9682325
3085440
11798504
2841331
23286702
435887
8279010
3558123
27125302
18887795
6754780
321059
5165764
2197153
11518880
917630
41031764
57239826
51716190
9146776
31874899
41591601
13905929
2283441
46823035
2687164
615208
14098814
53141720
16657986
48492933
52128701
2105203
30987899
24392605
44159505
24106168
49674164
4029268
504351
40301861
29857619
6583928
2093093
3109675
10978256
47863142
55536686
55114519
51097219
21796343
30149526
54492999
211628
13899132
46892279
25557261
2006811
47600642
2670882
48029302
34013825
39849774
57801376
41689118
55785646
19249808
16906786
7741772
15605917
45219054
14437252
241828
8456288
54840623
39849984
9818997
39725482
13909528
8455870
22120166
7689422
42647067
2932630
56652111
56623788
15544623
43170572
51870564
20602660
5540975
20402064
37539904
166499
2188059
2128671
2188050
2528183
15517571
1568909
13706309
9659815
34322518
42094453
44881401
43264977
21349611
44142732
1530037
55764760
171148
6080258
575041
163287
28139195
58476141
49287567
47900029
49351563
813224
39034980
28010865
53743230
1049151
55707794
5923678
49378064
44543597
51059676
58593302
44562650
37795045
44549756
54552491
35606535
55695432
55295136
58461124
43047934
12304245
198401
58603668
3639990
47020047
54599877
55328915
50762664
4061643
1977734
44555903
39584750
2672763
44166496
27018465
1456243
14227188
38270135
32966336
38251670
37886408
41537112
34766436
38153954
33933009
43932238
43689931
4452048
39404600
8688902
38270227
43690206
3502206
12403403
32844263
2844723
15659497
42468125
34317695
32828909
43535931
42467805
16031600
16031476
23498109
40844702
21047824
34190448
17272386
334475
55744744
18480597
2600542
16547457
32829194
42510737
29226008
41166541
28747794
12644604
11202339
42466307
29226026
48505527
29129042
43770576
43778941
18602903
18689112
34397237
7851960
32828679
41438129
52731643
1101237
34611273
5421169
41538286
42473149
24174821
32843772
5607528
4635830
34922031
3115961
26187970
55952161
12804
20184891
41138999
34265609
10253596
156866
49189426
34592137
54039582
857659
55926159
611286
54346067
2746301
4594016
8242780
12497591
18050427
26448842
4624816
3667665
2456520
47755250
15905489
5442710
5008614
25277407
30332694
6826624
13110985
43497407
