80381
1486287
14541211
53836551
13924093
239217
55565558
1214722
59063661
2741315
34446991
24088175
43839116
23828717
48888070
42662819
42866549
38758207
49541051
42870895
42766494
35324594
55761001
35458791
28889542
52806066
1705387
1233875
28850805
25614856
58240033
1897067
19068774
24665596
18546298
22373489
33563985
5263684
1689365
18469573
57944950
5555420
47675831
37063005
25096340
1976739
7770119
4450529
27767967
49627903
30515764
28695746
25533720
25669714
808818
53031520
55338077
19064373
261925
58865752
14129618
7472359
14441062
2061705
4593785
24889591
6045553
24934154
24909807
34902186
26082350
53050024
7323614
54194626
16489629
27900272
55187777
60976
49105793
13915509
230857
4072714
25043987
26768296
18766553
6199182
3118704
11581752
3057007
21959823
2677666
2843232
2363918
26502557
20251567
40504763
41732652
37778652
41917792
29697910
51013265
50685288
15475369
46629562
33658868
49886610
35757264
15413745
22140663
54062514
4875080
7102636
22806368
59111
38526066
31479177
22584367
37958263
22258844
24217569
6003061
4319477
58569068
23666772
7003999
33350084
55503807
19308446
403159
6401338
42305366
610410
8765242
6165734
25345991
50688850
2525954
36131761
31271356
34188816
32952670
7646602
24714189
38375564
47346235
29155791
4124046
31175317
47670179
23281432
36615810
3626760
23453324
58437811
3187155
89198
51845690
900035
44924579
1248929
2348482
8011
52747883
6943948
27543342
5600440
51805386
2785602
50462060
42766304
47939168
44674023
36786006
46559303
53863010
11196670
6399233
6819854
471315
2442097
25441942
2458523
17700269
42191322
8859825
43490088
38846583
1935636
54139154
1810614
1465997
58091599
18542672
5152675
41163867
7048545
18079605
8954400
3875331
40848543
35296365
8071055
18167864
56285
28753166
40080096
42327240
25714482
37445789
52577251
25386783
19169866
8840098
5495959
8248531
39948152
57212241
54169309
1188531
990505
4740018
573313
1566626
3331474
1117658
3791975
57682344
43467592
4684361
5391428
44457141
42898
23640750
1914
55868631
40364158
3085232
19344418
57524681
531611
32890301
5069516
23667138
34172858
21416273
1516915
51078
315212
716048
8072
58672422
24016510
32613780
57650445
6762402
1015016
57999053
53510000
23198334
1342819
23504904
39842091
54779466
55726255
8430609
6428816
6780123
55986440
53058654
26059978
55200666
55198067
5325318
57434452
265753
40708699
58511861
34460605
3126360
57944211
42320214
23804755
196022
6580964
13503544
26707528
237721
43084828
22779216
35026039
33367356
265128
10089999
24261571
1393154
3417428
23991073
636959
8785316
5273119
4144577
4637216
44013878
17165444
31821270
7257968
46461872
15282066
41577631
39698413
16344646
5370913
19794535
56797070
1660162
11038718
38853402
4085676
31133688
24540380
811714
34963297
4279531
10942453
5156803
49229254
265132
16977000
490201
31345445
45213097
41781858
5875638
797848
46704707
11644470
3454452
32781012
429680
23628098
39382232
395889
3160607
10669964
6989424
23985799
21699936
8695082
2379996
51902843
13213821
19421270
463734
1393169
49122173
1191433
15336425
55514377
18316053
1043143
9559841
33213655
39776872
19970913
55736161
4694327
9528195
48785820
570661
32255552
5875254
12135807
2459566
16701731
16541689
5511581
24934874
47196487
24341071
45206870
3294201
23599849
12918369
21021107
27367453
36094374
23174612
14348187
14885874
13305310
21359685
23527766
25627242
11780498
13350625
50673950
48951616
24914531
40271081
40513485
19329936
11724224
44241739
18423387
43148573
4212753
8194266
22026126
19493287
7984
212818
56686863
2053494
258979
509632
2118246
50401410
38227740
17048535
28077130
31950461
3141410
50508420
49623014
24935536
44329400
41413797
22273190
37968016
58782055
46646396
44632395
56916614
47893942
38530392
25982869
38346167
36988620
6716259
19574596
28165893
13312969
38544252
52207602
50885443
3627082
28919960
8430768
2596739
2306731
50835353
20392665
15524018
50503576
33065537
50426357
35955099
27308924
1092116
50740518
15729059
23927971
11827668
5127022
43179449
22613352
28502092
19025616
49470944
33064684
41422437
41311298
13924377
34291649
24255
9291245
50561434
43846467
33863280
49644336
49509083
13093214
51179429
25541329
42694003
42863440
23151656
4515987
198796
39958236
30896817
35528221
50429661
50293718
50166890
51562654
51099085
889672
41216691
50568194
6629974
24353287
37581508
52739115
42758135
23486603
33583
27921643
51701067
54729058
12739077
501973
854081
77668
51778319
1826989
54398615
514458
48851576
42437494
319138
7963692
54220610
43822871
191218
19870248
18640324
34463932
2859527
351581
835574
18637552
46328497
1075997
14611016
48676301
4905289
20928420
42608368
38493462
166146
59060818
25678949
33605673
15412003
7676662
34899711
15945431
1077065
11428320
3255644
26432226
28441891
20049505
54025003
9341141
13522147
4466421
2368154
4149813
13041496
2346811
28201395
240766
15717827
26888324
2021968
9034035
37307479
40623623
15183839
6949803
20633370
35769889
16872890
49885025
37451236
55353735
51850608
56771693
6428331
1716947
18137793
7742604
39506967
1547057
4679336
4161179
19686742
39212712
44055412
7043609
28539183
17625193
1935842
10013
59060120
15411156
27561089
22180696
58747836
43211084
1648607
8283008
2804505
24096944
15467255
33292706
46575859
27987124
3492512
6748115
30551758
44573945
8331953
38519122
2176031
26195692
47392188
31403992
4011165
21671336
33855837
40136014
31717014
5167532
570749
57689353
52683089
23811783
9258044
1551981
33777555
37890504
1294685
778440
38947394
4634766
4438288
1473823
1107036
3940866
6077451
11059367
56194906
18254411
4163498
32548568
19723
45377379
8830624
42558734
18960908
39584994
29090677
33973815
56402570
2241254
43655196
33862754
57179364
4466364
33805846
14321988
15892139
38719870
13358411
2385442
10147095
33713269
44301349
31920888
19523653
39357486
8543665
27209404
57335451
57335546
13006382
586307
26196692
2629669
1086236
16234885
26084601
14809768
2795512
14544789
1814446
2498975
19076796
1177467
774446
28752034
4490456
1551797
55703898
37670240
15536273
17719645
37965711
2304367
3775889
4580454
6129664
42241914
23291018
39489698
39260055
6635442
68554
1069136
55504612
5007629
13662713
54372938
9541887
7155421
58948
4974742
370604
6747510
1549377
12751414
304263
794242
1301665
16562840
42877829
386818
22710064
4720254
841096
55867971
88164
19981527
594792
422572
1637983
765782
3881345
44032205
34068001
20611030
14783
18834674
1210949
362410
28999061
24082935
37652243
3845894
12137890
463349
14220695
2522519
1009651
54742946
3135680
25454239
349340
47677335
361024
37419657
6606537
3069166
6227706
167879
7981926
759377
147494
10353408
3346770
238129
55922
1121947
18842168
355594
23964266
10016622
3442553
27638
67193
1150541
300221
4693638
3481900
12514501
19717591
284827
12514563
38754765
43875835
50015690
40963539
10333114
58716099
6997434
58828704
15427543
41066719
53151687
42599874
14249373
42241898
30074251
57388876
47763053
46546036
39670586
24764596
39657237
14177853
22862133
34151341
13139134
8977613
56820499
50019371
22081794
5465057
11167175
3512186
29372250
14860845
47843651
39407203
32315242
53716092
41815264
19464350
32689929
55223808
55326583
42740507
4257788
510370
54337892
52145021
9579546
3609555
3991823
33287428
55659970
20993429
7532615
18973869
58696917
788091
40919832
34558159
8600080
35330387
2011912
30324643
6189024
25314864
578436
24410331
53265936
52668957
1571927
52905034
1874234
24090930
34104355
38851547
2279900
9271237
30865454
52285696
24632279
58529036
32943530
2878302
24300979
19391
58989245
54747586
1167123
18534749
4690137
462243
238706
977752
187700
17967022
14058492
48916986
38170871
43772633
10466053
1995486
297558
39148820
1510082
1709515
4458300
795199
19347033
45477835
54779004
54619154
23589722
532508
426399
20811415
3340717
1591856
2689895
18839572
2976517
83449
10828129
7759491
3258771
44312950
31559443
14993731
2601147
54866211
54748148
23259981
11408
1988622
8837954
15641117
584452
33956325
3433583
37569084
4545160
1888454
1467374
3014519
2820462
43456997
435128
7357937
4997892
92273
5696586
4528748
58880169
12612736
22283120
43312937
199249
1377246
58831897
1704544
354076
8053575
35463601
35185354
24458855
21035619
27289540
40379431
5023197
88003
38203
47456362
19582381
39198650
25678466
236300
53751629
525804
65909
150389
3496404
6427233
1965360
161856
54565031
22121463
12667763
12459821
4265185
621189
24754204
22083147
36408582
14655632
29786555
17968101
17968723
40624233
54696723
379967
54711372
6706723
12636929
311410
169086
2190913
647286
29243665
18333977
17968317
45460517
6110182
6823521
2159778
15422486
706186
4703626
27306438
40363468
8725668
1166241
25328407
20777623
30970833
26661954
226748
584416
26729322
5592849
275206
22391154
43957252
1219218
39327248
47759880
39096606
20517149
42747181
366662
77485
4092962
2393025
9091093
377055
39127332
3256943
13901787
1612590
21964979
13292
240096
357147
21525
7371778
3088926
936557
43318121
35807581
24917445
3444669
15057209
19880333
19556816
50607069
48739272
18761393
13826991
17275317
18638007
54430823
4330820
973095
56053348
53905642
6503821
14066715
9125999
3937909
322276
27303975
39219551
24707867
19291858
5932
43330956
27559105
15807148
50164726
6437
31320936
31837766
28866774
5978246
30989859
42173597
9422422
52533
28789704
10588046
55862581
66554
15558462
235195
396054
21199616
50500819
51391626
18463049
40265974
2230412
23613099
842910
102213
6646507
28701828
11042
10975
47917565
292346
292340
57565979
2429234
48369072
5111481
37429992
12376746
182303
696369
23388403
2953473
58391294
32714132
50337
25249846
1014424
54084147
56527
14020590
12950
2607178
13152
404226
1074264
168986
1843625
16235048
20304049
34900600
50560634
31974016
15430615
48888279
93827
5816458
9057034
9226972
39437404
20479854
1598497
3043713
20033448
34655089
31974159
31276566
18675046
12571217
25734471
20089405
5470358
1148672
25841464
1051404
32161137
9185785
17628664
23810211
7247837
32601258
1221381
66575
5007230
28351160
48897472
917280
30932051
19142174
24301504
34730803
29829829
3055427
30643499
3426093
48779270
37161190
13295189
16063653
17200325
29718054
18023995
1843196
27024757
13115986
51616259
9670604
771326
56435
13649448
501376
3065711
32458568
2613847
2832162
28147113
261773
11058727
5708805
4053538
1479978
472231
912933
1610513
3321981
53912950
31452433
29297150
6531493
7092020
50611106
1940039
11960698
50500706
427499
3232045
51597941
5953219
267488
42600384
4566207
29825613
7802803
38770486
8031008
264746
30602617
4150495
35954442
29984881
45591420
14020163
2892792
22025300
6112487
27711
1764060
3426171
49389033
44987488
61983
1620415
49421690
263487
10289579
11212543
264748
18132527
1074205
32512
9651482
47903162
51518828
30401546
3187173
26042345
35319154
55704759
53513858
48101601
40217748
41901406
21492663
1298976
52157367
37923694
14102440
52235432
54242051
26225466
17573654
18582186
3378
827023
5672
42855052
241809
1296030
10799487
36777018
10193102
1916689
51081465
29391730
5667
5669
24712166
13941004
56810248
20902512
45439918
51753034
56840493
1364297
766544
12310114
52410293
4492992
351284
19873073
692633
362930
2596487
6159580
172118
9491192
230563
12337960
51550201
40005944
211889
13206885
1455589
42165783
2267876
22987992
5639702
36335582
50504513
306169
23397359
15865418
18474906
28009780
18498968
48535367
44329841
31987996
14124460
63847
1919614
54372951
37519306
47951977
3292213
528679
57785320
10381331
54047821
42975407
12319714
56315577
8843965
15561700
2468967
35443480
7953167
36479878
44731194
17746102
7200558
17094565
219736
49237898
147918
27712410
33334901
53214717
56568186
42139218
11056914
50359909
34077780
28189313
39394362
24223801
45266571
8873167
722360
17747
10309729
50614
24434959
9766574
1885045
1885056
2684302
33848271
23463344
46310601
19051
10367580
2402287
23205672
18617142
55000992
516838
47413325
20381
12315477
42676
49546501
26847077
12732613
4931001
51173373
12038713
18828730
51082616
13418661
15517793
22672118
44956999
50263599
52286616
50799575
53741891
12982124
21689547
57043182
34123709
47655600
49163297
790153
491353
8417064
763780
14220245
618910
47746937
15609570
49183081
22720886
48533038
29718829
56838172
46393834
8306996
53649451
55752601
37372627
55530
53223464
14276878
24209644
16940761
20416105
52292768
9090858
31615916
19454783
30631067
49604
23094450
24221912
3969384
40014144
42079498
1605859
19160299
16525735
8822890
11643542
40736801
18018626
337353
15695615
8629598
47954166
21929114
57785164
20016116
45225659
1051985
25792395
20830372
16123532
54309575
13566197
25467671
18250963
21742243
168394
34055747
58565157
39351592
1214579
30699
37423001
37784287
32473687
41336366
1214697
56106
5722819
483401
24209131
11643397
39352291
33029517
21383023
6068435
50164463
22712082
56830451
18840715
53906261
4614170
5367458
118368
13587755
35761559
2965208
5928345
4015896
14662238
3115848
29963762
997680
5300182
3313340
788074
39993576
31950156
23489489
44848510
32181324
3979517
33745801
3158172
52975690
58058233
31768127
57515942
31155073
32301237
33222575
24355242
24217648
27392434
26409649
27251567
33680836
13311819
50808326
30726471
855199
36617856
38509307
51774438
22570610
50558307
3092471
7157316
11101687
1543389
1573182
3878
20218615
51529457
58186743
39536478
1223546
18504221
6039094
1166041
54569736
4118664
14449632
44465484
2998435
8810434
199433
17601160
40159918
18806728
314696
8774042
4639874
66997
45300883
1370289
2370329
5075621
43283483
3424303
47576173
38008898
137986
27750546
1346128
50231416
7531458
250320
34488928
71617
58186656
3331179
52822695
41863865
11087129
30940837
26922341
29193705
10151201
35200902
56325961
47365311
23339740
2947963
16908870
57554940
46721106
39618075
28328131
56276516
58424663
57070169
35709604
41136939
17577602
10581710
29146741
32001020
7057945
50354
15554795
7362920
8767449
2497276
29764286
5584134
8807637
22677497
52115370
39218390
23184143
39094034
44441540
216188
30321101
1906107
14753861
26468653
33093158
2605490
34306231
47789
40788603
41165568
40687401
45280628
26470024
49692104
28859692
43478305
49449257
972079
7872153
58893901
17503
29605965
20009077
11157271
40428462
7997813
40738710
7183423
730932
53690
40749890
41336070
41247442
40249106
40667954
16494995
44996080
42378289
51251203
4021184
22578538
1554120
39331594
15398359
1664254
23395028
9819863
2990841
8476844
5975230
3694563
25137267
64073
34157464
180162
2331004
8917125
2550591
27150031
23683686
26875658
27366895
26034454
11412059
10084748
30778033
27369104
27169424
56027621
35622298
3972534
54301172
1841309
40550996
4857593
27306142
12223156
39419396
46335828
1471689
23100954
48128792
2343174
19771103
48878328
50976534
28939533
29472059
47581493
1726106
36055163
25384450
57857420
18208725
4709391
45562
34873955
47993403
15588392
45681940
45682857
45681972
45683035
49515461
37987755
13028883
27546
14002
31950201
55092696
2526456
14499993
57617210
33508777
262772
46655089
5585159
1157492
5374
1864519
8313008
34827520
6333799
651378
103367
1404586
54684586
3275308
1895422
83877
784032
18899752
52012119
40634960
31400429
31094752
220255
20293606
410851
29841360
591031
52648714
56040019
47037717
11211918
27763570
53858250
8306877
49986510
30168512
414219
10525403
147259
676406
11062043
45236241
417652
21866643
651370
22007213
83896
8390103
37251163
50066385
29624918
28770788
53548365
28845
22575147
23890494
5384623
7694809
517391
1797004
39107086
411851
4693569
2425344
2815180
1207316
35409254
761234
26740075
20776421
41700249
25627238
52549787
22287305
52542945
301671
46764211
53434415
21896946
7941353
44211741
17328929
39906307
56263767
656951
44198247
58520127
54848869
58713754
43686632
54607857
50792872
18978770
57396105
46924
51959628
26639837
57396100
5738
51491107
6884
2300688
1876394
412809
30196262
155202
33016456
54932601
33020716
36000621
58581879
37791601
697890
20408586
49458922
55839718
46810902
23358105
17475776
55542260
11186931
1242028
2184861
45423909
54576033
179242
46997904
35417634
57117490
2076669
1817722
54043830
58630268
56656329
1973352
30558304
18753856
79449
36761300
51366875
52559072
42519032
55516463
2215129
4617057
1812471
52965
39729575
28236488
46982495
22710
52536759
26536902
674776
56165417
503193
41907664
414967
1771587
429542
33688612
58582242
49635656
25010568
48994652
49262267
8861742
48795436
52487892
24260342
14177174
56295168
412796
50925207
31863
32476
56412457
56639170
9632838
19154778
56612188
56502322
9777312
56593756
18264449
56809094
56481472
49932546
56746554
25439126
22836947
17792367
45269905
34643079
51646840
30483828
1242271
45342152
41622664
44502784
25180841
20761982
41384660
15037222
10124891
24083495
1550980
39536746
38880828
16722213
11874234
58293866
37764225
35000899
3992341
25549806
19639356
14471804
53700777
51135995
7437427
52561613
51357301
3284724
25125448
48867108
15985948
48867232
35327226
11017965
16541350
49157804
15975602
43144300
48885515
48566508
26331881
39157162
21249078
51596223
46750253
1831787
51696564
55862417
20771501
13392418
50282084
57819966
12935452
5741749
53880998
49494992
40840374
58636735
50569157
4792624
56401169
55151676
10874556
52145687
23910742
2778149
58117458
33026432
31886921
52433221
21037919
32942689
19574153
57165508
49432423
637629
23190258
23214484
23146406
23125046
23133612
23133851
23124809
3341757
12565376
23861360
141029
30476982
2441678
27327118
22088120
8543287
38850484
53594388
32560258
277322
3003256
40817590
25227114
56368264
57336726
21064733
1590355
17101569
20440423
31487496
41722856
13578968
24328180
14631047
1339605
8387592
3138628
14846065
29383109
48152872
5388932
4280556
21010263
2011619
36028327
30653
31422657
58834178
6018203
31953144
15973120
47500892
19801845
16636560
6021384
31886684
37215345
8771892
10374609
30635805
14620966
22613602
30636051
4910782
32965279
42611352
37295064
37275862
12583841
15456042
15249404
31387188
46463468
42617854
46213861
31561998
50376737
50217755
31584841
31587442
46717764
49973615
50462916
44041241
20500045
35325698
12256809
31373406
55095974
48885362
30066996
15977288
811741
53075784
13201218
31199146
4726127
21756530
21249745
16541147
17247248
21249816
32512846
22299341
24443937
16541240
7347363
16541246
16067442
21247709
2634919
19009361
35325713
35301964
48867002
57562843
10080971
15297282
29954987
38045107
21249943
24350656
47408230
1698429
16540624
45533027
52638327
50568908
5051363
19452825
26491053
16187327
21213713
16541299
2352175
16540803
21260216
52673254
16540901
12250610
3877626
40135180
31360509
2252874
55471581
23749586
26238240
32060426
12713712
6497079
27944685
189571
18713424
35872466
34959658
30541530
36261577
36261620
37485454
28281886
27668162
28352932
32465577
28353208
28690075
37485543
55944780
28272438
28463548
28273296
50681778
34291646
40255618
27171519
54580311
30283592
28355263
27555238
25553095
52996321
44036172
27114323
51984916
11686743
35933970
7453685
7457719
7458065
7467637
7454086
7514372
763221
8233594
17777901
1632775
15397511
8098264
8434240
15980282
43206423
8701694
33654045
14017149
10225922
8798290
44558200
3878427
16465535
4497849
44593118
35325703
23295366
49817420
44593200
6132154
19023112
59050878
59051090
23021790
6723232
7514875
45336574
24009775
5679335
9721296
46704112
35325706
28690661
6787084
6387230
44047873
36625575
30036477
9060829
39520591
54791127
4143327
15985978
1560423
10862120
3593144
47677393
30642420
53653234
47677150
12114122
976703
1581104
47669307
49909422
35325463
25949500
1923607
27861747
44559002
56437317
5719085
37721373
57755236
54674966
59066270
44559447
57474056
49556087
29229317
21248903
12597704
37900494
53779427
19027996
35325264
56425454
30070725
30070704
25953700
339626
30067004
56133503
36085340
15116071
45520345
4815718
41877307
1723432
23309132
44593283
19023134
59069870
59069462
44559879
21433532
18969986
33830198
39549648
16539537
20859003
21733280
19222406
9925103
42300883
42729808
18248740
23320356
44594082
11032443
44605144
11855483
45460558
5673410
25229558
30420023
6394182
4911401
44472278
44560255
55156074
47808340
16539610
38097295
36160963
23327340
44594323
24754532
23333434
48297952
21248177
44560741
19227215
52289259
23380570
15876936
50886955
34763906
15982213
28108497
2384686
1170909
23895677
13004121
23196738
11640669
18546004
47572007
4344101
14262322
19649451
21226113
28272935
1637559
52405278
20477412
2288189
18560060
53278972
58492332
53082802
38939987
41380166
5195602
23393445
55462438
23398960
55462505
25671381
1024113
31336658
31076490
56106288
24011424
3261686
37153034
407904
23077456
18353463
14007231
21611124
3809742
487224
17243237
18363151
35928584
6127515
18040729
14386750
6976151
4022664
47267690
4117066
23917241
21835582
18365688
26431042
13250293
12837694
1906005
40819671
28405515
28661130
16079224
21248944
20150602
19023191
57484058
1386021
51987253
35324684
25054929
31327912
4815038
39888704
9521421
5784253
4560156
34024745
28142127
51042423
17162285
6184952
4607736
7363390
11267880
24350634
25950427
39157244
2866297
421823
35325472
25844700
35593211
5000475
645071
29499491
23435878
24393027
19222491
24961128
44538187
19028195
25037081
20857787
34500030
8354785
53486424
16697951
21248674
19227131
42729132
51136566
9627157
19222558
8639392
15985803
5261149
2319582
13325648
14780936
46987211
2809489
1810108
23610532
3824318
17264220
24408774
21808141
18027187
12117288
16539836
15121650
5188713
32922480
26666508
42323776
27977428
47747453
52022193
16193623
48267603
44539595
12283723
3906493
23748347
43403486
697504
22904412
18125031
39849717
22914405
40040444
31059003
32045733
3373356
27878198
30830020
26524912
23642805
1029
52561276
34313346
36167653
27851066
21213722
55049265
28753671
19023262
16074594
45451885
56840720
25947096
32512854
37620071
24125691
23099754
670679
41416841
35324964
53142603
34081902
19222633
36881527
43978682
35324563
19023279
43574061
44437125
42345073
35326416
20860970
19227226
36969812
8629910
16465445
30031585
39518559
19227237
11770362
42212196
19222718
51099468
52754686
51099099
33174389
9283249
24350662
25953877
15401167
54842660
24443958
31542939
35812795
2773710
42834609
51257609
15857056
16539977
35542155
19134084
19028050
7347256
4474310
13956265
2303880
46497724
15985941
30652609
36168126
28416750
28852992
39068712
16540031
9641393
51353939
20553820
20298442
54252099
33547434
1427438
180160
57396086
15985768
29902953
38442220
1569072
21089218
20572713
13842331
28273434
32698040
16541258
9268909
5240748
16174089
1287603
24118774
13780630
1183023
17411556
27962220
52103590
23433314
19023213
44442204
49462672
29861020
19222794
713561
12286514
15985944
2690938
4748913
9710318
38650559
3155709
8178676
14362469
16540107
19028088
48946259
16540142
44514733
16540188
51099763
28019168
7971882
19023308
33625859
32613067
56786656
28959792
47024473
48643696
56132356
15998213
16540669
442415
442426
23013876
42024949
23917069
16540212
19022646
19022675
39702905
35325707
24888560
35327203
6169910
19023327
35516488
47457342
43987559
35324576
43781228
44203500
16540256
1036546
39160405
34339275
34340361
34506374
36186857
35325710
39904616
56079139
38095452
17832
42301754
43334660
55586589
31752423
19023398
31692600
22831086
47738227
19023511
6767589
25119357
50126231
27653435
34807342
40755603
16540302
36874696
44208935
19023424
44437148
18963629
35325720
710016
57448381
28215009
42468583
10685390
55434574
57554696
13781181
18687249
35324585
34755806
22585678
39336090
24552222
16692813
2646163
39956072
24063784
42096068
12324867
54213253
54138060
42306778
16540346
1390620
48139960
25221366
35324587
19023518
18201577
21249005
8837124
49606528
15095679
15129396
31361765
19027873
48707181
33081453
46625346
24063802
16540432
40080714
41178578
27545386
362777
19028126
8086087
56742039
43439083
30850340
39078393
47113785
16541529
31886842
31917288
49261621
23398811
4386161
7429144
23505166
46544448
34033140
50806866
7685191
51889662
19222835
713566
9477095
21041426
22497424
11348241
51179113
57973734
47495854
10836126
20113608
49115319
19027886
43731754
7176424
23245626
29945214
15985951
31617226
35537361
7325282
32279022
35938012
32282668
3427679
38127828
1075192
24028364
43126430
33111450
20862082
546810
20361676
27555772
11145013
15163862
26115355
44485515
16973697
19227152
12665704
16540517
20859736
713607
11008971
13336554
20859549
37910699
19222449
23150780
10611984
16540545
23467238
7675516
46709230
2506992
7396206
5477737
26180911
11175093
9784691
1511253
19028160
1503874
15127785
26602390
11996107
54100935
21090292
10934260
12737141
29218703
19449478
16950291
56541701
21591176
57901882
35327238
47318561
15985781
5871318
17503394
31720936
3578261
24413096
14658661
24399217
49697356
34352706
45387909
53661843
13153449
32672362
55480382
52153751
36177269
46310147
19027904
38644022
15906519
50497762
48691644
44503010
31229172
52976526
44514788
35971409
39027957
40957016
15985962
47028897
37132465
37441372
24009893
1786040
42217790
15498897
27803078
37589545
44475105
12442274
41773133
23061167
9371333
20042942
51911318
19023467
36081458
25940673
15402341
44212999
46998660
44551829
44330091
45675333
22100436
2645596
6051822
39623949
33712804
23511754
49509356
8178018
34255164
1639322
29386434
3944564
7328922
2933531
47182238
18997033
23190929
39717316
51424975
15931586
49279265
26394003
21216772
15958454
43126636
23257322
56746806
24426655
2778836
55597357
37751387
20324068
54098849
31112876
21090674
51934584
11035626
32635991
24062169
35288350
24465780
33528060
55847778
14597402
21248794
29469233
41447325
53765667
16874637
3261607
3591846
5284939
8202103
16540708
22325594
41752578
20860686
19023490
15985785
8528588
27863289
19402343
55840434
49250272
15985790
31126045
16540742
20370695
17228692
31987512
40919952
43750125
39803499
38267440
5505324
17751984
30854359
23199747
16540839
21210183
22530105
3752347
17873625
5231700
37978825
43760693
55096367
16540871
36808516
36398434
57005562
19028236
56401377
23194319
48879078
19019837
44485461
20863620
23781890
9198086
36476456
18053423
24911934
713468
16540940
44485410
54566496
38830560
1882151
54756112
25031651
3756560
13597416
35230534
19058066
40479604
3855918
42328721
22462129
44271817
27389438
17442495
21249063
24952258
42320640
2589713
19947750
43621063
56256126
19227172
34031383
37287009
23307337
47682348
21014876
11693077
15985800
706198
55566279
373579
44796447
13862254
24489581
15826073
56938937
356531
43528181
55947888
27553159
15982224
11522707
23878217
58186869
7697517
7678210
48031039
41061708
16719242
25123709
20545258
2909374
18939302
19127473
3077956
32779640
22538516
853303
53387480
51648836
833223
1644818
1178011
10923511
23610946
19566434
1885635
23817469
18045928
21491385
13880358
23249642
20858213
47306074
39542164
9916107
8629677
16541024
44485366
46715687
23275490
20862405
1578751
2936983
43789997
2959556
5074109
10509965
16541067
38485157
9289432
19227246
21517303
35581529
727904
40617207
21216787
40953916
39168450
35766124
16464965
15409316
35324631
19027927
13162975
9609222
26876920
19458706
39399971
19027939
31648473
21535479
6119239
31143551
337566
19329865
16811761
1205821
38568822
24387271
2842910
34141047
10306673
26685784
1690106
644078
307039
25788721
8142784
21755880
311354
26448717
53300195
58536684
168915
44048769
18054690
25905247
53444144
40897289
27125081
2025904
151196
30408720
29665262
56379488
241602
7728077
6445
2332422
39761773
4155456
4662210
33105284
36107188
53926611
16507080
35752192
16506844
1364633
16507851
49088528
16509322
2242981
47772287
33865389
41098
532849
31214917
1519783
31275000
31200615
49118961
200129
6261834
545525
14415787
993407
19232084
202522
14043328
162143
1106055
22988561
3048699
20359
19702
36542625
5301431
53683
41832257
1004956
24889851
43845195
3247662
27325000
27325068
1106101
14470857
333692
18037104
26350
35993194
57052173
22876971
33499233
8355163
36255817
857353
1659631
1967838
15560529
559764
8006446
155823
8170717
507859
16971949
7710370
43099392
223011
6771518
16509260
31184294
9668094
12739994
24863994
1614102
39641264
57051730
36677584
40399131
48346105
55366814
757588
30206738
57386068
19217643
12280315
3585815
18450
41337387
12719552
1730242
712576
42206092
47538989
20740261
13603565
25776264
27148945
289607
5673954
12037222
14350837
9880032
1233983
1182816
27040229
12219162
322632
85490
3672935
488743
52875786
47349607
13798915
25625062
18936112
31750986
1027729
47401261
12523440
8700786
1630999
42917948
3394072
45437843
36560955
38612843
52128450
8113924
46988109
13496989
49718769
13799972
32065978
17011624
38261882
12780557
15323685
22766756
4739966
26167002
10610997
3623635
39291682
25456510
8808551
55938078
31849555
14789346
36287931
46472633
39689898
26692726
39453796
2748077
52506659
2806657
4259042
10074639
13446221
20726615
25777371
8005
8969591
25433426
11670572
33289263
47901887
4873558
11172453
25586904
25260733
34650795
41911718
32039834
6237683
47741337
20809482
38410724
31170355
43518554
3890383
789880
32913507
31286836
11845502
53748354
25245047
25243248
32515107
1129167
14298391
28300731
334714
1620725
4063979
14894253
16906893
1118041
6111114
8115128
44855979
24106109
21780453
25259971
8810614
982883
32029168
37830616
41876025
25258912
54280462
25260396
7456225
28400415
45364687
29165314
25389645
30048244
57559475
339747
3911564
2566769
55510596
37420528
4639751
20519525
37296490
35737699
45019411
5763430
22118510
10765114
40974441
47637100
2139889
10179639
56331432
26301881
1099707
25270749
20630639
1176900
30250243
26495111
43092217
37946232
57597090
41741013
42295804
33854539
27005663
23625180
56539223
29534344
16782149
22802779
46883406
44168560
26897222
24884673
20854161
27550974
14279263
14709737
42515484
41428693
2566676
2566739
3749250
14106058
30963255
35096063
49268578
8336866
4602377
55098697
54261880
3484537
54734577
12148302
18438319
1581671
13930073
497424
400199
28541957
31752703
4396231
57559886
3049561
6600576
12814176
3252
3076858
4959905
31074682
1018018
40703649
3918214
34349914
24179993
19068598
46556915
2796637
136117
912558
57592732
36317063
19667544
851386
45637363
54491165
51489076
24468817
185254
48792861
41924713
14632368
3139882
7124240
17196901
25572706
12993825
327995
57670566
34185241
12155777
212698
13540478
10426244
21922259
1324767
22393240
41218633
149881
25917447
39398114
41588738
41779862
17046875
31066197
19990546
11665493
349319
19049041
13061359
58757965
26455173
43956475
43935385
32272300
17395250
43948855
50515234
43948540
49555936
23231901
49992858
47745489
47363537
46810185
40575269
51096434
45084358
42330362
53159635
41719042
55285207
22038832
56745649
12269014
43949482
44761110
44760868
49722645
52866686
32173640
46837255
17405625
42515874
1436842
15164681
25168936
16486691
12435689
38501477
31110167
34802674
54201629
54207031
32020054
50351924
31960335
36777840
57839140
13748138
36374631
32808114
46300558
50061320
25058762
4352339
56557
13876991
584454
3310704
5513972
5015982
26264509
3782905
24204300
41397509
15705329
23229922
28858211
8895547
2539375
2221252
46862281
35120341
30808282
684716
784642
36275381
28687367
33537087
20995276
2234530
739219
17612272
18957
14471564
58892744
58446293
1449983
1578539
31202706
11189862
1759143
4580942
3402144
7113450
15515793
23161657
1400834
7738
19822982
17700674
54073232
492271
2449402
14193140
20612001
22212218
19379442
12101775
3135786
95356
505326
56901515
4379183
56297415
14902073
1543288
51760910
19060295
42950497
6142110
25972030
11592003
3255966
3616449
19923366
14041814
2233777
53265089
27368426
44144112
37860547
2529031
14774400
2243764
1364407
55425469
1024739
5600677
3770891
3530962
24485083
31714911
36864458
14273254
275163
23817600
9415470
217662
23644274
2848980
18403271
20532161
5482413
543329
3063065
1196484
34206541
384396
75006
1146344
6130955
43114526
192605
1273580
22843729
23315
478859
58835668
32805610
22177040
46994895
2356893
55882601
31083722
26965418
37027994
21134458
55300
5212704
33275037
146717
7032057
20652550
52434963
9104734
26615406
6318753
30897856
11225678
29602772
16953406
33103088
10394247
14298733
15485716
4237506
297350
4116856
1274833
8556886
7010827
10127780
36116358
38348312
2654847
3340839
45597229
1336603
10425105
7521201
11120939
3295244
7331527
3665681
2138731
25970819
39490943
2910903
3625081
8858789
914572
41766064
18952167
12325841
2893603
44019830
7907309
956434
26632326
49296992
33966160
56897086
7478096
14331485
10173414
15687473
2241862
560876
10821878
920218
37441392
726049
1889064
1004486
592949
9674107
19283730
15493918
38187914
5248160
24695332
47331849
5175930
1099391
18665076
359238
32424889
53192145
16457688
54021693
36900213
40076768
21268238
9815396
47786239
56263618
532491
41626513
44047850
24793046
45655642
1117800
25489830
2905654
10557658
18029340
16765750
41141083
4807947
52980999
4944089
43965661
52713679
49696505
1945645
32041618
34581511
34196819
58165526
2582128
7438164
3060795
27192121
46688206
34575494
3762257
52134810
43292321
51610649
54567843
325717
57150286
58354
57981408
32333286
34629197
4769018
28175824
39119087
16376059
1704517
45624709
33517932
23955350
51516530
46837165
18621022
3790653
1018608
43958863
42056434
41957658
47014055
16818407
3289308
1271173
39191998
16036651
31488259
8625779
32175879
31477979
13371832
49397837
875883
24008546
29258529
4544090
1183870
1244082
38472527
13603816
34975384
5098643
25906423
24426070
37192620
23317225
17165491
29193999
20184184
5780856
24848067
43070184
1243554
41717500
39014540
17422441
25212610
49010273
1666023
30427095
23878334
23244650
38833801
31273385
55985926
18234877
47129381
11783499
43365528
19329575
43051635
13250
28791585
10916458
7304558
31460576
29068259
9355814
51369596
2588054
1006293
236137
48270077
13588294
40159185
4586751
9545865
11296
54537018
20832383
18421797
3466353
399978
32583559
15034861
26793028
30322189
8438558
47978099
49408003
2667092
146075
13039200
2040912
14894552
42043844
1268981
2438941
153499
18950641
21951718
7828767
7440172
22418887
12224388
27909679
1917193
36251938
47965338
29237211
1245460
41912794
25830350
14707058
27990152
48633779
58788205
49700350
47075507
10823528
56170127
33517500
56719078
51301214
39846182
45153589
47300744
6147074
22458153
47226898
28665798
44739552
19159209
20754838
37523830
19998812
31223008
27318531
53717543
12223381
15364796
32417831
16345775
46868313
29790
35353665
27855184
42467934
54860179
46246338
699090
32080718
32027375
7086856
53361371
52044083
16767087
30319783
1999674
44217965
3050422
33619589
36228151
5234177
47908493
5721938
7502807
14386603
3482085
3261719
14195313
1862494
35001508
46930328
56587867
7314746
15302141
1558567
1048095
16221356
8591807
682382
3259830
20169107
2525032
35143854
10008586
31218265
38720294
13406038
6760075
5778180
2389884
1636042
46271298
52077650
32487739
4949370
19805611
29806557
2010280
34985613
1930919
7158778
4788647
21010996
325840
55394684
832314
30048845
16834162
6140889
54421425
27360421
1930917
24634690
19452043
21464996
18994221
146351
22774366
14278943
26136112
26260892
10604681
41579179
5665219
7254382
430716
5828184
18605574
44173183
45366563
17143022
6728652
938121
32949162
1033262
24740986
37491131
21479428
11438176
7632799
2054459
58424167
7532434
6637607
369449
43782381
37915503
4860610
33031496
55711225
20757997
7625847
12120000
54334023
13046106
39587099
4723694
8268432
1464435
43529375
30071322
45234821
6804644
40594777
13046272
4841127
32842267
54268752
23960283
14416011
57039796
3908696
5671648
41702025
28741923
34205798
1082934
36104405
58362245
23429510
2913399
35718371
10996387
39830693
23455140
1377948
55440207
43500804
627897
40840852
21560753
13203433
38954284
22026602
53389766
56103476
53496353
56502396
43022118
23948301
14530523
31749280
346511
30929196
2721921
32333172
3034146
50651770
57959809
52300881
7165410
1579569
23949994
14286462
23648332
430905
4501329
27492733
39039622
1682927
20325140
430906
53729507
31914184
31915292
58839767
31914566
31917120
24640055
17794738
31922736
31654976
6596541
56207055
2435143
657363
1779164
4616343
15255176
3071786
143848
44241528
34877750
39968528
182847
55269610
30942583
656245
563521
41716154
55923123
47806343
47401299
366630
50533902
51379318
3546312
12735878
4308970
715877
23262383
51494710
39341946
41659674
11005395
50951887
27090911
2114377
19468046
1465195
48429002
3551105
46738646
4475349
19645563
3983382
36962623
52245688
36732637
4387617
22671755
1134909
16621258
7671190
59013
38815844
17863991
10335552
30623481
1364854
49778301
1985416
43377867
17545325
9179093
38894374
58609793
58609836
36971126
58609951
5925110
38563792
1370590
37780521
47747598
5925183
40170111
37002880
40780391
38068881
38403582
1266250
30098993
1120426
37688324
40985409
33562655
62424
43720735
48743
39198918
438677
67869
46821559
8611983
45679508
50631177
4758015
48757814
646673
55848061
32124842
41203338
43402636
40370421
48846633
2114227
36961844
36978429
38464926
49578308
51022070
842162
42763939
20602027
50408296
3284167
22475636
15891789
1560823
5182072
728652
2003433
238755
4354406
647811
3350992
8820052
44428758
5089856
58637357
16095923
11986480
54696414
446173
18735177
21839589
20843699
18787828
54661620
4509477
52009652
5718985
3926754
57028333
51523353
12593652
2687794
51197994
53089653
29151266
5718706
39225617
11732903
37920190
58963509
14058397
45641399
32825021
55745100
32032690
40896593
2127512
25324226
17716336
33286807
818329
1067396
26801927
782207
726604
22145250
231994
2965
11691207
51094877
53040193
689995
12630375
2772469
8844881
24809120
56130617
14678677
33480552
18824671
43903922
12503398
18193956
855717
47699434
18505697
21339642
22715614
31680710
19592348
9660402
2794170
2115251
33610820
194037
54184567
21365918
43209744
33132746
6090406
42007831
20643069
49251816
6044476
243387
55272732
427922
10039438
2068260
12391913
31196751
22404538
859248
12274183
54686588
28541467
3410269
35855789
28609430
431121
52795734
40993920
33213330
46695897
1195987
13086027
8873978
34882420
37158269
8529764
57111
13072281
21488622
12038276
21218129
872424
1595330
18653559
3654679
1446512
50189
7412797
31398
526664
54054812
48651631
2299066
31258985
53675175
48036016
20327885
1853112
764701
764759
51057850
45663045
6764662
13564008
20300977
5994315
4363105
1301311
12542761
6786575
3498873
1692808
1671777
1349358
1043902
336866
55680227
935302
42649432
10134014
37789297
4450498
9334079
8466542
37506214
23465119
11388020
3346588
3186581
25185070
28266
29018856
18915598
2198728
2191056
4476218
34439
31215841
2676278
41495125
317511
30344442
4019711
33745761
5741356
33964306
31079046
38190394
57073674
2136550
37978808
4042157
33322981
33249481
317507
10139817
5160376
851060
213008
36245312
261105
179240
57337316
1419205
36780452
1023079
4376466
22168869
42730404
24245898
71025
2298154
145780
33876998
610191
7780536
26221150
57262256
5758682
47004
25492684
47521195
4706881
42774686
20822496
55001294
24336145
43351475
56673247
52959899
33974951
57578050
50559121
45663306
38606434
211644
53631421
52144340
1300829
31723473
11743428
3848674
31655498
16062691
2379806
22481627
23545825
6534078
36392650
5340471
24597269
33096801
1114309
877445
1111281
37556
707323
5885283
64976
4726434
3107620
8752878
35543022
4981700
2050909
11848361
159209
26516784
47193114
35760675
1276784
444722
11803600
21347500
22236883
20595083
50592
18567040
1224162
10970082
1677163
40715397
3184501
2769439
15219191
36534184
30002510
192184
2092692
2156933
1228949
2424129
4075172
27970690
29194575
9651846
57103777
38243422
41877922
40980368
50569286
34798126
10106496
30977373
41782621
23593
5463599
6189822
54753991
24862962
1683306
1402262
39961287
9355719
36718796
8089198
780014
477474
30608323
48845229
18821046
24358244
44193631
39129450
53375780
6976376
47203627
26508916
22150724
30540048
63526
9955675
18594829
54525932
2070766
16745263
37154
48455308
6154975
310898
1173050
38689183
6714117
13778073
3174129
1173670
42045414
301930
1263943
24546062
301920
1792890
151524
611404
54673941
2695704
20758684
6173541
869123
7403472
335623
53718186
755560
21591347
4620141
8755385
7312322
622411
797287
21754358
1574433
2080429
5364751
203297
4467289
33527955
3277044
980745
958401
92399
21362415
54647816
55003162
54650904
25593450
37679356
51598692
4292552
9633736
11768316
28002554
907692
619071
21941609
1038491
33076127
39875921
25933137
342304
45576854
32498634
58911
181805
4832809
20672622
25030772
59171
674639
264246
331155
12878882
1266386
8582808
545985
30871736
215199
794853
54904694
639222
25971574
12823966
35659639
41434184
55394217
44613689
39337624
21002520
22082794
49378043
41624007
1726567
33937683
39150907
16168713
14126826
57224952
21980158
13491512
5649380
51494341
44181761
8030036
28655466
5649162
29728894
2895048
6959639
35001234
10131732
3295580
48747896
406602
1010237
412735
3365974
950840
35672535
140968
172323
6917333
19161414
92396
3285054
35944875
1465932
15104088
38656856
39973525
44869885
40470072
713376
895702
756765
54670196
19512102
651031
6592660
9046614
6840842
29500777
39961357
45539695
11891685
855377
18779707
22801248
45616624
170927
13622413
26515094
58107763
35799636
37070689
1285895
48221862
8512902
3173242
42542157
46695405
22722859
52789933
2813143
85935
841315
4545371
13904202
85026
85028
28958802
85116
32701954
86100
85134
69587
82955
85305
736575
220746
318068
82497
9728780
82543
11855422
37753
2496053
1813240
53781590
48818379
1791044
85706
7726093
93446
17476309
30865276
92790
30876310
24844013
9936323
97120
97264
50950669
4824699
86534
2602522
4461565
868020
18505907
85936
97274
594
4236415
9665813
5482349
43083151
2020523
86089
7434160
86134
220752
86254
9666253
1503341
1004470
100204
86440
661185
21192816
85289
11052326
773748
85697
647896
86531
221785
97383
86537
14980
50763210
9728888
90304
9182699
220760
7802451
220758
1599946
220777
86607
86442
9485793
245924
9569750
5759277
249345
86629
32018832
7505177
44361379
22763
90320
27755955
85585
52203897
99380
25910814
95501
82502
97588
84871
85669
375441
1096824
221786
221789
34004012
6324
19005888
56632455
515534
788093
34814043
12947189
193398
24826181
4995
188522
20661694
1368945
4619528
22477
1457176
29376
198725
35716231
21902856
4658654
12861486
4044047
28823414
336963
23949320
16130885
106242
42739390
49664061
41857253
13810544
1463110
36852247
33227331
16337341
31657442
30256789
8836887
13246989
4605309
9621772
7247215
26835066
1040367
56622016
4981136
39710144
55566398
5301306
1268562
26298245
4980632
43777323
316612
239918
30777141
48891944
620957
3981519
13766136
4432524
3244102
2216595
32317494
27326309
537663
31108661
4788
40402574
9883907
30865979
39480604
14768059
8770485
20209430
18993882
58303367
2810349
3337726
31379840
3549164
1149933
21394297
40825774
1060279
3629053
96009
733886
26694387
17476149
302319
35099461
47826069
58387731
50649
39690802
13098263
233050
33295056
23853148
24482368
3735409
5197799
2550255
89008
53686204
75654
146879
40656378
17632037
66811
52379437
9533935
52346571
24081997
189037
7623176
1443956
17452177
26351000
3212386
3906419
166394
36904919
18906408
45449589
18284675
1789835
1742971
36151626
12235163
53349949
1632473
18368400
42031171
45065219
22016518
189023
34775619
31180466
3751384
3930540
3821985
31300555
14018896
1879435
13872332
2262965
11568969
5931
28579986
12489103
1519026
217324
5004001
6490834
41863605
59014515
33242198
53670711
1569145
2604726
1141675
1644698
21496931
27364911
25663854
21479645
4329772
52757304
2978833
47390498
245089
13225048
45705591
53307021
27340647
9481518
1763544
40476521
36708486
11022353
6230660
6057429
35605527
53155436
31493190
21463614
11209462
2064628
52076433
7191296
605111
7915674
14670246
1686300
672915
41978562
1519027
25288890
309216
15525857
52715112
46610219
2433663
3381519
22622358
12646543
41725244
4673346
20023618
45417893
1751142
5375946
34760961
15787684
663765
13088437
3930560
58667546
10640543
29475492
27512025
53700734
8294978
1403831
432986
24022
26592735
491936
56628617
1572175
19337262
632990
39671195
23758579
6140080
2180007
16732126
35197077
6704750
37002564
13531511
16759570
22589405
1350961
42901195
16752887
1095574
5303278
1028100
14126388
42335286
35620181
28243188
43401299
22702381
4161298
8581665
1274169
37744064
1240348
868983
4186400
35859796
23261720
15882816
29020782
3737971
43062065
8933822
828050
44574
4441182
12661386
30331394
44980566
2354452
34258
47066384
28230819
24872
58506482
3263
6635369
424015
59503
1413411
42689156
1599216
29150149
5667669
2639400
42068614
13443729
41202666
23977696
48639022
804071
26998979
55868990
23035042
22037708
16313813
22483095
40612564
36704013
3099164
37944047
2639544
26127533
5571106
50830846
29807255
57896406
11835411
16781106
25103932
37201518
16317992
43024791
8030835
16805759
6834939
1846574
42886643
57367229
18013460
3444688
49668116
36065288
621749
19372045
19255148
4229946
45315806
1732697
57485118
39515585
1916535
25737347
3601611
6863979
37750865
174069
49162947
28227276
8159373
19636679
54119521
2217691
54430204
937967
16439814
18922036
87175
2888063
412681
1220562
373100
43046032
18125422
15082727
5368882
11608859
32465168
7339649
2896261
1032780
6247439
41576
607226
18248534
25237
20558148
48508035
3211372
41684
55058386
173759
39968360
27834
58504169
3832875
1105247
18450716
951407
57525893
646059
8982920
2880009
64221
521145
550777
14016472
56565
569846
3634350
3461608
44785
55652138
38500724
19610404
51529417
33483391
1638491
1550845
47256963
10971
31760228
32867978
71088
31411458
50721436
51284163
23670760
40076748
955552
3641274
21167095
50673280
53533778
33509376
4681509
46262
44497219
40014327
7276195
63011
1034794
25429544
50325165
620330
30708679
624670
48685869
37275667
3048571
541000
17069769
27811
26685741
33926436
44442017
12778504
43384469
14990054
24044309
1130302
17454635
236449
1937077
16615439
1197808
13327372
46696314
8923007
27178529
42499011
878968
665578
652949
44016611
2353519
27834285
14508753
4024849
3044582
55333944
31231782
234857
46838285
988753
6689824
12254052
58506554
25606564
11931879
29445941
1648534
5430960
1040488
2198499
33678108
27148738
12787266
21797606
8365418
47602799
23415923
5192102
21671626
5005508
49912880
19760623
18176260
38272
13270091
16081338
6818170
5123727
7135499
32799575
13319153
6464447
1788803
8571929
38041992
7948816
1613097
1116613
6165303
42206082
25522821
1616232
34674619
14289121
438578
27261663
1925150
1391881
9477334
9204714
49813421
34821860
24860076
39319232
35617946
13753965
10324637
25457473
31595228
146072
2250
1585862
15548640
4948308
5245841
26848013
24747438
55261687
22574738
30322163
8299539
47700020
21826111
35628360
11758262
55275532
1019091
1286863
5260658
3518068
55248218
56733622
335380
24074123
5289263
6988897
1724557
31110904
13006068
5083172
25955610
2060821
1442631
25259540
5937419
191003
16622167
11399296
36543947
72331
44500762
36986491
16760918
55503308
9894752
14970425
33462899
46455150
31046247
45694885
149973
52671
55281907
41674306
2960297
33784314
4092680
48453044
255475
11062680
1591617
42128108
26975661
9444359
9196294
1591612
6834594
46233587
5769363
4080078
38256723
9386670
2533526
19356
29991838
5597968
9047100
33971660
53468800
14958343
43222876
2253313
3013928
8528180
2220194
302109
35933982
37622210
11683576
33196105
10273778
42213230
3718054
925356
39477458
22319807
22778808
25066324
38692164
48361250
30999586
53876816
28332738
20950973
9393445
4378212
41794776
21484024
21005253
24182159
15925282
27191554
31804610
39932121
30818709
27708775
17179478
19248790
37921837
50516307
40889647
5480561
38670017
40044236
5972346
2114156
3609638
20978184
2398131
44706664
33876822
28016564
5174526
1158081
6357548
181070
43717620
37150
2928794
13784601
14913778
25067310
43427425
2106968
57040423
42091770
30547031
21471286
39645141
4699
3933
40807627
38237029
2472625
23562920
30833401
37210924
162669
6931292
27462322
54884372
9288781
27554959
52077182
9143229
946929
38555995
37974009
35439884
31615192
45784
46434772
241649
42334950
39914061
12681282
6793105
38454848
49312388
7701587
49821898
489930
52344552
38931273
31240336
36756824
51616268
8197045
52336877
51541096
51533648
436022
26297764
33634340
35110380
406153
12232145
11154451
3407240
5110579
42482231
4503444
226431
965404
6070674
41830337
45418326
560358
42776694
55576667
5993748
4103290
42327462
3587102
29588572
23876811
26585872
696986
37736784
57863698
38218021
42782787
9561042
44292267
1471182
39005074
34496532
30971990
1950831
44232885
42687056
42780793
17083172
50485535
32859210
3042527
24427905
4956628
23183485
54364080
22577449
40728216
29083
31222215
18437342
37783653
2015663
14853653
1337216
9309176
1524019
48607398
56226944
985031
54026663
56122470
124161
57922440
6093313
13645928
25678416
46812341
4791975
24884307
40174387
11511467
4439377
35486630
1394840
1505105
3166587
58837186
48956380
27347921
101718
1739803
17603039
31336428
28100194
10754696
46803282
52349007
30972046
5354218
23912579
17604930
57182962
52606181
36945138
53700583
29555364
10044714
10744470
162615
56656580
58845851
35197211
20474901
47276677
10449561
38390090
44006608
20310419
50004590
6754772
24460143
27943493
355849
9225767
354800
12516496
1814650
19459499
47569229
40847292
31554216
54993224
45029309
5997553
43288938
437868
1073739
50059842
42642157
10051102
18175542
25285215
167941
9285138
1978571
50038932
34441486
50059827
56449433
5019341
48565445
47788377
4402853
55945310
2548579
1451167
2371149
21619765
2047065
1962178
5491859
17528522
38115340
37188627
24027138
46895003
413086
37686
3041004
36931547
1009369
48631495
58693682
38500797
58608585
34098441
44025189
21152352
43737103
41340047
48502996
52352104
6265072
1519875
52941039
52473094
58231613
37336292
43565489
34356513
12632421
48100399
22523658
26019393
41375756
3772064
31743386
38443627
26039331
23374915
25124201
31377518
21083414
28252459
28902378
24039779
14326913
6214097
9156657
21481546
3555300
50736351
46530087
24452145
28846658
24856081
44070084
1579924
27881764
4212305
5494770
8138164
18592044
55305323
53617225
17176301
15067338
55012726
55494541
55269598
55269640
55294633
36538469
49582753
54658038
21735436
55013504
55561445
53162693
2817534
8117924
55269660
50243009
48611021
46344740
47366634
48610566
49492645
57127165
49247507
48669573
49697447
21325518
984968
23657727
23897221
52233187
52419459
55322717
56166567
55269484
21620588
48342958
55236493
47980547
55294759
31147058
41403638
55269535
45098239
7012870
52962240
54393231
52121898
55269694
55294710
55340429
36774379
22706020
45220214
54043891
28208834
2242030
37278469
18602043
53215842
34199641
9521685
32629477
55324095
55001962
55012233
26446482
34026331
27985931
55269338
2996257
54985066
55322870
56266179
23913500
7675311
845862
1858051
16856479
22792709
1073295
15999775
7939128
37613443
15571129
41992792
3015678
52794627
27004656
49110893
16738992
2097483
4402358
31991719
50398475
5550506
151094
1377715
3800143
44386059
14179
41140185
52641149
1532724
30888845
8053873
23446161
34453242
41176951
38320137
32530747
322694
44775497
20607625
21567206
2345798
13989459
17280221
288321
42972033
945818
56614948
38578972
17072440
26026780
22618039
20926676
9398796
20926503
21979525
38596897
33234548
37208433
38784031
38249023
54852248
58516158
58501382
39986764
9577147
47233365
26951370
36998408
45450390
49208988
14616572
12370110
34856172
38596781
53545514
22480301
21311880
54945491
25762204
25762746
47060876
40144224
46891982
4038273
40020184
19356029
47030755
55866378
144638
55053530
20272472
330675
2240709
11077785
263244
1021630
294338
49477967
52433615
31504551
312170
53069003
45027548
30119817
14299975
14921265
5414549
11987749
4501
20993417
2187851
10760770
548536
33390780
20155274
529280
36692538
12286
3573933
5473348
1930322
3588098
2599145
1777327
3588155
4309793
19937260
48867645
700822
5450474
236329
17432575
236333
50727426
236335
13059707
1103692
25489768
17527247
236337
3513556
3858681
236338
562259
45314091
772008
2083594
236339
50655661
55098239
581509
236340
236342
36586109
236344
6706071
236345
236346
45546178
236349
58621622
236352
48172
35561223
61784
56335
61785
61786
17644328
51335092
61787
61788
50492925
61789
29127472
61790
61791
61792
61793
61794
61795
61796
16453539
46588018
44905
26999291
9781137
29575318
32066068
6451880
1342299
44382343
54646797
382395
25213736
6090525
2872544
47704809
48288559
54860115
182234
46968424
6689642
729317
13615009
45255953
147484
12428352
5494777
51952557
10631677
24928671
24395321
10638938
479867
12261659
8938711
9448987
8942272
420764
45488689
10795794
2106011
3445424
10176965
16166462
16181960
13278333
52166375
22590461
18692401
4025205
44259317
8942120
57469010
3174782
13090840
2905651
1065341
2210896
6396743
37750900
31020763
906471
210559
12262626
1046445
2905542
272176
55319229
1723198
1743816
277102
22078180
68451
163428
21894306
22501640
27707818
15458182
48266440
25239434
5553931
190455
231017
24435552
47894415
263801
11233375
21165603
29500483
5424608
10216334
24792716
29430760
5960699
21219403
21385426
13117090
20185732
21165394
2780034
27535540
8448476
25621881
7610506
38187439
22191095
22191094
45484962
30206608
6081551
56535804
25614325
36982043
30876737
22378640
3640445
5971730
2726465
4270907
5186108
48010728
13036371
1368247
36115646
20078447
4983663
20672530
20078456
52980699
37490386
26526375
25507545
5145157
41822425
22706929
234185
11162981
1653184
613318
2168437
37494348
40221166
21353733
255448
2242333
28195682
29814293
25622778
1589857
3442595
2217772
27116124
14259507
271672
4038299
231014
37268189
34589905
17405417
3140607
5260824
20806653
5729594
7454839
54023755
57392784
10748669
63050
41403879
16300126
20733310
30479413
5620134
4488176
1212545
21894545
30859407
3532229
33536067
6955552
4304948
22279072
2965545
23415135
44350580
47153810
15902946
6089450
36104472
40108268
18685571
38147204
31017197
20078439
57618746
15195114
33315061
54676673
36101926
22279892
42211158
4112234
22728806
7128600
7976648
21033132
21140966
21141022
17051515
48958529
23475629
37889090
5315631
30140027
4628713
23784026
46821199
53653948
30364394
963201
26269206
26303519
17306382
35408932
13799538
8444304
16723684
5983776
2353176
2853049
23485590
25812466
5650081
13431017
3973131
12100459
316759
30479395
52919782
30669787
600045
3083190
6701668
21148921
30479583
30670029
25614373
20417735
37825526
67886
3478005
3800746
789862
30593650
19980133
21874721
5515277
29087992
899236
8099246
31688370
7114421
25684789
1527321
8789401
29813755
2200457
19672125
31833854
28507358
21681459
7369202
25716125
25441455
21373680
13391732
36053724
16100894
28905354
49065908
157052
14621651
21442391
20672457
5237839
6612673
16986763
27153190
6187994
27757960
6175096
29419958
1010536
12855345
23680309
21704549
6701888
44089446
26269321
35581062
55848562
20416478
3290998
21704803
54492766
2655159
20452
52216754
3713191
1123733
54439
42528879
28268433
14950124
5720556
5787854
892026
27317233
13393592
8926781
545911
167683
26308227
32424000
93771
27757925
1502970
23017471
9350855
9640479
2574340
38089749
856149
7456301
13091685
18383710
1410487
30497344
25037729
8724307
23104698
31339398
21510755
3754815
50922781
99277
27647850
52160813
54647419
5624081
37404896
26877495
27686742
8859046
1315495
4383695
7596876
20614284
34262238
28104937
21681388
34591384
41067204
14435016
27166587
3862443
47361842
3678047
47394384
32874356
3905897
34905695
34177892
42372787
16081225
12591970
43506671
21803911
19032885
21381676
22829147
27426613
26377670
22279611
6513803
20140129
12033023
21345985
20671777
1387817
42109825
26594741
409699
32044409
4478702
325877
4633009
21723142
1104401
8419660
33634442
42054362
7113810
53584796
53641837
651408
3623092
40424607
1853763
381345
6827509
13406479
22279471
6038307
12391615
7509365
29684337
1239047
24127381
1194872
5345702
217947
7499957
12809461
465856
1432909
20225659
23468749
26919165
5968111
22481529
4338486
19714197
19196353
23419767
36687158
47485020
12912799
13772946
8104116
1105557
40323260
33677913
43349737
599203
2812465
26263099
15388030
14079931
28911043
240832
44363108
28624879
15524499
4948201
13498040
3610552
35643064
7144478
26855929
53653991
21920868
21401093
26227737
23744072
10811883
5079793
36308777
25333765
3657336
32961146
36775513
424087
6744941
36971432
23775675
8600203
817107
2435449
6537257
370785
25527119
95389
25538059
11989548
422525
21522840
42000512
1497502
17727686
33004830
14765916
38205473
265002
29500
20110864
14492200
21354628
55941104
3037267
398943
862681
20943817
30455158
1257053
4876974
5884956
3062826
25715899
404088
4166656
1070578
60140
17077015
25716487
79995
1221516
11634149
33594136
2476314
3917373
33966840
5789226
1970903
11555180
30862455
559869
50571867
18848976
49943034
56407973
55112818
8589068
39677685
33085403
65344
21165503
53653994
25861185
27034699
1100444
563400
1020921
850969
22062001
33384987
321556
2632974
47949651
13343202
1776
1599873
41121277
23773456
105219
88931
5876
38390
227167
154502
21077148
1023575
660960
249930
77432
45573982
37332479
25910081
25258288
54434451
20556798
29083159
29089664
29135763
14613226
22461
22228064
17275189
38057969
14325087
26265948
3108990
19093787
11265737
16308082
21991984
179400
16306870
56529769
44421184
50251642
51014323
40417602
43745781
36113645
33862094
39198919
51994922
49541612
52042018
32843140
12197312
53557244
35431425
5504630
30196040
40854066
48324721
32706791
56243369
3973644
56707148
53227269
46873205
46627280
51796251
1009951
43585432
716631
56226666
7413343
55997708
22754707
47656471
4373261
53975654
44325909
52442739
53782903
640697
54439024
42099953
56255646
53828524
37364851
42067251
45661008
8429856
10799243
51344085
188222
12196541
38644815
37568071
47855893
37318120
339761
47991497
47834508
395667
21687159
32436435
51110835
12233871
43095580
34588743
37650311
6864990
51606
11761108
33956685
37486537
11304934
24521594
5086328
3030329
12437
39169359
58220073
31759332
26025740
47868049
58817726
57791124
55837911
38898732
7202374
52918699
3820467
58584485
48358976
48375507
42673840
26238163
50452229
27370252
1446449
55933047
49492650
47322209
41341790
29813792
42309316
13458760
58067886
5818044
46427376
12774563
34955003
2591531
33952075
3800988
48487713
18211344
10910885
46424372
41103769
32744230
34300936
30045278
51696190
39885820
47341701
8303
21808773
8905465
58984268
4332018
44878325
184421
32356222
56682199
31993912
17107820
42464949
37564023
58007435
58155298
34231074
68349
47878
50452056
34527764
55097960
56097947
35934978
31359711
56464
47332244
1203753
56030186
58599314
9342513
37919905
47838669
39700685
44476872
32070752
36779518
58730727
20462201
3398277
30246839
56198097
1971959
55827664
1086440
10437050
57222276
42008669
47622142
56055173
32334136
56815741
54996
5330557
1256552
43765116
42437005
31129066
56097400
33094020
55941960
49980451
47579852
57221417
38078517
52229324
3971465
52939215
423910
47824513
37509221
58155136
32940342
2123234
2260123
47337977
47463290
27605068
38832208
44585169
43152107
56379904
47277000
42009351
56709442
33646899
41742229
58478228
56579
30042152
20936195
5222807
138301
238789
23395806
620879
14902160
31300184
2950938
36899906
5018889
4297802
18151214
10067589
45341834
16998388
20110967
36717847
7960257
593495
4624339
25716089
3488015
49364
545165
41707924
32173051
1054247
26659037
25498207
10940157
8576311
14205236
8768565
377387
24793458
53328510
13082366
20688404
37220
14613
1401706
40763725
543406
2943640
679680
43943599
320355
3840
54329819
51885500
1249388
1990971
5544827
648640
2913317
51303
14490284
8329048
4106560
39900219
37636
51924642
56366877
14803146
43812756
19050861
414262
4587713
10290732
24808275
2882692
50205529
47300468
185259
41301310
12335485
12999450
22480098
4949970
6423951
30778342
26714592
41347987
48248138
46640855
1475001
147009
22361386
964371
19372852
5795298
21115942
24009414
28564073
48892455
291374
2252229
1895094
26396083
35038133
223208
3814003
52135
19707357
1306990
15912430
3871677
2244264
3454087
158400
52640771
37500382
49222618
28852
32129789
8917820
1045467
20767375
934527
613640
32134
32161
22826968
3325923
18722789
47891463
5123449
302755
39397503
1035086
11459092
70980
1287219
85385
40766630
411597
10222598
772026
712326
8351343
1033944
732173
18550025
374291
22344481
6066515
1222289
305387
3863742
18446225
6890925
33181013
42425480
30442045
30413341
7137759
1072308
92693
7454688
44410
607130
63522
25356806
52566424
22496013
1106461
1022817
21570617
49871186
9659
3107666
26726506
525960
3119613
31907173
1834851
493567
7841747
6027397
49599350
49854427
4367754
20533479
197010
3030014
3192935
287543
873402
1002473
19637986
1196268
2431085
19264217
5275826
38238
42621825
3300228
578144
14713923
24796896
22210276
27721572
15538
70425
37394072
1656889
326481
33901323
470742
1578675
56800792
889831
521571
36466832
1010729
7386447
400993
2105390
1664923
30147976
38056512
218580
452461
24312321
3226145
2841957
294533
3108484
2116025
22095947
44186297
2796813
3154633
7252098
1720874
3578605
2651538
3105620
3762029
63547
26489480
33021651
22196821
1478416
684786
27473637
23093405
6253974
129139
142549
25382638
939814
19123388
8369690
46527964
322269
2574411
1727354
57136049
864489
2161913
2308183
1416530
7873722
3298267
32584230
30003939
533143
2967631
21860254
38122582
6330624
5557694
28598
27680557
1051772
272537
2061975
8007767
3132519
4220816
3887619
2196312
2699210
14884263
244103
5325592
960460
272541
55551217
39848931
1482105
3154336
903516
272559
7421769
3894469
51023642
63531
21261822
1043012
319881
667428
4194749
24986358
39928469
35182691
46191556
19026680
16163668
1117590
892612
3726299
641156
36082813
47677251
36306767
30271284
34211972
8124695
258893
238033
17507532
43854375
2270767
26961099
47283285
10725984
5938743
48738384
29685320
23985187
18716626
619451
44217980
392239
3862290
58397245
1578885
3160300
26193975
11005224
1791642
3634070
4085573
1262823
41446180
1053949
33067333
33264696
618009
21570614
19961573
1626362
34609402
22393791
44218181
338154
1236730
44690654
4392136
44128957
56805486
33338068
52281947
57839450
42389730
47052678
55361892
10500138
4412382
42015330
26020733
58247149
38925137
5460467
3495996
23214009
23214078
23214017
23214016
23214029
23214040
23214084
23214088
26028722
54418352
48825442
53764986
53405330
32627229
6510180
56062635
21239876
41031402
23496856
38258768
456730
57692673
16879763
4334788
7457928
26629938
20386753
12505305
2737109
26983756
12386424
19092728
21700787
20208991
30022597
4307070
5059213
45064147
57746254
29755276
43586140
25408758
32221629
17843747
54842296
3812008
24648206
7456553
20965483
24652286
57398281
7456748
2949308
20348898
44455661
54098843
46189915
22901459
14314880
52688682
14418081
13610273
25528604
47815949
56319724
5624060
18766387
7455102
7454504
12022813
21443615
17492224
24468308
12368695
22163848
34208897
1010594
58344495
58344698
19818976
1871234
16972378
33145590
8867134
3630076
21730391
5254541
8430501
9664267
3622223
5995619
25032938
6341218
19265789
20279875
46656142
31850652
14513128
25997156
1706699
20423247
3452889
6305608
17289612
4302682
196950
21857309
21746736
18109641
18798591
21970706
19193340
24363060
23620384
19138137
21730288
41967434
9387747
27435711
17720767
23527373
10662001
35857119
7454361
7456840
45588638
20401801
20401303
29018892
26565602
8632277
26824820
44183786
21785014
6717825
3399006
5315823
1731664
51464455
661636
18703468
9314159
3725759
46599948
55820145
24968669
20789920
56346965
11468808
2066479
18796901
17302116
12877870
3420295
5522905
2801308
8169718
3419677
2962620
42996880
19817184
21600912
11557101
3951342
1695286
17541388
26911016
45333289
2659093
17624270
53973097
35495758
16865481
4934557
28081994
2905511
44457328
12368116
18791195
23524803
57004286
20782899
11805406
31576483
10309778
10801479
1052005
21970710
3403088
25159242
37741814
36362980
3251051
8264477
38658285
10112876
18790798
13432206
23816346
21730426
25966008
1976263
15376135
16159527
44934574
9962193
10627191
9864111
4750568
39849473
5761655
17257657
515661
18308545
3233999
43607513
21762797
53646083
13432271
50081970
14763112
14183411
25325512
56559499
2328336
20774168
232061
3756138
7540170
44825470
56062986
7457058
7186483
22763710
5642393
26239983
20592159
2585714
42906285
13219267
44964039
35488247
17136631
13720391
4504128
13137503
50143054
40617245
27793959
5504793
41439747
20076603
39340867
3273588
12076096
12685967
21387478
12103432
4484124
57865881
4944488
33484827
6705936
4674968
26520132
46586626
46976471
21549910
57872336
33861062
29548888
40088895
30290732
17441388
44914466
4955078
56939180
19938624
21445373
6826029
33228670
23526134
19138040
4332663
3874458
17136611
1269070
977958
45322477
16294773
3799418
42371565
54413998
39438744
10085005
3361945
22575342
57852125
1156386
12367362
20401876
11019806
18573001
18911002
29700870
49351005
18166280
1714411
6027614
23808427
41951634
4328055
738384
18391936
16059701
19080755
31193177
3769528
19119935
19968991
40256246
33634815
6706517
1692945
35139272
14585577
2755777
22710877
50909341
265751
56059665
28439990
44317828
33668554
39289178
20181939
42753003
30019178
42253311
40948162
54873957
6639212
41613063
30757002
1827066
33587031
47804298
55726744
48511199
45032011
1888887
56892105
58746627
2298103
56625980
54281945
5032403
35638575
46492321
49640023
32859677
44306692
55534101
58054823
18584283
5386057
56539516
36794875
13853292
8432497
27921879
50252897
55122680
33789483
56526906
521327
101174
54228656
40767926
27295418
2164590
36963987
30836054
56411960
32092898
53604488
53292966
17395241
9863687
10881303
43343179
5567325
53302129
33680807
44260535
14780626
53605438
57043186
45493759
51133084
10633394
7529374
32469489
44318044
13873854
50310475
6548985
16463132
23390653
41096250
18797385
39394606
39975425
24291164
31058366
26574293
25254035
31552232
1369907
28751934
17694352
34564767
52936632
55516057
22257567
39982681
38860231
24303737
24767948
47171603
28280653
1367987
32230672
24987493
17565113
23270522
29404404
24011267
40679118
29726161
9154042
41096286
27142489
13028404
47053413
658215
55794
58353
41096325
41096335
41096344
53627834
1406137
21566445
23455596
350292
26623294
24008878
28541070
15674457
47320705
24370958
27322734
37420579
41096270
11082896
7719010
14527587
13449980
1409541
15602282
3146632
58118182
1001555
2010793
2016232
2944829
241717
26955201
47072912
5947372
42275348
5080888
22672945
5266824
26286630
8498
33593527
39608144
437276
20480923
45379058
53033516
265769
44317101
38853390
13408012
1789188
167008
5374327
12277634
12280374
935451
50970546
23389623
951614
454723
40296900
191305
14019863
2622311
1964571
21291825
406880
650972
48751704
4570698
30688232
11613197
126688
24723843
58528658
36978211
35007820
20881341
29854878
2622159
9795530
7312598
33470882
9594699
909227
2244316
16941667
5599330
11222203
6952389
5434504
1180539
3727311
935411
37738366
1497221
5228758
2116855
2237659
4463960
4463672
915755
911754
14135208
4490438
18447840
5224000
30873380
12499068
4616380
3428855
4986138
53145901
5400165
2116789
15749499
10343612
1077549
19503508
43773178
7629371
57965017
53960951
53804099
9803901
19620954
10343817
27847657
43750573
4514525
5395288
4536418
21446070
5140957
4885937
51185484
4720312
12697591
18661130
15023047
8725008
31485641
5502671
3428815
5399318
5422459
33809190
1851691
33840901
8724549
26764112
6508282
2120907
40016783
32881848
33282575
58579686
4439485
23197075
428966
22704344
2382281
910147
3939286
940088
3337163
3939538
17019227
14335899
707762
2110699
34512290
34512274
36839512
31712157
19788381
3708773
37324211
42946853
6105579
1507110
2974157
12641300
2409211
9599851
41171096
8541390
1439081
242760
27169354
46232572
6282756
2352949
19041370
10976682
53990333
366243
14724105
22780761
929022
12696167
14286866
50798140
336950
2618190
30102966
15926342
3315964
7544201
43440360
54118834
314803
19669839
58722363
4297964
53039451
44531619
4042253
20879301
9433946
30722169
52580449
25680785
55564388
22950548
11844777
45468600
55563659
11405636
11807704
27237969
7051462
56172468
48377242
22294982
12151439
3132126
30750922
50707799
11840886
31695402
15828739
44192728
44008391
8198620
26940607
55539701
11741505
11564149
11724292
11856567
11709090
49315102
53468740
56213295
37710121
32164052
26012291
14102750
28865309
2862940
3828632
24351197
27372777
39762687
24423749
30271975
39350877
28142658
9507293
7618853
15585811
37329385
19722010
7617275
4904061
20760512
14499186
26322963
22083964
9324307
33814680
24664144
16693514
6229578
23390520
2605464
22678724
14743519
5954098
50781780
4258255
25809655
39518620
36624493
2685237
9114591
40521696
43307135
10154734
19862537
12854119
13880887
47719981
44300998
36135294
21070846
14031546
37393679
12642673
43335986
12190140
9901652
5468093
9903822
30638222
11768884
31146543
1331399
3245832
17779935
24761911
33101125
913026
41065226
20555900
584354
13993434
33963456
51004101
32611541
620730
11836457
42448124
39001128
14298776
23702238
31823467
51495710
2407129
45716919
5613806
23932533
32221970
33972172
30858275
45649799
35810622
41833790
27113499
20902526
19027000
49094131
23478375
2940315
49515166
18964621
44969812
30872841
35906833
26975440
10216355
10371792
34556227
30462587
49216352
2098325
23607873
26690647
6306937
8740088
3586577
50445931
38934936
36405951
23735746
1574427
3624330
20489338
3569911
31209381
10795328
44126793
3175555
5663632
31682044
18348660
362386
35032562
1147690
3160457
27967768
41277205
39337193
56983984
17893971
50304248
7695030
485700
11004277
2244502
1385467
44286728
53775951
1813186
57665139
14040294
5648627
16821393
43627475
54915105
55206522
41303440
42505527
42947384
19482298
7444942
3575266
100127
3837120
921327
3931291
2567188
11714005
54922928
6086338
56622302
30521325
5640632
56733305
33694386
533484
12348916
3227978
31232332
31647779
53742694
4642990
45494708
6131155
3193748
35186636
40439560
9397812
55709022
37201093
37201067
5191271
49010230
11229476
7438702
45599701
39147676
2142701
18495753
16416304
34848640
12037368
54348800
36212924
20757649
24686637
5609097
29803122
5551141
5698945
630696
1030748
11348858
19737385
8383510
12380247
45404509
45404901
33731198
34584787
32886080
34584669
34584703
32885902
32886037
26062956
14509491
24173634
28949152
29942936
7733633
22848246
33217096
18571544
42866039
10285381
19497189
9812146
10424118
56997129
33932604
23614649
49456705
6374812
35670227
4067680
45586787
28796806
31870806
24860891
25524399
749112
34368888
3978486
2235192
22684460
10240501
31057260
11456995
28561798
23315969
28900469
11998141
31462743
2021078
3357557
2221686
10465840
9594342
51793552
25071634
46695301
15720819
413025
4632309
8813018
22876042
32788116
39983459
6962725
9398622
3353234
6300282
10488189
1185291
11172838
3303249
4071291
12372971
22006345
19562350
34752458
7431526
2737328
23497821
35558740
34917884
1877646
32039982
22192478
19440152
22279932
16993993
531365
9398133
48230956
57904593
41090832
8149734
47867030
3940135
22192759
4682876
43353754
4877720
6116152
18973242
22320942
56664784
45700106
43992762
4351910
26302192
47706486
20893577
21671198
1681190
50673155
30426434
34979775
153614
1734336
18914343
16086472
21420555
22281360
1140356
1552902
42327
3982884
6117366
7756492
23606648
38148488
13441945
4889379
2783755
48705645
8268725
35461854
48854150
47131634
22678407
44088445
25217890
27661747
47010140
14677780
17836948
25434140
13906880
48631101
23025574
22079171
31720261
49451869
4002613
6420095
44356461
40760846
40130922
30596922
35597003
31720715
14714691
8109667
1517871
10068064
40066815
7941981
6704670
7565404
2166100
602387
6847074
1517921
6116840
42765403
4149658
28133770
13348208
33953744
41031613
55780745
48836
5534374
9853119
36492686
57631881
33887165
4559113
39164260
10646
4474778
1277062
9440651
51267644
58830921
58069691
58074049
52578232
18555654
53709218
1769393
39488286
31423499
39488608
294770
39488410
18900075
5290678
3209485
43674629
55502135
265366
39466243
37534432
5937505
496925
47093186
524762
39488476
2904651
2401051
44796268
36599083
39843334
34826192
40248538
40073977
58822345
46815837
41078970
12347905
9284937
496929
36180638
45397625
56616593
627
156339
2437974
33289870
55032
58887793
1699025
45290184
18506917
29597863
1166525
5111982
8329836
3240142
26308930
22395556
56630559
1464343
23589291
20646507
25595552
23589354
37109629
52992201
56272105
48680511
36541350
216211
216861
13561260
3710354
46383767
219640
55967427
3792782
23589593
39892656
36968
6100577
53489278
21185721
39892795
24697657
27754145
57257793
32707364
2995171
26759952
46178340
50409454
41400785
1569523
23599125
39091628
39951036
32731011
39743767
239032
30685801
39418468
17911075
55824030
46695467
1491529
44582444
40932009
23830527
711157
24515769
18459359
35463875
241376
5564520
22847209
29726014
14778022
51235653
23814785
1769038
3377107
52242549
15829359
51307532
47863633
19748350
23662784
31952935
23658163
43834932
152772
20256463
30481435
32539540
32248891
2509547
51295378
3786865
22375457
23647425
1922978
29738253
12344832
30830098
5853960
19958112
54192700
23618866
39646001
2420322
18555116
54076293
966760
23617720
51388795
51886508
39984881
23617596
57169737
757240
6300466
40693962
325663
39516295
2831333
144068
23617176
15910867
23616435
33775893
27323228
47623288
39927370
44915117
27812799
9031507
23379024
4613509
48429203
37975023
572
423063
25673677
227500
39348721
2645309
217119
23819678
262712
2270878
2765707
32539378
4303882
1754403
40341018
323964
23610099
55858998
3627004
3721610
33238388
1121399
1338096
47867895
3384753
34004632
19728384
39892531
795651
37694784
22441988
2786645
4125179
52876222
36562827
50402783
13683732
21336496
27289310
231059
1252139
1241465
3512505
2085758
45234451
32753255
45544699
8948452
42671553
1045978
49628760
30880895
53325844
32865182
38032263
37643654
25755219
21511156
39585619
21339283
10254044
39518024
1600389
23654078
47041382
43821304
57365707
26585793
11304669
32391700
48856987
54186989
2036409
39095510
47180654
36607320
26176168
17216741
23843956
21511759
22360638
39228613
1054286
1880677
6656
37989246
48870371
57766788
19208999
11102649
32302631
334079
1606342
41031835
1299938
11644740
41232267
523496
46355870
48928874
32601
51793268
49965092
35058184
39235309
1289883
23328162
990772
6286707
39255130
1071756
38711825
26183155
40023871
40848531
4448258
13994442
15760517
8713459
56793108
53631891
52921598
56228
11972010
53988907
42307510
12850316
26122833
6524650
53847012
24366977
2035329
729782
1200020
54097060
24542769
56671606
205500
41040003
49963233
2463218
53396625
732066
1581831
20028168
24103547
245407
31207598
52872292
235548
52243894
43529895
1256165
21410579
2284563
30274709
7720
5600605
723067
6405285
23730626
3166154
36989786
42528326
12634029
53855904
2541868
35689039
187886
42194964
2135947
447986
1238868
23481302
1847013
35633282
31099545
31736744
34969514
56020154
49839242
46215453
50629021
25739229
7404294
461462
2029638
24036991
24036286
846845
17931940
15076859
6171868
55825273
5591986
3193759
19263206
50629034
14511835
382970
213731
37537790
25340705
681283
1862468
22033122
338082
1227310
5317805
53281102
24082675
21521697
2732241
1995630
216361
20548520
48515699
31815994
35668691
16075581
13641917
52763276
15588468
31047767
52018725
49085532
3148461
16492832
39698645
3365721
41149314
48562838
11875666
52849389
21282070
12465661
2121098
2050894
34591824
3219138
46294636
9474540
9431902
6132240
32816698
13178917
2832638
205156
10115352
8736698
42707047
56039834
8423005
54000061
12126172
48822230
25003876
1415022
1781797
35706725
11890889
10936364
16941343
9876049
20981929
62462
27535150
19719473
21955305
1676383
2701591
22459546
40396185
39060718
41225652
30515136
24701812
3949800
5612891
48696061
34156730
38736209
49504891
27884195
1555251
23292008
43398753
35722648
40483571
50577743
53643113
5671742
52703649
52703647
27709502
8630409
5659119
3519778
35828513
17837671
52085224
16984755
1683017
21548158
49801251
12639357
31110630
25190904
39631587
1995536
20962627
43239753
24097511
24009825
10163154
37265058
36924117
20504907
58404680
51844251
38434833
40914116
215891
36296602
38791
3672921
6520040
36502503
9288150
571478
22531588
3698189
90016
6065207
2368441
6446
1602860
22382060
52076724
40774741
21939984
31778378
4205756
1179643
21810610
47721676
17069844
47981125
23580290
55961060
569398
8925435
2657094
43935749
5091961
771717
384000
52262886
4143670
46195176
23120242
2092535
12596750
50178403
37322379
46353964
28620682
50694446
5809131
797738
10429922
27292060
16886629
3541975
6992131
6459677
46720456
21613021
46344833
47373041
36831148
25946967
2561683
53475752
57166820
39596990
29068932
301008
1973781
26947190
9898130
11071948
1481009
185166
1553293
47193639
176732
31074444
341486
56201908
1913249
1235701
26555908
3599795
33609941
75482
39046087
54608917
33913872
1616827
733141
42043691
26038097
35438992
2246651
24734729
1309860
25658287
13990030
28036384
56057622
855850
44549133
508257
1515853
36442869
41286907
51892405
42203959
39916066
50745280
602960
24391644
2192496
216102
6537051
53117514
5251119
3343853
8788317
1925618
47059196
30443935
28280299
24133911
32006111
52190997
216150
20627012
8510553
145023
4106274
20633211
5340045
9039717
52951647
33526001
6855250
39272608
23566024
1217686
5470621
26353784
57315371
57783862
18481477
1151939
11933276
393473
17258587
40674659
38991156
3220692
25017612
43145728
29072952
55728
39028704
4175612
15771891
1950212
20726599
9806397
30255935
416493
13023736
811905
414855
26481449
83945
488613
26053873
7017756
42611
1984280
32974502
19162414
1584188
21762341
6265065
42569373
284741
1170023
55729
56232732
22494373
7594365
4701565
2826681
14552822
13072075
24361621
1828689
10598764
3556316
2646522
2929176
3635464
402577
654179
329277
28336009
13666130
16238003
4289470
2359872
22123875
1584992
708453
2110723
604034
4468780
1025490
1840098
19558874
39052181
35369684
53452227
22849760
4468040
4465009
25042426
1264640
27702479
165754
463443
1259992
1355457
22722838
144704
36961387
264000
6286814
10410811
53311358
42057006
30228894
42595735
15059260
9624478
55365859
55361387
16814488
16811046
21376157
4290270
1526027
31243149
17818804
3681865
40790752
23820600
33236555
28349919
46245308
50880707
37571549
37578669
31342131
8561733
40815289
40815929
12679833
49531784
50172792
1015678
36915530
11423322
43477812
36886555
6025934
44123864
37198018
1216924
158604
21207028
26226234
47155656
2088866
46871463
24660810
1067627
4986141
45576043
17345999
37209649
14009121
40399359
48944880
24738157
28193791
56958014
31417367
10851210
53295302
48292731
242157
26560791
410942
16743478
46787895
15946878
9191248
50340318
7305586
10950343
58127412
14633375
13429326
17914692
11107
21258249
51011714
39696782
39696368
43529270
14635210
28012410
52129320
7117870
1955249
3123184
1547414
23437447
18794707
18788575
5411507
5170775
767635
21318911
32932815
19492917
54976220
2875834
1547382
44745155
12997719
35520462
54981477
4099958
19577302
21703424
21663372
51225665
16013592
41683103
3867443
16764556
30292739
26971334
1116617
51678199
38162533
19612516
19773246
10632548
31820751
22721352
16797425
5763633
28149295
31464379
2094597
3862853
25488507
30327862
53806811
35807665
26064110
7815285
24717965
3766266
23817539
8053588
49227713
33214504
31304600
58263934
197435
18861246
47948609
21152359
16847635
2634430
13834434
29609794
233373
11307576
2858283
34200382
60857
23642173
1135920
25753228
1279880
33914831
8032176
35973887
10753032
36899155
188560
19108848
32836040
42761588
49151270
23610727
11593184
33532401
41428595
17867773
26975662
26976973
29569917
24807273
3380751
44468330
50547725
47654501
14326840
49404
306364
16371284
49513734
5260416
15361440
2503716
18472595
3186008
18168664
25686342
38919655
8766752
1231970
3106121
15660065
3661902
12439007
3473743
7332993
6273051
46685420
34296866
3847879
23588906
47766759
29997288
6821757
40446830
4697289
7468773
2179096
758017
2466187
34053897
12218108
8935636
17977991
4985830
2040308
16966700
21979304
14901502
1043263
47412303
19069079
254058
46824343
7073591
61953
27486969
13422600
31309377
10744166
27531955
614085
316849
47779300
265229
33264130
16345498
10650891
13328566
6018713
15234661
23618260
46774332
16756345
4168346
5195694
8713557
1362038
18668378
46636963
13914029
600368
44828764
17488630
39058673
32452436
10053076
1129005
1333512
24188886
5909481
8163503
4040200
13144608
23607668
26294691
56275153
27783337
17348660
3668047
1395311
56873
40341841
9562130
56677459
879384
48694676
3608144
43158315
667797
2530489
40148358
44738
7784862
600451
3454486
52979687
27916147
6322264
20789412
49599791
15673410
4891785
19205811
43088380
16977023
21508065
58096074
4065723
39579267
49253608
7474498
15639937
40885596
265355
9001459
14932089
32843693
34268214
1498226
9782355
55575215
28048903
28322478
7636224
3151160
8424689
52940649
22829637
12525393
13442847
6950965
43263115
3192422
19031460
44279252
21573926
20464593
12645229
4484746
9441061
15962284
40263841
46700508
22032026
24869379
2838630
19893937
26027681
8701933
28810868
12201424
30109968
41314162
3385973
49520284
27418890
49520333
50938599
14612526
15342269
28612224
38108839
49209230
38433081
12202838
14205576
22495955
15280748
7712928
626717
43749048
40180216
49633248
1855289
2092414
2523077
26361181
10071447
31827286
24300832
53354244
23970558
1079867
17177907
17102822
35553778
8247501
6980583
21657420
35881084
21615467
6155391
533235
4733847
36731392
7715420
9254244
1984494
11235672
3548899
12025543
9253629
15013049
18390251
28853162
9018783
901616
32117130
42561957
7725783
9248724
2293587
3116909
36845923
53631070
12796320
31684632
41086507
48248660
24739403
54117828
10543241
40258739
31358283
32136754
41326050
32788867
31486551
27857931
19442092
18011727
46601107
14403863
28823948
6315620
105259
46731365
25878800
12981581
8772433
5061970
47565654
39791125
1357752
32017666
41251100
17368267
57902381
25713465
7007426
21220264
5224381
18424155
2340359
2753739
8425187
26595236
1246706
35634126
16947640
8271030
1718488
21704078
37659586
47198344
2079980
13140056
52640823
45205293
37930472
23605229
16075960
34368882
2321249
43814122
33833748
19820804
11691824
14703265
22887012
9915976
5106067
3295432
10981378
3008913
44367707
6750473
46226063
25754552
3214691
27118033
23615651
35001662
54262566
1490802
39584008
26445259
48525696
1767101
48497110
26990831
48769722
6834907
33582
19230959
1831570
42390285
7444997
2156689
8821445
241225
31292785
622961
36260713
2340554
917273
7591
56809815
11714132
11008433
6256387
23142825
48768217
49319872
1853599
3114073
53143403
45388878
48808889
2770
17033652
24351174
10089812
28132967
2939687
75516
36397729
35282335
52628148
58058850
43142555
17032622
20494734
21000401
56226684
14657792
611768
4062527
8105682
15459
25686447
52456015
58508562
58508563
40561621
11538870
29569076
33635387
48808564
47993806
48552239
58508899
27913343
5152901
52546879
33033830
49988299
49397388
12229745
2513680
2424904
2475627
25701488
25724587
19348507
33862840
41266703
17245754
1643601
24528857
626913
2752572
798121
2168803
48273463
35058359
7170691
10467799
2260904
6334222
2296844
4671451
18905402
2123542
3990086
12717210
2104591
52958268
6016887
236444
11175929
14276148
242333
40917623
3709104
6995558
23456950
1919759
506685
24241375
4656381
6453125
3757181
2278529
2236503
3041816
3993524
2690754
3146109
1079676
40222914
30447879
32961979
2483381
31830163
625884
3593157
9082723
3094813
33030155
236091
2769012
6874331
16907086
1594236
1470817
2373254
21961528
1213987
2266697
2661279
42652323
3993518
709333
2129483
4055983
1393392
4010596
7327907
7157508
29193
244338
47176071
43946713
19810122
4018103
329119
1419732
2099067
32465549
11876143
25989634
214763
25825448
51281257
39002578
19350315
37672115
29021460
44565754
47724155
55229785
28687670
18745000
30200320
15216953
58189583
1531026
18601056
10451871
38745840
34493870
32352873
37328190
34929017
18457659
8272960
2457830
49270066
34929819
18557209
48988867
37706541
21324026
152833
31259710
42728174
21022354
24340483
39510666
11627
48426805
144178
11114068
8687434
8205631
39392210
24804136
37784457
910543
9987647
6913403
28548481
8642050
9567636
3598101
9573145
3405946
3595774
4436433
21322962
24806363
6371099
24759142
24766072
27447356
24807127
24767235
24762652
24771382
24806943
31359869
24813237
7656323
9561421
17919144
1948619
17249184
42948380
18247885
51667814
24781478
3087164
69692
14634234
41873018
4182978
7069859
552107
3870254
41572680
1086816
26861
984182
3837225
14999294
24464731
10987368
9256811
397271
24456791
27633983
47204683
26322858
6975389
25253589
2952704
58166121
27075748
26122757
31025193
15663811
24456824
31715697
28939385
11872169
32545826
24456774
26954932
18247233
22562470
24456809
3598125
18890971
10575576
24577201
3782133
37525655
51486360
55056932
55821253
10122924
30472972
7675670
22051851
20372541
11259783
434213
2192894
10293274
11944163
31462666
5266320
32038850
19220428
32293536
50892477
49931550
41800139
23229674
9801073
19793189
7874514
3874975
28646010
27655539
25389677
3640966
42638967
3549243
2039930
34463090
9384649
10407166
23167397
53155326
25313215
23762941
21853153
24015905
34333919
15221630
33391377
2019238
36942089
45430530
240749
38980484
37305324
31110303
41341760
42497035
17325030
47675330
49253220
2775325
13805095
23626815
2156814
28309569
29069615
31274574
34344325
24271712
17742682
32165548
41989740
1380826
47192433
11973479
1980788
1392325
36310775
35159726
10962251
1129641
3413595
19650059
6602997
4818722
34057814
23092392
