26781
14541310
32988300
54159957
49703340
2559736
91869
3809916
53424429
56783575
40077102
37961224
10868061
448199
18963910
12996884
50674434
49403673
54044492
33739475
47795538
5854300
381564
6937626
2860038
48818732
424562
56776524
16685728
387746
201517
34909429
2518073
17387465
11432266
16990537
55754814
52724
46289556
50705340
55336009
56939237
5755207
6793192
1676362
8126142
1727031
1676370
20766046
1575379
1598092
3697414
1576479
40341198
45363962
25226157
5886597
177438
20591754
227569
13891422
23040
2969423
2871407
248799
33604595
3452443
735289
41075299
1029189
36004587
1519001
6131049
55313286
46352440
43470214
54633789
54689506
40921196
50550689
57293727
28306535
3165654
43738642
5865771
43489614
5888364
3480941
24255553
36191672
1085011
40630969
1561750
9640009
4366909
15450528
32588039
56026131
24333655
41439288
54634496
3587972
40905817
30960071
19000243
55740418
2102985
27419784
45907
901697
36681
3749025
35940038
267088
21548766
46428545
32039
954125
9664
8368868
10951
14106160
60133
25945824
43263084
43023
32041
59814
608858
3753135
2645494
3753018
40782061
1142972
677813
23454753
1488925
4831837
593924
4212295
10356529
1830609
5228811
1027287
3753262
519933
3752927
4112587
4523848
29834
858114
154989
54156721
47228327
40816295
39700014
39665110
39045789
33760864
13021074
1708293
49506167
1393991
6853403
44036722
342908
578673
57349
74847
28629
4345305
12442058
28700263
3195316
4627768
44438811
30173645
44438883
44438723
44438822
58826291
42550070
44438903
16176216
44438923
44438966
30435834
31686048
36532785
19679083
37713215
52869832
25479804
46606974
39985182
21311067
26920506
22226078
21316814
54028064
27428127
9267027
31235409
31572796
6134289
42425338
16402593
32623616
691486
45151422
36174793
42891849
7433852
3587944
21106773
12753895
28291057
24771127
12310747
39746652
55911571
11883444
3153731
15766725
41281983
57231605
55831906
11139657
58585886
12182603
19991024
58353235
28100194
54408027
27888401
11842860
27704981
5437359
373212
30805061
37908412
530786
5947372
54302152
25480179
38169567
7991854
12559579
21790698
9995176
28682259
55090800
287627
1983847
52637542
5797669
2649330
23244381
36747956
1708862
3709199
1212705
738199
15673722
3505907
2735792
11864322
26480
15164242
11724224
8028037
10374609
770661
11259783
4145703
4145667
4792160
44065428
30423282
42180168
11944163
16788828
194072
97517
317633
29555364
41330767
26613183
26274346
32449444
32080425
12
3942109
242097
18947899
43441237
5174906
1399190
21347657
1022309
44526218
40626908
46399294
24489978
4241004
27890702
7963745
26886160
6675
28364596
3083894
38288797
2189751
42044690
33210449
27353457
47276677
40626870
46335840
2609358
10113
24471389
14654024
33050490
37022165
3808132
9593
32330178
11185
23933728
387109
4239005
7299947
708208
11877
7531458
206358
841967
19280734
6059204
19145766
39310227
177102
1904053
25454239
1188531
21032
51885
21911
586814
1282344
3280782
37503128
3137762
1073739
1030901
34537282
30004450
32124452
38809975
2015288
31729317
48837807
990353
3965084
27534729
40626900
9641126
2973944
33901455
851574
23221224
41138014
3380933
4282701
5875569
9246613
39704
45541
16979059
1117658
49546832
44996080
9794307
35885810
33210860
14552304
38780447
405568
45455132
4933873
57616704
48407803
17178373
2971986
1510338
33896833
53619089
44379481
14847186
15161664
14905081
14463958
15621044
6965614
1407656
505093
15489161
6184246
41831802
55261619
59004024
1367992
27383420
226545
33148906
53905375
52966622
7082406
37040095
3209753
7396781
631934
22210655
22678567
18951655
27662168
30477724
3788923
690245
30861351
3402083
2199641
2604638
478909
1657023
569092
9225209
1405912
38133359
9993804
10855498
9534983
7620324
24077317
27858775
2574871
36523419
5688684
5743212
24514641
1058381
1219664
251944
37911337
14528171
167326
33501440
41999191
1279334
2232929
6353282
6499010
11690953
1326648
8739390
26956099
15440540
13630663
7691988
6642900
2363629
8517443
472872
56923758
1696637
323912
35343748
477975
38778093
13963489
13144407
996149
1414921
1669143
394976
33264144
32751715
23376581
40150388
8628014
2916335
3176466
37059545
8591
19686090
697436
2221235
1149769
45134
40838743
2727051
21314066
3063973
3869283
1781619
418436
38452127
24831001
70432
12634029
27050403
42472514
2355918
9128003
8432625
152626
4153008
303486
48236990
3674853
8871974
46185525
25907070
607519
12634188
27501700
11140732
7999837
56027886
56434626
37880271
6475070
5130744
1441023
48724168
7149605
1244968
40371178
9073909
3471221
1359052
39695140
15852487
5744837
5626283
45580833
53977347
37299161
15183658
8546801
723048
26732653
57442907
1589282
237500
905957
39127332
20708927
878817
47499031
26485458
1881089
7485789
55455444
46187677
39547640
1149806
1245162
39830383
3298264
1751486
10326
13372
221773
16933122
13819533
6163435
866522
4350180
2341373
14912
3270664
54746
6534572
7513883
48648074
50395118
6715581
2843876
49050655
12751234
6158721
2341244
265570
7280072
2231360
14668122
5137865
31856510
20202639
9895310
2450788
34312509
18069727
4902257
166208
38554935
17091424
11581752
35239323
14253403
16354840
3736784
15972738
240058
83525
36081816
12642059
24951007
270468
232415
8845706
2392458
1396641
18664098
13434827
21204524
29078220
8197
28070283
34249369
21748
29331449
25814024
26482249
2208292
1417988
7621043
39565
20881371
31433022
22810417
39306751
3920191
3239479
22742
28350858
498220
327940
22860
7245192
58446191
8907680
15091455
2532840
58766687
11468374
11689840
1317694
24575786
162456
718597
440431
43024791
1019726
45446
24025
38956997
1860451
229719
16438978
49886610
158687
2169442
60094
9015901
5817758
1483942
7055844
10612829
28021034
3130624
25614
26494
2916375
13049317
49124863
28071694
40694858
19563641
19556004
1829918
54062514
56971472
2666973
1655614
14005283
27861225
27107962
12836374
10115779
665434
25371302
43868891
29174
8071055
2118843
201503
2626554
1058631
1571390
3121441
1407718
13120429
19190925
627019
6299108
37889300
4228181
973312
1943760
6593988
13690547
56872209
2140092
1071971
7548870
1823103
1341811
7496669
35555148
1822111
994299
11618357
1757652
49772161
35246903
13532475
2267847
32316955
14477930
1028430
2750053
32632
3956193
3264134
30472789
238966
32893
1508379
25060302
2259738
55745279
25386608
1620150
52637713
49823773
50402471
45584108
27926471
58530910
44563152
17970498
46724650
14269848
46807465
12678136
56085342
48528973
52100780
56637216
56409037
47239082
39870048
56137403
39765668
56087517
54614643
3346545
44475530
32455437
56499689
33950934
54532163
52220595
54291864
53611653
54746829
56169780
31497203
50333711
43714648
55289577
50265700
42959804
1589303
43142862
55862876
238212
55775547
33127264
2074838
34321074
41020140
50285983
45222866
25777855
34534118
53549788
492271
3717604
42501804
45312411
13459016
5961
43687957
380406
44798929
34997307
34154970
3379184
9014
8366559
15447
24275276
874975
53604540
5160010
55648201
54985664
47767659
30784948
15892980
22000113
20177406
36578256
38755390
57877294
44355868
2162538
7070579
16621271
1465997
39936262
1057698
3841009
35085660
10271359
15450
7536073
51001278
41214485
56350246
54611650
28830785
23301912
20200
19216990
446606
22713586
47902485
1791712
35480438
18079605
1156815
24984
1664809
48676301
43184969
48010784
11511378
22921
18704660
8082342
27975319
47826256
24944240
26877546
49150216
26990
5575192
12009633
31235956
36476254
35183550
26772312
5626
58547542
42502861
27693293
25765920
24212673
23044987
22044506
39068271
1205439
24280214
15497991
53686950
941613
9568471
14782003
1191936
21438003
32060592
25821227
8964665
1294888
106238
17220101
1738177
42985608
42581062
50431941
50416177
2313150
46345247
29819979
38433123
1385766
9124629
3114084
2210064
4011634
14085792
1804305
23276962
3286366
19516681
51911983
33454450
313565
19864858
54690679
5561
8402086
505237
3951220
10914387
6978
42415226
72710
3999072
263636
1559221
44162435
57395711
8329918
276872
22400988
24701084
3002656
7214278
33934108
613052
7424474
989154
1061157
990648
21766677
14540905
39717451
45155414
33034640
6338699
7939223
7082881
35049423
21312269
42363753
45456836
8128856
44581891
1543423
8305936
9823090
6711479
2392067
30210144
192355
50073184
4066085
12468879
10425807
23997153
315578
53738484
1664561
39548675
51547415
8109963
26078035
35001481
183403
322337
1182490
18465762
10035229
821148
22760983
35671225
192566
19822072
29798108
395107
39127306
2144841
994704
26530571
19321
4718632
4155247
57530133
19483882
11627603
1480420
19378
43118579
57720057
24651272
20429570
3909643
2194126
48820171
50326
2681589
3582716
4642495
48845497
53375349
30091567
48860259
25140
42994803
2685999
27023036
53375344
47678053
44879716
8086843
13018947
18130567
9731945
14754558
9423838
1042464
17545854
27942343
30138821
41256454
38025273
1058555
22751338
19474808
5442380
10181116
26255904
988997
855950
464804
3354877
7049897
49045837
27262352
4218673
3342061
39094287
44349584
3446949
36560848
55422
31508724
36401496
488083
23874740
40671192
41048019
40313
39935391
9186444
1233304
31809595
2861
1748825
6167755
10923676
28921857
13312171
18950900
3298487
12853423
30786862
20027658
1817986
19163673
385275
29052246
6422341
210433
11484158
21529910
2920947
1458964
1728077
24312436
3262640
1744532
1039873
23218407
54257
30220814
9324744
11227214
28925768
217777
760855
2019081
28880277
7739694
25856952
7813020
22064839
10649523
1242793
52377730
32131423
46844863
13034638
919807
13156564
12799
3341249
39502511
38810478
41241080
10991325
8370136
14731
247107
234824
91820
5631083
28798141
34869777
1547375
14072268
19501631
26612412
18426
52888
39634594
49239531
2064504
35073339
20420
13429182
2361047
34883055
11453699
20557129
34037730
34342984
34036629
26618100
8929654
24389
269757
37413241
11027988
57168807
43327162
3820842
16017237
3498424
8219637
853744
57095514
20210086
22202671
11522136
33734529
669120
11027961
34035
25823199
45353
39250592
320498
28495100
29686743
15362277
13569791
793718
27792533
3430
51122593
53792239
42005
38455192
2028143
20412506
41170351
11286601
45117418
30953601
11442
57852261
7798768
15172
2862085
32489004
29367893
6191457
54663499
40049612
54055503
4726017
24379037
4551565
18588994
973318
252569
1695
11008756
17060601
55505034
51804739
36059493
37103142
3598003
54094680
4097096
22101040
50406750
3007465
13935452
27109264
496727
354224
9891093
4740024
17073876
336614
34549363
55008943
21416606
1502499
33598644
27143710
22823031
2435562
10975258
58564670
13963594
8950930
49462955
3298492
17146474
17230025
492996
475460
1545612
165264
48403782
11022472
48811073
1091420
44263660
2666148
102062
20785969
41813997
13033833
1007362
355446
30530623
17241961
11456490
30779156
229236
6966494
853801
54095081
54395985
3218648
49477980
45240959
424789
11457301
37360538
6267
35712222
16934559
20962936
1765673
4665199
394637
7160538
1230430
42701081
3327596
4887671
54478868
48359259
39733609
52311270
4751657
16615403
13300845
57483945
38305143
32275208
1257710
51207248
47328634
7720399
34170123
28523058
7710512
53372308
53995199
34833541
228059
56896475
19943944
3699777
36713338
27702479
19968071
976389
554950
2700105
911131
2298034
35749603
7349764
13251530
333225
35393129
25806816
914436
2744606
35836108
17017917
34557229
3297763
20302230
33440947
26162571
1853101
31730306
178693
40484036
286347
31614367
1600443
25456170
24885165
1105116
3154278
26710029
22584328
31601107
3674777
4387845
37619021
7605527
36094506
38261726
210183
53197324
2083590
26346644
51329
2149045
11575848
20962627
46900125
33225681
41583575
3351390
46478160
21152359
35552827
48315263
36377209
49922564
50091049
46970402
12811065
1117836
1912767
30891039
42546394
15392729
21541034
49803411
52577541
32817141
21813898
1242904
18490995
42619009
26489524
18482886
29201362
47516715
51100996
9223
90075
19280607
58957999
24842835
216211
41901406
1923817
51080574
6199140
52229069
2830832
14768005
32093943
45642
33853457
15907019
177694
1633173
2043056
177696
1417710
50800008
47763
2538735
314696
1827600
10091
3407706
20330299
1639997
66997
28009780
42518492
55784744
15143713
71627
39800770
13275145
27919953
75286
49127301
10432412
35319154
55530
31835841
10418624
48304379
5794294
1517620
17945609
2704720
3253299
31930474
45346
47890158
28102077
2370329
161973
40463364
398356
44632395
50649
12136950
742032
1019435
463734
967844
41158050
1159092
1941456
26044771
14541188
183243
4873196
27288010
49525731
24769645
6802524
6786225
57078824
9177450
16971924
47802272
16953152
3280844
2855257
8081066
36248807
15516115
1149904
23668992
57425862
13387896
31346116
17351446
53452291
898161
47470974
711728
31655501
501118
5949047
4543587
5266320
32038850
186446
50427403
47827949
6610917
23797849
6974596
38262946
3439019
286960
19877
7416713
36908659
14389994
25313082
10943769
29854203
128608
50516307
4686871
10063629
55633
3439212
27891886
3190431
44426150
19021764
404571
50765485
2371378
6985614
5787426
2269821
2857072
28016564
10772350
14541234
21014942
1685624
6830515
3402732
26334944
1827281
13774191
58618049
58034320
11325429
58158104
58657312
58645395
95250
24456791
1884381
46249744
50558307
42191322
5343419
6260086
2033132
4923690
50015690
707323
5761650
5761568
5761692
884589
973095
614534
24385806
17511649
36199570
42978594
51696535
23826998
3182362
50741369
14532106
1058840
35186473
15555654
42892336
4367160
38409849
56396876
9977526
1749638
20270864
2178511
46697210
1115806
4053672
2651610
26266653
16832087
33477773
18756845
41857352
12082283
187721
54576033
55003162
31411458
57430974
3189536
319611
3880495
52371084
54043830
31715697
1010454
163131
363601
1265734
44535299
83430
23080327
39807
2849318
2028898
46607376
18564154
27397711
177648
3421321
202286
16982621
755413
25211041
21119753
740176
57641927
17507803
5134465
3006497
21578153
57642066
7955458
1820960
1419554
45451212
56412457
18264449
229058
3714452
979149
41800775
6668914
4973010
860510
3221964
224985
8749373
1223920
5259279
1325731
51796195
5950280
58420452
5165
3412018
1386551
4322218
14664896
231079
5266824
29658740
78255
78449
58833055
30292158
155899
177512
34641290
72161
13118658
850705
7525975
2245776
1178795
14721436
13889767
6126196
14778022
20445622
14698871
31868114
13544786
10835811
3691948
24321121
20544344
12983678
31982834
2596739
4279531
16928831
1923965
20108790
58950660
13598464
153767
4166219
663948
37122169
54532965
7464454
7802793
30224834
1569872
46382631
508535
191133
20942
3817699
8315436
1503460
54681275
16294930
13550861
24722548
1794929
7068198
12983357
2393552
5141223
8879132
21847425
143913
19590990
17383070
7391817
1845092
1923795
221554
18908074
6084894
33566568
29082
18346908
16280461
4694241
1408241
5168879
10851027
1421312
717439
32181655
14544789
37669571
5696235
7142213
3860430
9710174
263027
24405894
4395613
24592317
23440598
51908265
655311
24644075
5329197
10185278
2024076
7703977
31847810
34488928
27346823
46958451
18949668
18342
25389252
2111940
46273308
39246512
55504612
39198876
56582267
43823562
35097397
48373223
13831
51261471
2296282
764323
1704112
44683200
4807742
44497647
40851390
6719326
226126
51913
777042
50276542
61358
25603863
38380981
25009
40437234
56215612
340401
35391721
51490
28648059
57981138
58875000
6042463
57315219
15826297
57691114
4720758
53504025
58947778
14366249
5816107
42132936
47849771
276167
22305699
47681665
35069405
39863186
47227133
20028070
56136900
32257721
17784468
45355308
5595761
25220514
31262284
32091581
33902461
227108
21564286
57856273
1239504
26557544
28353635
6219200
30737676
23042988
53159401
44363108
37375777
34402185
33476174
33488970
5645155
3375711
4001463
18341
53238020
27700571
57043877
406551
1529376
9110963
11175098
34416580
57533523
5650079
248810
38191512
58447333
51147036
20324344
12531634
6867
21657133
54270126
12805663
847462
23789867
21169201
1985450
491865
34957864
30946399
5112137
17572785
2964506
3560440
57760678
912426
2134287
40561059
14361510
5044648
3990062
25598628
18020716
3284859
36196531
425002
10258662
39356537
38293879
43293772
22404187
2256405
29460546
1136479
17524
27703924
13503257
22499764
18077
55402
52807149
8424642
40621603
50621302
36619874
3025505
4493932
50395923
38558162
38563793
6900144
33963629
34384656
402929
3289566
585571
22625115
20837956
57049891
33742208
34404303
26691851
13988512
9736120
412014
18894210
38693641
53445996
10417456
4574535
182837
218879
498582
22300361
2786731
44071558
54602557
3839610
35488840
10511206
40979852
50207524
477912
1014183
3404049
22378041
35291011
46302564
40833540
51460271
853629
18955141
27763
33586685
15720083
1229071
26860
39590024
35992087
8054866
4436310
603325
13718493
36474624
9715522
14934822
54602209
34565118
2067260
10878833
22618868
33899852
12236006
33950818
48469089
6872117
630576
19552
30695401
36459831
7943564
696946
23463062
45235317
30801947
1874535
5043802
7643301
32656130
11604486
740325
35202684
39877706
51528233
40463481
51578025
41299443
4559353
571427
30628775
1957258
24285593
18155765
11013758
11104696
954079
402119
34111459
11132916
34800540
49671486
9715234
162797
25432546
1652134
50920479
48739899
25219951
300543
24598544
38228666
1605735
22579694
11365968
19548
2655159
27407168
36822955
31560245
5075805
240072
31588507
6050561
23174517
22425232
40662597
39313511
38862518
12779039
48384183
21514238
36584064
9321888
5168154
16371643
15841839
44936061
3563307
5789090
3792917
53069992
18993927
8494466
3277654
509190
2845990
24561779
11015023
789055
473321
4996362
10469862
2663709
35236347
2355975
2643048
52481745
51662874
51493767
51885057
53400430
86586
6473930
42830944
1369507
38025
741071
1147647
25790230
25846988
17177677
17178522
46601456
43428903
1771836
19488901
2589535
22749538
18995717
18325566
7092305
17845599
43857677
55716973
13902244
11699892
1022936
804003
2264109
708673
4999816
25367246
25595604
32018456
28395786
16586757
1322528
21556534
8050864
8915967
238142
19100297
27509349
100669
2726726
18431120
31033811
21940399
50830846
25110948
1982331
1436399
57187721
6714405
25803948
7843015
8054393
29298401
30581640
3126648
12416759
55679432
18463689
20964104
8173330
41764
20819564
22371625
5697310
29974
19021245
25353549
31574789
35101121
57781595
36648147
13740771
56694560
3144720
11528384
1546697
20623786
12925585
462720
1343861
844162
6371234
52039332
38337332
21175066
2536492
27376078
31633506
10810155
7953706
11507473
38490371
28103720
14603175
23454817
173466
22108892
17603008
46967221
26944363
31311846
6197524
2938750
38804381
29140747
41265553
8641629
50703881
48425015
36741752
5043744
42103121
34195662
1017812
15356441
39664291
3811659
8026125
21518802
32490966
513246
35018021
50881404
26336661
574666
43082197
9808417
30991765
1127085
20749412
145245
28148197
18176150
31904
448413
32160
18537936
53808765
35215077
1731559
24388
20119228
17291202
20348643
51399846
31496181
37117778
1218279
44307965
10094760
20949522
39184036
38566163
28136455
17799577
42437083
49213773
14131017
34785801
40628358
44413025
9296327
293526
53265565
16200313
8130927
33035421
29613859
866752
29018265
44250724
20722644
34557168
28836314
49776155
30679665
10426796
42172529
25122627
25380700
620985
33783147
48979827
6436951
19326753
6052711
585765
14679356
30230244
2081599
623244
37930814
36242833
31770835
32845766
49122038
4157420
8297930
29555161
48738380
33437405
15377063
584318
639389
47187551
41315495
42828276
10412265
15299336
29976943
17093445
42308421
19333139
14292726
19278463
35597854
21837800
12249040
8233130
25183022
23497542
54407328
29524395
8543156
153324
25084
9086116
30630597
42122506
27336158
18409939
50927033
44314903
17446193
1745670
32808939
13974002
4157356
4229742
6999780
30758485
48118622
1064845
42598989
13592568
22139117
12667477
208772
1582335
856333
1679513
12577730
39396340
19310677
364818
37124453
4077197
4114272
10120046
25679439
13669872
50712
489094
4483356
18004239
7984866
39925201
1036651
12936910
56309
1347979
25586758
56113127
12944950
20697143
1033299
1704228
28544909
41970770
51114
448850
40077384
5152520
18717981
2081132
55662121
52044774
57516637
4530453
56366044
47574487
52054307
57678302
44120932
46212943
8024980
209914
35648230
3059114
3212386
1909466
46439622
50208751
450257
45594735
23945936
23604575
14450419
48783506
17052368
6472499
3950957
57254082
10432212
23853172
32571796
1200028
20288128
2988398
22840652
19523044
33185681
20534214
544294
33355192
11307533
316958
35858373
46635368
26120574
27940837
6315586
11333018
34594472
3300308
50061533
28751590
28324496
12443159
56520
8024110
22645299
5062003
24547311
5161842
2691396
54013249
8040776
5792405
48816789
13433538
298818
47778007
49774665
56269992
48696678
2245310
16313813
1570527
312678
3405565
57519583
29804963
33876751
55620628
28222069
40790800
50758933
3207104
144121
51590482
51115461
5932001
3021792
20020658
43147105
19254435
52202251
4933087
25312729
10451618
13884766
35558740
28111321
35182998
25504998
57559457
7710343
1535090
31936536
6246670
11027455
55819429
46182552
9517830
47621038
15430033
35179951
7803002
1018540
11989315
6877452
26099638
25106296
1787569
31837835
36408400
5688984
40014784
45253066
56200257
27747090
30338225
35975372
888909
11053630
370398
3306475
54601961
27417865
38462339
5759893
39338578
22834281
11201559
66599
25920713
35683128
19047010
20623119
31567004
5228813
10796040
27403248
1163417
11601920
17586014
16862073
54585961
23465091
31206901
37814354
3130540
21502793
52095317
53226889
25959502
23645246
1190570
7548962
36891495
10939047
41727462
3602325
8151064
383420
66774
419900
41258426
19822852
10960215
1543903
28139692
26143098
16118019
26332
3508283
38476817
8924880
888895
1014770
10850248
48385296
43318706
48949509
2886010
31723519
174704
2497774
860693
371452
2815603
698830
252737
19947051
39836130
3833260
28908
4137670
1415899
5284746
10446290
40058616
1721470
44187456
46187159
5181818
29828621
15471195
19879505
8247462
3604549
47765929
75472
3772752
51089566
764593
6461404
23370976
24148827
11448867
43937725
295670
341029
48020
10215531
33041087
4799746
47639409
13992374
1884392
30875345
26101864
36171312
29603487
4004720
31837770
32827122
170768
297970
392891
22842718
8335967
4225396
935041
4646824
18112665
3787114
38873264
24626857
23607308
17070460
34148213
5706047
8980927
21585507
56313
38899978
22478521
54547159
54609045
681622
52411579
17902829
1243555
3694654
6727454
17821743
51362434
30265367
34421879
2919118
1232743
866256
53998118
3538507
8371874
728
298313
14727165
27471894
14727321
223124
23051894
55416
41434426
37559
199877
320318
254243
194193
1539982
47125000
32306879
40500118
56820103
39603723
57995647
641200
57910088
16116886
56483023
57584184
58398951
43103939
33239630
28975022
50914608
17938055
55664235
18465380
3143889
43587077
46716953
54643289
57589563
58506478
34459836
57702649
31658592
57589095
53261115
53815472
56975567
52775150
13755308
52149925
58214813
40908971
57832021
58337718
14627244
7264188
30391
44464017
52541217
174415
52901349
227111
43838560
45512037
57786662
729974
21566
54893941
47225799
50773917
38937759
50666264
58954776
19456
177907
513272
228089
27739525
11201770
41808721
21801090
21465
42035006
43087289
503742
333826
54658163
43624902
51626786
6117
41049633
441089
36201647
23743707
27534511
54274928
298413
46283245
33689831
35108639
9871104
38022512
45161423
53475864
24489303
42427495
15865532
41162191
51064667
43550230
51457133
50776278
43070760
1665598
9774444
31307443
29536636
226163
7520669
37390623
16907685
26153412
43922440
37878919
50885913
10254499
51347080
2815078
13339658
10224195
22231212
29655245
30980854
50363441
15846026
51623236
33877519
14215574
13048148
2476222
15795463
27663140
25296139
58636776
53931398
28703924
31677600
51130730
50933107
1267214
27656175
52778897
56134067
57107381
6870953
41095847
46365712
56518593
30409229
50620280
23193558
32899637
5733638
39082564
41860012
47418483
18119617
34614340
1391046
15809060
2012352
45119222
40606968
27296116
1195937
30722663
42896814
12375123
6887789
43191407
38864294
9497875
39118350
762535
15387312
48204943
25845649
21839591
22313913
750603
3219457
20216556
36938388
29967255
58632297
21795391
24104366
33894724
35349947
2251383
35282650
36563953
51543231
2613103
49894
326952
1067449
2075439
924703
2268080
43062801
2602429
7818865
21967529
30144648
4240252
8460732
11167006
63092
806118
4197973
22726897
37544400
8468483
42073355
37261829
1425480
44728102
57424673
45673414
9677319
3691969
12091977
55865103
38186355
93815
52321455
37298232
31666290
9007078
8612118
10160030
44507032
5600149
47049749
21617219
53231383
28190636
7853473
57120169
28741065
3094980
33647712
49587177
54818344
54593999
42540532
36907415
36902343
22850588
56203283
42966076
46798139
55282577
42940773
55744458
32878998
41213698
35600105
46798267
57849054
32237921
11587314
47046639
52941923
57732094
35075437
47046932
49513428
58875369
41721607
55292265
20980425
41291851
53430246
47047579
46543285
46803266
45232538
47053083
18879424
53678311
38182964
55188929
33272291
53821565
4661577
52402660
55863438
41743971
40478304
57138723
22397463
17970776
47058341
57627048
36713584
47352495
56709009
5312481
25655084
37442193
2878926
55827140
46824443
34672866
46824514
57930009
46999086
50751007
47063293
54563532
58917815
58565422
39771994
33613856
41337613
46746309
47429921
53942155
34485548
44255098
52578217
58732064
43771575
20856324
33099842
58822701
5033761
38265898
58194309
57726175
33395143
50707246
55053289
31952115
49338579
43431561
43422660
46825495
36878516
46825914
55765708
37695358
35919457
35601857
54561791
36890652
32424897
46826101
24964285
43711408
36912655
57994638
39236668
48300046
53045066
54266707
36673253
48611443
39913220
35083759
43676479
54458242
39001842
32394717
41293088
5089856
22364366
18701582
47836
381467
38400666
55788864
58939442
55927286
58931656
424925
36472268
33670272
10784596
38875948
1220097
54010091
11020967
2194480
33956295
1880457
17666264
1691852
15454197
12916622
14020553
40639463
9599232
7505043
8916288
56389539
1000450
2302288
714940
1187313
1161913
43009446
2968366
19577291
5703612
18287435
8993232
11643172
22576611
7497949
2072724
16034054
13437469
8897164
30949099
25890187
753504
19194389
11391774
31461781
27543357
11041
26260033
51039338
27644511
44734608
976848
949904
33988309
34925525
35645821
5765744
5755065
583572
13945040
33294875
34933236
22160920
47480337
47532750
57574675
3375855
38853940
31154724
2307121
50019630
38204193
54312136
3619618
396154
100467
1804507
1978708
57772914
2223833
70534
2660488
20574280
24129552
37365779
22261758
26508109
3597616
4307591
48324390
797437
6125615
2386106
51717434
7790659
26519337
415974
31344481
3410159
165733
37826410
47887441
40566511
36082536
11339559
38057575
1158060
33547163
14941891
54463071
4000292
14944158
6509398
16604581
16183541
2996441
5556327
55595660
14944092
20399818
33133808
7852365
7451513
35786689
631348
1014227
33066506
7612
33246646
1704306
3173752
15044030
22786566
40936937
38109230
53697873
64644
394677
43602130
40992354
36254352
50064476
9357204
53471483
1187936
48145888
1131801
727378
47096
43215631
48528803
95185
274199
190275
512240
53684598
38743903
1342348
18068895
582018
1417002
17213956
40311206
202171
21249549
29605521
2762459
71394
34517100
25945
5736781
1371541
6507427
27478624
956482
17900
828919
30111423
1796948
38365472
2674731
13519153
4750232
18006337
21745177
23365324
314336
32739700
11420755
12480054
43920008
25451133
38701458
33351089
4551943
1854641
45534
6799994
30111649
1166112
24295115
53626
11014144
8435380
6620714
23129536
18816761
10256435
5169621
31627415
6366541
7723293
29140947
314702
47826274
53621
2360999
1293722
4932497
2466132
29716325
6723546
12017654
2534560
4535342
16706374
280925
6077936
82491
18156175
23718577
1114866
8021790
56064493
15432982
8094288
25442339
12850019
8606018
675321
6044579
27692923
30628818
50757843
2117793
55190097
21536356
799398
23755052
50643444
4122187
2527031
9940334
26955844
32131559
7670088
524969
9787720
29138511
23780468
634222
788561
3245815
5512472
15868381
526255
23534467
27692880
152736
7482756
15079013
32610361
51262448
376588
29232898
11219529
24156968
4847167
39232027
5127913
598555
12840148
33699756
3220620
22428737
9787747
1219685
597082
221797
3401245
7260569
2114377
510791
161948
20307485
3767575
2956912
1380826
38471605
161513
15115978
5449271
29234992
48172
55340986
56335
277956
4403320
38699400
48743
285921
3880397
3350992
8820052
1056586
23545
5904417
2258557
1138185
44808017
177652
4340860
7805447
3129664
2264196
44428758
43267170
33654482
39532079
1358313
15760048
4108833
2591918
27862495
52659107
28652
951940
34265178
3840912
57531353
7881361
8693555
22785026
46194565
2399697
4852076
8552730
1375342
33844737
1033912
9297
45633
12672071
3225498
221419
157267
14246632
28298424
690842
594386
3740489
6331094
7266679
987107
25602514
5645470
4254743
7464272
904807
2866264
8973755
31642145
24490545
5388940
1508112
3418022
53755038
31660596
27015353
12868484
24756797
17123719
675345
6880840
1537091
2519712
711230
47953964
4627684
5998671
5900051
27919989
10269251
15933474
1738221
573937
36359657
9701975
26441648
4122252
55419
10208043
1943382
857549
4742076
14849218
2211169
1230181
1642392
35142484
15800667
2793195
4891153
27837170
2138147
3832940
1828083
7307026
1419264
51040635
2863150
44281293
58624
5598944
3548370
473876
861713
35165920
916083
1573230
58741718
58458136
22660347
317047
27006088
11251634
13531
709062
3947088
53565228
447792
188540
42614831
35805452
15168369
1014250
23029636
10445418
16111341
31322566
53850913
1704268
1765509
51509011
11337014
17571615
13512823
13916570
23893407
709031
7770133
23511754
51477023
37413044
26926596
184000
11255137
558642
1016857
164045
500998
50518990
19009
5285895
178972
632800
5528985
128027
7770128
23785
572349
18282592
12385964
5093855
263623
26302416
449532
495057
309812
52588322
31212
14277527
1230412
604063
19555294
32109910
53567994
23503722
20927655
31332208
209215
39740142
23827898
639129
109275
7335240
55946029
132471
41428393
38218
2159322
194093
8562899
2951290
3032458
1345074
16288
2400008
1451835
11646
23785677
26625068
12106043
33351878
5611943
37940517
28699677
2165921
34357595
49289326
743205
27146756
18074628
7365265
880131
50089
35629202
38619533
42853728
7304484
11335700
106139
106540
4550491
962308
248859
294996
19455
1299809
20278197
2028841
8101680
22774335
42755364
14039556
38614884
40191243
4744384
34257150
1943811
41001124
342711
40712802
5317064
1658011
4927850
5686519
38275418
20476929
1441150
32846191
2607695
1728479
1674993
345419
39328042
788900
58206606
47731394
50722301
2969445
12151501
11037938
56614374
9843744
54137627
24983
445239
1686342
16543984
56197421
20278369
89525
91854
1024688
7763120
33692942
44923345
10969154
2917415
3236995
23915525
54594976
2128182
699350
17364396
38607104
5953919
1578641
41631841
46590042
46589055
46584869
5149505
742316
27894271
10041470
6130036
25867
43753427
37441922
16187
286632
1520865
48433433
533263
12058290
7134597
5920195
10004
10021
8782085
10674678
1354571
10015912
24267175
34848049
447089
1105799
20481346
2856189
37159435
14962461
44380379
1262528
1191780
5145435
31252165
190235
1977277
43572162
867523
31527520
51594001
4378212
35973649
10129706
44329703
1710974
861360
15201
2128207
4544090
37791917
33453274
51270256
6127494
57361678
44827879
4223528
29199243
2809154
549355
985959
34871759
10160973
3865547
7723865
5824904
95279
5907987
3657925
39304691
554691
35950480
3205964
5720497
1472604
31040137
22816
5582413
38845058
50026297
36352733
31180829
15870253
10005
27988516
42208078
5924318
21577635
4010666
20310914
445279
47797003
3844203
3203271
18018389
1252837
852482
2883641
7096665
29199613
411509
38131533
382594
31029
57126815
26285809
5592778
37519240
2905982
445952
30666
4309707
21550783
159405
6674998
6711330
32923
28654727
13232954
1660318
22135470
38674164
118474
7912930
808876
12223
13276
20784062
20785947
2359894
615724
154902
4006694
419093
26365840
16366
35247766
8914770
5483237
28231179
164556
3677766
170653
907819
12737785
18935456
50104106
6491422
13245601
1407832
4797236
30874872
2008422
295993
5584228
4433856
2955590
2542993
50600664
10284111
177312
9639784
24189366
45144880
33884068
39131926
35652054
1970945
47318245
5853079
45563270
853018
7729436
12859
31503702
14091
26982970
22215125
16438042
1971075
794550
169637
12866711
49276992
25925491
39282128
368411
1945845
59563
995418
45327439
34473122
16369
3687637
37720661
298070
2928860
6199688
41721159
21507515
2935306
2472783
44564297
9753150
1356238
24254265
5362810
4205386
41205768
294827
35525177
16637248
296069
5589785
8343903
34650831
7879939
883666
9458094
25959901
216235
1470290
42314
13466784
1341369
218792
1684257
1966466
3219081
33606303
10151664
1575101
29678048
24694
32419813
1554132
11197004
299378
1987010
17953828
30260838
1311096
26610330
3248459
2460481
24844841
3840399
30269977
2517216
34754687
216412
206530
2427729
25166191
35024654
12342750
2451592
25931666
28561
34335401
40061732
575860
9456489
19375659
35324209
35337248
47702
5479856
3514696
39636272
4220749
31244510
49271775
10284249
17092639
19635834
770975
53582568
32064959
5272112
185966
54077442
25044874
23810295
4866560
7440205
1713539
9706226
5836048
20502327
6677
3742318
1118248
22340827
1096446
3962924
486450
4911701
599178
21128831
32891631
42736966
1025190
20467404
1643771
151350
56100520
95816
21095287
1519875
3868154
9137
15225843
10111
34155657
15322877
58132772
22944626
719365
26271818
44138956
22757157
440006
636147
3044408
10809813
2969767
40628153
21705001
652849
25893650
3701198
58819051
34025708
1248704
56730925
730821
29209828
15323155
3539395
15181
1861821
21414057
6666635
28081158
12004229
30252
552270
29792595
130918
9744210
2496310
1161559
39766740
16102540
12476895
4652008
18048
52756707
2525856
7128959
1221086
14209707
43069524
6305266
20971
1580458
3726207
65668
11537666
33844194
31771913
8768899
22315
8068558
1217056
972208
4227727
173299
31254262
14522988
36983600
625715
1007621
43565956
24561
41111937
53356159
38707853
36686915
39327843
9992939
15611519
46256014
11328678
32398661
16997397
23554608
42900970
31576812
296083
322830
31208296
15323014
6112194
21554936
25755
2107147
25856578
41207365
27113
165893
454355
2055892
208697
3229028
5620729
278263
38794736
771103
1251237
1766637
42051126
39814254
27197116
292269
30980
30439
31148390
27970381
22319021
29920
3103340
11758150
16999211
1253128
22675299
30455953
1272591
10623474
49373387
40949353
42824022
18664006
540801
51145241
45222773
317501
10430798
3119260
3320330
61032
981440
28358140
25400
12940451
20515591
70400
10094485
30146061
40941597
43376126
83042
27343375
37941237
37926631
43473290
9324265
30102676
3117750
70401
5117137
425415
41444371
17213152
4499399
34375387
1758866
24278527
628450
1993671
58589551
28752081
51067
48834853
1398957
9298332
53650798
35889303
38775607
417453
633853
42711872
1393633
18637184
266956
14698111
1391202
18100436
4185370
42940415
29492719
30073199
13027942
8859062
14551108
8369046
2678638
316966
42742199
1358246
13510799
9928
515580
1022287
39180591
838256
33390716
40449303
48510923
45694613
6845279
33539817
882333
54398673
58540839
52731546
56474178
46187368
50740275
7738400
1843623
295248
44004878
13033965
40980058
463144
1745301
33244271
449071
40826054
1371224
4984965
2317071
1618034
31404240
5314188
1271730
4994502
4988878
49312554
9223719
606522
663810
15450044
43350024
44041240
5894764
29621505
1538038
527877
2179980
26610577
20726906
2941630
816598
1722775
14684661
9017676
50255379
10042846
1796242
168622
49198
3952700
4974142
1980358
58615164
4783937
702761
18417310
12192781
53994184
2679667
8675276
40117483
1139242
45573838
2212696
984629
182117
54063128
203510
2279663
9667001
32998958
12447991
850579
11129423
18528108
37789917
3461563
34327569
5411423
10150076
3241251
8260206
1576445
231202
45360866
7519804
37783973
3998822
20554065
46893591
323779
309379
419841
30862857
30631716
2058685
34603347
879261
14686527
300545
4844150
20936730
35599585
4163705
10386451
27422182
23221829
15869716
12083679
38254885
44928929
376996
17865
1023
49938
44443
34212305
33526804
4685264
30239204
5416
31666505
9209651
56259223
170522
998577
408891
27619138
6997
4821491
20357699
29898594
647199
38443580
909320
8805
673858
39699737
23573352
4610544
1723248
2103443
7705752
20788797
4843627
5533355
1762386
8638534
76412
8348744
972079
368329
693449
1433722
41358943
7257476
1859820
37598550
207723
21648451
177778
225153
160355
22280428
2451225
48852
744849
1406601
43069481
2118562
13560962
1352048
34829719
45291
21372270
30320792
14872453
76393
18776573
7843
5390382
12125203
423480
28292122
170501
11391930
153023
29290534
1038174
42549239
766834
883642
18247265
610895
26847
42220079
38499307
42823979
4897163
155577
26775
562270
1253235
19745258
544484
735201
2807920
30321215
1421315
1011693
2212261
486842
58991264
51482812
31989876
1108803
40403248
32359945
98405
8149492
44589765
19084222
327630
31968920
52747409
38802836
4251
705994
1926540
7230444
39619035
328969
572500
1841516
39176793
43375
5820
26894340
55180936
8467077
51256154
2483814
43473082
53535011
12189319
19975589
428002
52133832
11054
28076359
6780118
188641
23534921
1612074
30857003
96920
51812447
6271847
8734632
15012
16273884
2167521
31803299
2399015
1299210
229224
13070
1234174
3832640
219394
5261310
331639
8943314
30767586
3006762
38936386
6793720
14458641
48755
1722611
25418239
893867
216531
12981529
21663
761310
2902830
952984
742515
24724
2815680
42768428
47123036
8817545
12244290
18106574
2288552
211484
8772867
43022756
26636309
18754555
22872899
868284
1698800
42384646
17560577
43712781
6762680
765430
9532808
31336385
52555118
666601
1514086
41800914
49404749
18386777
17264570
21722477
45018261
53318782
2590084
19476956
2036339
27226465
1659660
11485440
5531689
4827238
57465515
42166505
9347026
517208
23769768
152534
1094664
2726813
40668394
505760
53195819
730450
729783
245678
313570
9220580
435331
19527
14050778
103123
21494
851927
373917
52459571
49403508
1107345
37189417
47156854
14694092
1377473
326609
58056010
3347133
9891043
3346091
634139
1966095
5708
33416896
2275708
4198908
37777670
44379667
39039502
18564127
41585753
39711745
39032658
11419474
583048
460375
18388061
9737
37440011
10044714
39164875
720902
562073
1820047
22743687
18208266
685186
13523311
1734215
42644877
58988889
40315121
23166182
1886914
1718488
32705937
562180
529817
681316
6867261
487090
54421
17995542
512045
15331354
58989245
48219196
54747586
3354802
42594415
22553934
1392096
46439815
295610
42295551
55830234
8544676
52148295
58634618
48724391
36161211
44389557
11408
33016456
53029912
28629308
28153604
46799742
58864450
41812810
41813255
54102442
46433479
38824009
15702045
56000450
40793147
57494481
47665171
42412671
50188765
57494486
9123889
1940754
39265626
38846583
186322
296726
13238864
232627
53246456
20291651
46907915
37131361
280746
52199210
1841990
57117490
46986161
45241516
42304214
25916838
57546578
57988439
55551931
44598343
19168
45241533
644554
58519746
58112566
56682594
36040332
42888252
47986680
24935549
56220326
49769402
37813467
37761204
57284022
1306405
58450904
33916642
49644346
44561755
7023870
37056
3576086
56767518
41303269
53554
47751845
2871881
24961590
58360911
58408704
57991428
42873759
254067
47751868
1713046
34405259
35627827
15827736
2785710
48765193
58864551
19516651
45616268
53869770
12965084
24841877
52465506
1358764
57296120
57295477
57296100
56094132
2727079
445022
21924280
26378079
57768170
5589044
33951564
45146618
7363
270789
3130055
1333727
30384
70402
13305402
957839
49054606
1303219
266157
47200518
42707794
899881
6427405
26040863
41311
2173686
2577605
21508
76025
39671195
24269
33833
3369678
44386667
11171507
27695
32177451
227053
22166774
2748227
26859
1886691
38320391
780852
41083749
58486105
191145
37476
9235
25879157
168592
29229404
15909956
14936
22882894
30418740
33596709
165451
41815531
22256
29136076
3869348
22951
17919956
34790424
361024
1732164
13967171
239259
37502655
21407921
215740
49562
24939994
5017332
22253763
52468094
5709108
52757988
4210691
1511104
10286
299972
2846467
28274004
19026713
1429642
21212
27554526
34498720
40668868
1896541
8210419
3191759
20322901
297157
25663808
41981576
41981409
32724237
338680
34613202
9590934
21187730
28439254
37312423
32945559
49036357
18699291
8738289
37069144
36897949
37210868
2159251
32944047
42653313
34664686
34576505
34608813
34441250
34441493
6869831
34492701
34600133
25977066
35032535
24803285
37279772
24025277
25035091
34492381
1833394
42180746
34946729
729827
10051212
430403
19649427
4887471
34891569
5356924
44108975
34736960
52402175
20626169
12662060
47559740
4577839
3018780
23593036
37213107
23266150
32452526
25973624
25217
36188739
36519474
25036845
36519241
5334635
34576799
35131147
327350
48625703
619526
52836669
20862129
2346802
32965061
34255765
3941495
34747847
34693152
56733788
34564395
34564408
34564324
2159154
52836105
244468
54118957
55736813
5887349
653178
12715033
50819395
7569749
24463909
3512897
8788958
112554
115820
3072819
8546245
23598871
7826408
25426934
44949644
11177972
42576754
1228774
30506970
22875827
31419980
49054615
26866554
55504987
51804061
46970051
53594947
14925811
21460194
18488919
10049159
38391679
34763801
31358592
13205734
27670080
45522156
57746781
17683716
24150036
53068668
18563487
51602014
13218231
13219092
11975707
6872931
17683827
10014156
24521088
7781749
43455585
19803783
56956639
17851340
13217549
723189
27049800
52503905
19769679
18041930
23535306
44299304
41398622
57082574
28535688
12637991
5803114
13207515
21728823
11319150
22613112
36530879
14314457
52435963
48693870
15025407
44562472
2517572
15131800
7957331
44949628
37073812
28905954
35740041
19806455
51008871
12290408
7104982
385467
32664281
52965572
1318275
1895197
12356378
36089464
19011098
40526538
28861074
13368871
368956
18480320
50142157
27093965
15056554
31562799
368973
48480694
5248574
33824096
10089791
10509766
14777957
55815720
31253510
40724137
27645253
27646456
27646414
36239264
21904787
18006435
12651397
31076595
56032468
18152774
52443680
11447298
24884532
30302086
58754268
50079
30893946
46585986
8752515
47195350
16716836
26442520
12308024
1354165
46814110
31427982
5516408
2733675
33346894
57647283
13244131
12953265
30324173
38087043
50580622
56024347
15296329
45042336
36027149
48918223
1223127
40630667
39635308
5436334
34910931
37272272
27920512
14436672
34921670
8406789
45232679
2339772
35946571
5946880
14799064
5980367
7982641
11274915
37648646
19885463
47860341
54186185
44345013
44345068
41611359
16181052
39952681
43867602
50798693
26555841
55626127
36691288
10439152
14090644
3228403
44609083
36041047
49402921
40857355
44021
4261
1636145
24594949
39376875
5703
32780354
860287
240791
40440157
986731
56205812
6900803
50215511
20953966
44924662
181203
2109529
3469516
31929560
26161723
25407211
46185063
604029
33879786
56222448
58733747
205384
89633
2845394
53833240
2202225
38934497
1834408
408735
21251990
3026421
26203851
160020
8646529
41528899
2739269
100626
28344576
3193118
1963048
659666
35398518
14216872
195945
1719074
82287
465238
4767788
2671960
600721
7708467
13154268
2475754
13381784
22328740
35423291
33257139
841203
23284
22364401
1202341
5194532
1449930
12467940
17774124
1714278
7648186
140728
54062262
7686901
309409
464277
3926798
29163545
6743283
3172901
915730
38806539
2990439
165026
6530966
3319963
752406
5553688
49917
560985
646246
1217273
8332931
9081697
376228
2646076
45047
30034267
7236353
2513627
2509694
15458772
19424884
16158530
646614
53548653
7077788
44204643
4212330
3489060
158998
1709314
31775043
15093556
2287645
475010
59851
30876946
9454227
68193
2301888
35365068
7208063
2215
34876173
2351145
7105
75290
313191
27558313
355167
4803978
53595
12680442
44051279
23279
1505455
46815469
312757
22547607
23282
205802
3375376
1832130
3845942
35189377
34168
299323
51511148
4273140
20777420
1797704
55124278
33322482
39577064
55958393
39923441
44045542
7668793
50845527
31193
8980330
40837219
51503179
34195554
2298910
41106941
304147
6783931
31431
58623
642453
24921518
39043305
702214
191147
42277836
52107037
16041414
19574983
15401115
45581454
27633464
20756344
23225193
2608809
36873170
47783868
53473591
2731114
46630063
5951649
25947362
1915402
875340
13906880
37544445
15876453
16283602
35620120
3834765
15382765
8541748
14917316
25296785
43976693
13467643
8988658
20707073
7649801
3897979
7241492
29583437
52681699
20207806
566680
530859
2181792
1421363
1479097
4325712
4769845
404048
1080388
11391963
8757
342043
57125214
339300
20740563
189018
316380
32459080
14162696
305084
53276614
1924251
48103
1273900
1604181
10318680
32300452
1166402
1051253
3687372
242228
17742666
799122
8423019
435063
13558237
1754283
7929246
1278669
6300421
169419
9315827
311206
15579984
68818
10066482
42382929
43631132
3967710
3677348
3063480
34448626
312805
17768869
5762221
44190
1469384
5822377
1149054
52572
2223945
22640146
13653611
1790730
23755918
146666
30062
1804053
22189413
22757474
2334511
45754
5934705
25185547
30717011
1424462
43619770
44589456
66836
9860121
5879509
33553025
213934
25243147
26725307
958828
5938089
24171132
3728249
5563410
23883659
7172060
21922390
48208291
30537020
30314660
53342842
9816979
20092902
3195415
22949698
9933739
46464143
5024451
27055846
2804563
42679984
57584791
3831961
10413
385808
3309927
1505574
2305982
10274610
14007595
42892459
40565736
31880870
53457299
5920999
46181931
1396131
6844566
1977435
8631949
24629491
1238401
6980633
41151216
21736936
38265297
37547934
42689824
10107763
45342432
12154190
48835196
54677694
38797009
45038830
38800044
56079882
48418614
14004644
26958161
54677896
50501885
50059138
41467123
6096927
46854314
48548651
26004186
51043070
7047664
26076461
54706170
40849496
33845075
40010240
33913565
33845758
33846461
32191087
37384742
37221496
33756881
14512959
47262468
12248225
52986016
14649009
27278113
34130700
1771538
22080861
2665208
6200803
16955804
50266315
41544647
33436477
7528645
751669
12130942
41541011
42947963
44914104
11319502
12997317
17404821
27628903
37772892
12882572
3641419
667242
1572384
2180441
48572070
12842405
33224741
51534250
34048942
47190687
24951958
1315410
6403243
861237
11198233
463084
483236
2446647
35706123
35715986
11828038
3237605
28064884
22211344
13604700
35885391
27787509
14672429
671675
10929239
18297971
58600
3400885
36186621
29038779
33098415
11383239
34545883
37138028
35581016
1975032
32818477
54522038
37333488
22809332
5625920
3669853
25242553
52753983
2123235
9977563
19549735
1435538
9784030
47260420
15457550
29140610
13958526
3102479
697833
360397
54405401
5652303
993223
4601033
40868610
5339269
7423130
1969185
17096
4534482
4705945
40469064
54685168
12437129
4827022
351842
9593024
1680196
455415
9251485
373235
27880079
5627925
4073024
42968997
13448103
8774155
28978947
47458468
54142161
9549963
8301983
28987271
54270550
631179
23744175
4133336
50111276
5871863
46657072
8583010
30653734
36174904
7845526
12690887
32634713
6895720
455252
4165153
56409989
26386295
8283786
29646867
3738196
32997204
32985189
27440422
4792371
12069681
17392900
35035075
21108825
17890650
21897548
1854817
15527281
22130374
18606047
1919275
49964590
17769638
1371046
21820838
34045733
2929619
2201846
33475644
20109806
48571132
53185834
26949417
21550
24600456
1854772
13577720
14460478
395918
30269209
1039945
47392767
11604083
28672960
20922186
54823060
20410504
26203820
7611477
2891761
31521300
32232262
43295179
25497278
9383996
34844341
18622896
1857431
33270129
523462
39935679
3676801
33273182
55550371
33094972
2646004
1224402
22764646
18116860
19344100
5393695
10012359
2451852
32322814
39945412
29387996
2201810
1572569
23814944
34330145
40671
1123847
27988206
27573135
55963183
4725513
8146394
39102450
12315568
49590286
17327582
32979455
12006609
4521675
33510179
57062570
33393921
17146733
51718889
6699255
21161872
20375390
21257196
50242380
4346143
2073312
6961285
7471277
6976943
24053541
33033374
9390363
14688422
12416369
35843788
21857258
13572669
20872334
22210696
54539180
20436650
54545920
3973089
34919625
21236931
7159603
19633701
35592017
35321329
42257595
29141681
2776807
33275036
43722182
10349604
32154137
52923006
19678665
21257488
3054423
14274727
6767353
10053482
44298681
11115652
25839680
19676788
12325425
9608516
5760242
2304695
51732721
11927786
31834919
29122882
9390434
50574702
31914416
25815458
6728390
10200720
10201409
18075023
47775000
25150988
27633248
20037754
20037688
20479730
25802828
19543809
20479963
11934162
34573997
20805445
55820010
3430227
13252567
2690691
1970501
23808680
20047082
18260971
2352414
3221433
3658246
29152229
51778222
44804916
33011877
14659029
43569526
23366155
20939761
43371075
40309788
23004552
313689
4608742
8413208
9499787
42552366
8746545
8170394
19339417
16335898
1402924
6440321
30094514
13087137
46255920
22966107
12764579
1719037
30487529
50958165
31311520
55532374
30846203
2998743
18960729
38406346
41116110
721652
11293412
10304198
8374606
24645862
47223640
45427277
1410496
15059271
1427065
46672186
30639553
48182721
1826457
16823213
7286687
387904
36265929
11412249
1488553
22257033
1462968
46832938
44008520
55586889
56243543
20436552
5831758
7710503
22910426
33519762
37496248
22973936
5653752
19033366
41668914
34604187
19086659
7480463
5009413
6635035
8039826
42098269
50407025
6202324
3044429
50975952
42419095
18767385
20785778
15198184
43131287
39169355
51210010
3152850
4380441
13511940
984544
11031123
13348518
24699319
10795520
19883345
838719
1003832
46258334
27515984
23140355
45291277
7156206
1142965
28188775
5995690
13159501
541547
42284494
19239823
32890495
263549
8493872
944671
2264595
13239762
2671452
427960
51248093
708241
2467510
19946479
18441708
5622415
17177821
5811449
18442360
2017350
47064967
37830307
392098
3553584
1275558
893139
5284806
15754178
31233635
286162
39085492
585984
4705234
1424235
59889
210881
210877
6614262
31751268
377858
19830411
25222401
32476249
10142875
1174420
1329211
55668613
9700447
29850878
22450735
32326342
34328976
49428414
6920255
10691262
25519704
3588577
4649125
9594858
1476210
24560690
18265117
30529442
5949956
49249340
8298797
32011864
5574772
7577915
19354129
39530602
5900968
413848
3325397
1117294
39614523
1050922
56636464
47576431
4524537
31528183
32476442
12073511
12298044
30026349
6232087
20989612
24776618
20643509
36163867
31654958
28822519
10303296
18662326
1221644
34368882
12992595
4533001
1264087
47167179
20796997
21650258
54548859
35623959
57361015
4378099
45279141
42078113
51283057
15026973
46731574
34348886
27142566
31096475
37107756
5835715
5835763
56650839
5559816
32312237
41849439
58858772
5491973
5603308
38371763
33699847
33486619
32932360
48501922
57517295
45040575
37851779
1767101
36094464
16847776
18426630
27422154
47978890
47870296
18226044
34324140
1574490
18427583
52934323
16810875
43621263
12434128
43129012
10289888
702607
51855783
25489966
57828016
27120022
8983497
51512017
20760512
47776890
12608082
28761090
10291658
533401
9370165
19905547
38966470
47236844
32715699
28760919
23770187
27808829
2826336
26865340
20849210
48735249
4841210
9373458
54475562
52762716
2356735
5825277
179459
11606022
24135980
871107
27810230
27119840
36535953
7338557
9673027
3664780
14769935
41960435
3383881
991713
24989217
1400667
22240904
27650626
1287116
162453
27705562
696024
223245
4096055
29613534
9964227
229913
985636
4027892
17165130
44155493
1719952
5277007
433475
22022792
1586226
4845678
10698035
27145862
4118642
10469004
5442449
2644613
16920054
10748658
1198071
1441076
11668713
40729921
56065234
11256241
51200613
4510308
11882783
18682147
17893852
11329244
505966
14760591
7936484
17910885
17511328
254675
13437947
27006902
27066693
595099
11326804
17909855
647561
4496598
26062699
12819229
43953174
40122519
40451900
39747224
14411641
16824719
31950461
27219952
1183575
11453554
11321933
3910148
54500660
28306395
27916446
58487416
398599
22532733
18515607
40502254
19987878
47574287
6095052
28562947
277315
8808574
45453165
7949527
357317
9493375
4245244
38059274
40400358
22812582
41922632
7467020
2209232
11172430
48313641
40284136
12711627
38274557
50195522
23001878
18531322
14901232
10812093
17380979
6435232
46559735
34060450
13029538
35520526
285943
8989793
54994687
5162898
340363
22721696
32446932
17117924
357788
6027945
33994346
5081324
7718117
241409
38667895
20140518
1128335
1878130
5340388
26666886
342006
643854
33290205
15550610
10280220
3424980
5017531
2300616
2133843
6693730
2762154
619495
1662092
5273666
1705127
42823855
42823988
8991228
54375684
31488016
47688354
1868264
53425581
39180869
44809882
1843897
7856664
692401
2222376
1770123
1361712
3492548
21482288
3022106
5502412
7616441
3967860
470052
4085530
31049226
18550304
8622040
213383
53706988
50428722
767892
9031869
13411775
407704
40478017
12007877
294833
356785
36035928
3700467
4602120
1958801
16274437
395019
24522837
38589633
13581879
722667
6699077
42812528
2143806
1544319
21754
21627
503474
2350495
25051739
11053718
46539
1124810
1761803
25064343
16623268
43650443
33614842
6814240
853100
14669731
3071439
19334466
11019927
1830882
27074851
81260
5483124
3600412
23490
22427849
53425587
18244581
278439
15355523
36707999
46399018
17236036
49827151
19641673
216170
3850467
2048291
1422017
38502856
12864921
15029435
3378588
32005212
2335285
183552
3967919
7378204
1620713
5039124
21073801
12501365
219177
81682
730244
5205443
1033346
6998721
28151
1831154
2023819
19452409
61398
780057
7096219
1041242
1147787
47013458
35508914
3397133
6722830
31453959
795860
1262940
1849214
7343746
3569557
24284382
21132937
55257518
3628488
3629563
18595827
33951178
21133225
9499249
972257
1216318
4158200
1025622
15981848
16972675
1834525
21134838
22046752
8876771
40300485
9721579
221697
21215203
28086000
27665426
4490666
36939620
3706041
5077701
669670
1077491
5251321
55264039
2001375
33787411
14650959
7830
32395752
9454590
1619068
4296386
804964
1683779
19674498
1947070
374004
8824
35742489
888454
21378260
7751001
370432
374164
7952978
34318494
17102733
35344798
53311921
9396685
4818642
11725949
4223432
439227
10761673
13592918
315563
219662
2628508
58046773
12263722
13881272
53890922
2037155
13291
1191804
20860611
7447280
15792920
1200209
1411415
1141158
14130082
725893
838415
880112
75469
1901563
860010
9393445
2200393
1202776
9488462
163901
2533750
40160296
1116997
3247939
3569651
201087
32583857
31950695
34846823
39975978
31827969
14746
5107917
2055266
39845988
3423550
10176765
190041
7500313
2792169
31498146
56150
189828
53675289
21468426
42722311
57377607
2037023
403393
2895750
29076341
238894
32034221
3736680
49552930
12135267
5151373
9754504
20910757
39766826
185130
8893898
29070207
52510
4545581
51427743
2165622
316667
3853361
1411152
43851
35183544
709217
5801344
18714221
4884817
16966680
25121748
6676829
3268041
20467381
207444
3577801
568248
585538
8078743
189941
48950353
4028538
272607
12107270
434781
526594
3050350
53873209
14400833
16885280
1763069
20972118
4143414
1188977
1582959
1855579
31835261
33390815
609074
1598791
5964115
35886705
2265493
307834
3076576
510016
47789
12578245
845750
907804
8874869
9267254
3446583
1742340
38681751
44290104
2483516
161975
170191
158543
39223327
1259992
2941610
232445
36045906
16985144
6603869
252079
20834739
7733826
1169017
289862
1696316
2943008
22158833
1967733
45802
1449357
7852085
34829263
651231
57941531
19990940
6097640
932698
316842
5009118
37034563
558722
168793
191253
2783721
396418
5100437
3452822
35847551
8074570
1989668
13901213
2649767
55452331
634444
10977439
16976392
9383123
845832
5151648
11028955
1375220
33731244
2550255
2118929
240727
22969416
54545388
6524226
33637428
832188
636148
37803498
4140063
671736
1974810
11192281
3640677
25490788
5348896
57591892
4478436
17670991
432984
471600
845760
38948080
31950608
21378264
14808522
175080
856265
850663
862635
13281411
19678111
3569671
28075557
2041326
26549110
1532920
38904838
24373430
21208262
3530799
2961179
38106941
786944
24683622
7977203
33689623
8529968
34945002
24693249
47958972
6300725
21330463
15333261
221284
54697286
58842024
38499294
53734456
39719531
601621
29336774
49022982
55850415
872384
16344330
38738749
1348555
4242623
1644518
21689632
1799997
8365274
10135822
51031643
22261471
16233284
42914330
51596610
32148878
18253454
16277069
31079088
11108915
22839432
9702214
40064315
67366
5106007
40556040
312898
723088
867979
349889
419068
6422392
19698503
18581389
38777029
624968
28310828
540715
1230380
65426
2489971
2488327
509436
38802958
27327454
723060
1068780
54616992
48819
2332430
28964679
1808630
40387494
4283625
1798225
424141
1449511
5735
1409458
4998470
41887454
179339
168919
412326
2041027
33076435
45562261
79710
4627888
56577894
745163
24340653
39993879
7304072
21985775
256749
49700733
11542
4032505
54631286
2556089
4144983
98514
602148
38786381
43349992
24675586
2040766
15316
21395995
62450
4627713
10894666
24150477
4395648
1715338
48441126
372347
15925
54335535
39411459
28273326
2955565
5467265
226125
1119073
43428530
25912911
28493532
56929091
1709192
617451
690408
43082815
29120601
31578840
44613190
199160
779833
3609484
45352902
4209781
732620
40362569
38129142
19288572
2210046
7492018
54361
2628519
10304397
48309279
93088
1689494
3981741
4688353
645713
3107223
13933230
1662857
1459096
35893223
21309148
21309141
3674558
24956
217462
433280
9579546
30865052
55581175
306053
34951626
242379
43620318
201537
5280923
23099288
21309716
19506230
9781365
55097959
38802977
39311177
19376235
1159588
397917
2838370
30942492
19492783
26316
11346314
45496640
35892192
158226
43946368
23642299
33225184
24939218
551315
45594753
391190
56522
11054436
7249317
26383
49774203
28962327
14616200
4753946
1230529
15846865
44379582
167742
479232
29269
286527
1623371
609466
295734
363736
43440701
1562914
360876
21439907
11850988
645446
51031730
1508860
123510
32079198
47962205
1654376
44399204
2075551
1548275
34151933
1257011
3871585
43134145
37031837
33178
650704
43349892
218798
795780
30067
2838466
17270398
2022171
1172380
6820500
232613
4856198
2353788
2006846
11565453
13620318
1424347
13767166
2659049
2173176
56012095
30683625
85248
52340713
161594
21292754
330102
5647658
35854068
19356049
577858
40723520
56775942
52462
2589050
19964135
49888912
49372183
22063
231376
37521571
2582448
30475171
2266105
25255914
10459418
41195458
5594419
30856703
10401093
346563
577035
3425900
9484485
36123517
1759952
1625778
49143122
58158702
58722642
49489231
54041957
57984778
868108
55566398
841429
43317048
24232
330879
44023804
5593640
10881162
218107
8332740
740070
4606200
4041725
465626
50435427
37268
19574394
48560054
3732474
29619400
1969440
379047
2182641
50860460
39480604
46347900
4816754
270445
211451
10439920
50797822
2127901
47992218
30638651
18855555
8332346
641572
48579655
55907997
2212957
25100139
6414536
2026665
1483646
54472601
2244071
2855807
16471345
7053294
1446052
1594498
42277
876827
6258
1655855
147224
886341
210098
27010217
30854586
2895417
3121900
1713306
14551660
536698
1182927
30854605
5388
1513406
42456611
13704049
14973425
2660477
13838324
40898676
9511242
29962688
550777
55781783
43529895
5025767
1756707
30963584
16089434
39254389
958896
1526009
165270
49333
1452924
35233688
54943
101140
11023812
10375274
23158919
38979885
45184563
40807206
34437315
15749202
54632646
1238868
3172747
975319
391097
31720061
21792815
2103537
25692022
33966580
48471736
3449959
861492
488613
1059727
30242696
6185783
28982719
2345070
20290838
24186322
95601
19312
35826978
24698694
768700
41473353
7222345
3330262
27016573
14740426
981225
89908
3819214
13957304
53664964
12797709
23266996
2716387
40551280
1087196
23529
16060451
3424567
16657200
1046243
10751250
25836956
40483092
2145251
27431805
10324227
22445549
2289081
61117
12634467
4574795
24086319
53198297
25392861
3834447
16486618
7219847
35275877
6458088
33959
10507902
1139545
2412774
56286411
53643626
24490360
46736086
5974844
6355878
30498454
1979707
4407985
26826220
37896642
889726
51319
6811017
33570327
53825654
51600548
19202875
30542008
13502171
50771841
860354
4170165
9655463
4576518
504008
25102
715596
33561186
27495080
32943782
1182836
1197362
920487
407159
44877721
952466
40946778
39073085
2604813
5287729
5330782
5302078
27651804
5270156
5317552
5358897
5330809
27651867
5302084
27653379
5342596
5359181
5365114
38813728
10847441
14048428
29056864
40568064
8613
531909
13690079
13288235
287078
53341844
54220610
42135534
50501158
40313310
31719953
42543279
26537491
3119917
8130273
8174254
31154396
16731600
30747093
3365136
36255981
27072132
38538654
47731550
3318494
126588
1134468
1292447
57072905
12088454
27274829
18384281
18496314
27252985
767317
2489428
8983183
461567
21665898
17200325
23626
13941390
25381124
38544571
36246071
22697654
20785887
8370551
44259317
58430111
20871763
56332298
571941
3929952
10743905
34525947
5538792
2780434
27074526
4189719
16790280
2356015
26174020
44933519
35692323
5360081
15299305
36860
43837519
536683
5192308
1303657
1335219
29141087
45067598
3405983
31326034
9962216
50928067
1597970
923343
16279135
16319446
58787016
27775819
27701248
46940464
57852827
39524132
3152704
56333184
8747963
36159583
4949459
24760541
25589290
44263485
16281984
5678471
24760558
32530425
43074246
56743523
29391775
21849930
23687257
24849513
44040535
33843536
9809673
47077127
44894930
48781755
7863182
29124969
236430
29398338
42606867
39041210
37789953
25117440
25425038
44701268
39042103
37125418
10917099
55256227
18455505
106544
42338427
14898898
1021495
2792751
4090801
16767719
324872
4950262
1863359
36254117
56549443
42896717
50015256
14359168
5937367
21510091
19987372
15545406
48168923
45299438
13444967
20822820
55234353
9780169
5689271
13697869
2249797
23308932
35962184
45413
1940668
15826481
32664261
10122218
35016542
49667084
20211135
20567378
5517579
10223157
25303067
24818708
10200826
73423
19269577
8440753
73900
30965352
21351580
8550696
31418526
32056258
34822159
47606299
41900782
28415406
19965780
21452935
49185383
10220176
16116147
9348387
46718552
40857279
40860960
180190
9347602
21174
34830466
9993647
20221461
21464156
12696164
20234776
25860734
41226979
8436190
34456562
31978587
24970538
32649225
25988377
10219932
26847775
22954424
50044293
21749039
76398
1506985
12778099
34258337
25799140
33613101
661507
57043484
5158920
52970399
48765222
20207911
56553349
28144485
9929362
2329753
37067939
28308587
3516959
9135113
17571404
45354247
50014148
44380354
44380380
42076124
43799686
43794392
48582295
47276123
57975493
51762918
47102672
41670191
43541743
47526022
47190290
47460818
44322774
43160677
48619314
43191798
43286758
43551209
56201624
41673920
43162010
44205664
44205680
41932613
42046821
48775994
47298167
41668717
42192365
43286925
43437475
43437499
27942015
42437819
56980472
44553978
56971606
44517131
45128691
33198337
2004916
57976283
44014971
42750525
47061548
44197474
42059167
42523644
43409056
44766675
56664083
44766634
51540170
44051476
54036292
42468198
43589146
43589149
42967453
36172252
51591800
33485181
46976109
46976273
24538536
1149235
22062779
363039
26206268
53225559
39544054
10180622
42406639
10180648
25683059
10180421
12042756
3747405
33643107
10180499
7313194
57714484
30157065
24284552
29261417
11498900
10180534
3768454
340438
44300355
4058589
10180607
5066392
7314320
7314888
7915747
10180628
682482
488341
99645
58506366
166213
5848075
6280266
1631652
3488351
219599
346315
23825873
46994114
36012427
3366706
46979301
680069
524568
24242210
46979628
46997584
376052
34345876
4445103
17774816
62276
16783412
1105940
46979196
4098495
44475908
21314078
26789633
1769438
16741561
128987
1137633
3407787
30941897
1543233
8247726
6781871
640846
1761305
5906901
28325198
412395
299417
13580187
1341151
671224
14473196
3167861
24306493
17789923
46997169
407380
6624194
641840
1523424
301682
28174639
57987734
2282128
12025
19288064
14749911
11584147
1429712
641906
38528279
604698
1028202
2156133
2156625
54743
23513517
635768
5849161
20679953
39730404
52971772
11801835
14434476
27270691
7842013
23532606
1384422
3775846
5944092
852564
864621
1913023
42955281
35118005
19728
3756048
56560841
84024
23082927
25873579
31545316
16722280
3554409
3671749
17937456
14732578
642390
34123755
12068553
21934599
7292538
31400922
31401150
7290668
877471
535777
3214812
39221549
16526455
24942
26044386
1100499
26066384
1073178
10503982
2053831
6171963
28548795
1554130
4816797
11474489
42753284
51230569
3854242
14849328
3351500
27079141
253173
49106491
352169
22409572
22431691
2502325
4098466
50483916
888959
332095
23166065
39350970
22217630
6612008
24306566
680030
43371125
320063
37345290
6880273
32017750
26915
22339905
1579897
568017
1174298
17148589
5765
18430873
14938524
1896014
212485
1083141
44238
2117675
12393
28833
71865
1088368
90191
20272738
39345
28326023
5008733
36513770
19058442
35661956
36392057
35596799
5938503
25734402
17261595
49710750
198511
240869
25887878
201330
1547826
29831458
887147
32328278
58150403
36708729
477936
57985922
2592618
12590877
6698091
406993
140659
12843626
90167
53899336
457857
34412877
51610490
2305178
41461151
3433583
23235672
58155305
34952352
8414847
26855447
33615951
1228466
12877587
8120395
10762227
13304059
40245509
28862062
14109853
22806749
39898951
15394609
5208681
749021
1170328
32044437
1879554
31510455
12766922
36492338
4864484
7167510
34361469
23034410
22324123
12099663
17785756
3849297
46833154
3802245
16811825
10869586
7419791
40924043
39503063
3551421
4009849
5239043
36207950
15722700
692194
12965070
26205659
49985306
38781193
205735
43077917
3314854
19775430
3222831
6495785
33809974
3968277
25828666
39933524
6318905
8177135
36524869
49103806
35072403
53949201
41405384
4669874
244119
1084640
39797944
25985419
18506619
31096769
49797635
10084091
6182302
32585631
40800276
40624089
2784595
58809
2661
911842
47740110
48622224
1510939
1060279
19361526
7210930
2667092
3182668
42121081
169409
80381
14337
10836019
170586
10144073
3466353
154147
792644
17547
189043
50024
25876897
55223808
2674316
37234316
9518556
2292485
1845896
230027
40659495
234796
4875080
948956
251714
14437712
56893797
4392610
34104355
206583
2421010
9808885
2423436
26944927
41131139
53673652
38749548
28288087
57588936
58584508
7677264
23378367
2114976
9732220
51614
1535557
6733909
1088294
19049979
39120509
6325527
6175627
13956127
37652243
35060755
547826
14293471
425441
41923657
4535151
2129309
24783853
9767926
2742213
31656267
5577094
491940
13237265
14293417
591031
17602457
20515023
38061533
30865543
4438319
30212625
4405243
28400976
9029147
3013006
23377978
46365741
6341158
33661613
9400744
46805317
55593383
13506040
40186131
17217228
3039067
5823727
13412910
6679808
1786595
9201951
13507449
13507955
363627
2974770
37328605
6462147
13518034
11153649
45709376
17509149
20750674
37671
79912
33580758
43559559
49304088
58031
416486
56664942
263676
769680
3833246
1128429
3201760
38794693
113664
18681515
861990
40138539
34477151
40089372
23472708
3076580
35905976
15334100
26608728
1844155
18448751
15510119
1721704
49715834
8020189
48154621
3609533
7142786
694813
21244171
14554208
12771442
4880917
24118302
422194
34782908
3563367
758680
227107
909631
56511981
28730200
18456
16888135
38802947
416853
5682992
20862
16936683
5639616
20546286
1715018
251534
51749844
286819
28978421
21999
669692
2436016
1401578
68282
938689
2086925
57736445
37509351
56715969
2379996
51902843
50070866
33102920
743785
19016743
18014813
1949071
27992
32836040
420088
894421
46788547
52337803
696464
54212891
186330
21582279
1137466
454164
25250158
246818
17972680
14554044
39903086
1230985
15263914
1214879
27835459
12347700
13462045
4988716
21487390
57295908
29853670
3689073
3226818
57503665
113147
2250567
2320944
7872824
45564275
294731
7236154
9409683
2993593
9806339
9347805
26520285
14661906
1146271
10036386
5857487
11330152
5618128
3903939
3177968
11498019
2370772
1476348
1509787
24891000
52407231
7103241
38969194
1429099
6097144
6058516
2384191
22479728
42870795
35085831
3247901
42382099
54954847
5210801
140893
27706498
36939819
12830932
2487003
2452348
27112415
17252167
37647322
8253923
7108182
31876747
30137082
9216811
58194011
51074086
1591846
37910936
9295770
14232612
42788403
16914868
4517206
49335273
56689792
22369867
12827691
56698888
52893508
3683914
22378999
26601024
27292060
10486098
638740
21782362
29508419
11968041
24118862
26482577
1642474
22146885
11133587
10810812
25150964
37520912
18034488
39730302
26012180
10969921
13365551
82836
16913925
26748607
980435
15736292
2728618
14385254
55360512
33689104
47490844
4823177
21119583
13663382
4224979
1896390
8392357
541448
7892774
2452358
18250166
58553622
55383649
32286570
35254292
57348098
21038923
5273329
3121665
4798674
23981392
11263407
26482951
1737588
615752
4951574
2864
29860029
45374379
31648824
6156184
171644
13877484
11996323
2588620
54501288
29970881
10046963
58628442
31548743
703035
26258473
642775
58743741
640999
3262761
11178746
169499
167266
21522903
30229848
36466007
22965771
41495636
33109636
6157267
36820938
36469718
30993486
28028899
36346926
54430972
24619964
4254164
36466021
30231346
30181088
5958027
21748402
23084915
20260016
52184850
50947282
51208913
22626782
2116099
20675250
4454773
4455050
4095077
1852884
33375631
36466050
30570044
36568
31423064
530738
6674505
33536918
45324484
6526561
33125427
4205176
584255
33160572
11350616
9294
33653294
54919946
33172309
26322890
20485416
2618053
1145797
33186912
944350
5495538
48954829
49801433
52964974
584894
28127236
37233028
47417845
29613006
89732
1431051
56588660
46880097
46893699
1173346
45594346
11137542
29402308
35608259
44342304
51902477
44390632
33110904
38911962
4820896
24630500
25090564
41162464
38466004
12488904
8355983
2075350
29444637
9998156
28814343
36850340
31569884
9285415
4041366
53230170
45616378
8841943
44278249
23572929
36849151
46315570
20610197
55979268
46902526
6131412
42724701
9924698
3144642
52144995
285918
28807360
29643755
22713904
34345985
6166592
43086661
654343
4378582
55747055
5508956
26337113
45604181
1575223
48757588
48345834
17951536
11489895
8343529
36552488
4031280
71246
27867874
7645962
5074505
55778717
826850
55776382
22523618
37126120
962224
48674068
22879260
31347126
31570362
37114403
44282314
1631358
12229873
243495
4048623
15873877
27538168
31124421
12314286
37106232
51356522
31569955
55735745
2069374
174814
53239157
12237724
1963761
44716989
288400
3877101
261479
38483998
43964576
15795297
33068101
45602626
13693806
30856471
46802668
5455223
46453694
54407335
760571
7714239
22706403
31449831
49633190
22976479
11751835
27380272
4682515
40712105
1007642
22886513
3684864
8468017
358837
12284556
56146951
19892899
29489695
51855532
52273912
907924
907995
382074
27197114
8092763
31162962
56153527
43824323
3096130
3130315
15388047
50228614
1323011
29595576
1516224
27232857
22451337
23729419
1713556
24723708
3599891
45668245
289434
18844933
77712
39212798
27232553
26704422
366124
51713362
16308481
53511964
22451145
13564103
25680942
30367337
7349743
20255695
27243371
13539483
24736338
317342
3644751
1866773
33370967
22190040
22451093
7388595
39078583
57911005
2846545
912551
12147546
28246232
1923764
31617902
48691882
8489440
43970763
33955359
318418
23773961
6518682
48090526
42962805
22311897
9962115
57158394
2444
39795113
25229730
27741962
40950195
45527641
47192473
45508601
263257
14711426
6286707
33702231
25067975
23458678
38830338
2066697
1894020
300264
40127837
26740386
1614090
36291355
27478356
43591686
14104519
1219810
54985922
40862982
21924068
10700479
24603465
32606735
44252597
5571138
25650674
39383425
7208744
1368885
44219945
33689103
47135293
55296379
32484429
32332189
26208635
2178318
3218881
21814934
10391781
1442078
47671001
11716813
2005882
35244372
4327126
25535894
422290
838807
41153992
34296432
50714370
48090580
23036926
36966745
54977354
6904987
642871
38369889
31088774
1627206
31088746
31088712
1337571
199879
46221582
45669196
49018196
35617576
15469369
51662277
51662838
52113367
51614099
51597073
52104625
51565967
17835624
51560292
34276172
51605520
51661715
20672213
51685314
6997695
51566793
274659
52021867
51565456
52030813
51619525
49195664
51647032
28633664
52138462
51608644
2296810
51647596
51597739
51589053
44734100
51647817
51614585
20596538
52180337
51567027
334518
49204133
9018515
51607513
16997061
3149338
51682519
1069446
7668883
5098312
3285684
1352616
16960713
7601400
7617922
147625
56438649
12798611
22888594
23227760
4218643
46590527
641219
7563271
23887900
642660
22762322
60697
596161
5669923
7681807
1633840
275496
16266129
3350640
1559720
1958743
642885
21477678
41497141
3724202
4631349
38754829
2310575
8332633
40732996
894729
7543828
2009015
7623330
17304372
7563881
19429088
4313052
606491
4202453
641244
2953464
7586825
7600735
15162447
16458069
17590086
7600384
31606352
182783
1082175
554469
604652
3154374
188739
4420160
11718624
604612
1257677
2983685
51795
3649722
43798139
604671
5949345
7450620
3724045
24891378
10307382
29030052
47138227
17603979
33018370
6868412
27371325
35035240
47046537
7562074
1555643
14164332
29183114
27297264
58041467
18583278
51357227
10434738
31952184
7799944
36851992
17597817
22799167
58865446
26158624
32295472
17874604
13609405
57468306
28083656
54291613
9868064
55545323
31951865
34174931
10382620
5902757
25523591
3463494
947566
6244699
14473045
22053240
34197380
23130483
22879569
37679342
27987696
10983473
26526471
1164162
50694799
1468867
25511668
34685701
25375151
2660024
55461884
21288006
3741747
5961110
48249165
7905269
3644384
3061661
31454615
23942156
39266647
38670301
19859347
10712340
1428931
8969967
9737542
32795757
52647051
58883120
11926965
33109218
762947
52370620
6962002
20308010
22257220
19132579
26521024
15610996
49003851
35702408
19160154
58741508
690428
44940948
43702931
600530
604567
50593281
30504893
14927404
56511151
32399342
58709507
45282433
328767
19160166
672797
380103
40071098
4953544
24422439
51226053
33313316
54445753
19160169
53241879
8990664
16106869
19160173
55433791
17809407
25740081
4738076
3813072
29127184
15333697
50781628
57531065
37388677
41056307
33896364
51619022
739171
55957782
55965112
5666620
113595
699265
58427416
9070748
17814266
4355689
36639777
35534410
2011339
7921288
49003740
26052233
31328440
40731093
27472075
15303241
33607800
422285
36105137
19186615
4172627
19826194
19315290
3679526
30996084
8773205
41048445
3865516
600431
29769334
7876805
8125431
40187534
4248945
6045326
16728011
5031834
5085176
48557870
34817499
15422616
48945147
12986264
36105018
366356
31450208
365559
32898703
39491026
36105131
17119777
54411742
13111274
11192642
37388083
167759
37507268
23292034
11817346
20612855
56674122
28319848
37094839
23175300
22114686
23095265
19160149
3649537
37762380
25747726
26618369
12783448
165703
17734198
7410174
2393351
4533592
20839817
47605678
300181
5516086
423021
4373278
230566
301719
37074740
43590814
1427184
25891135
52764668
286478
5232431
986468
37354852
11192902
419509
17382713
3777541
5154570
41855047
41697432
313864
5010020
8481795
32071271
1294079
3195236
32127814
4053473
19148025
354009
33081944
7375491
307502
191325
7571231
5359467
1905040
7417294
239320
2423200
27174257
2117374
1379331
3872122
875657
2584909
23581756
692808
13395101
46532003
31466668
251821
3871415
332100
31757309
80249
31916740
1490636
23383834
31923511
748853
29479362
2026389
380260
505366
49717766
5265794
250401
9738942
28426753
416787
2452445
3880050
5636221
6300136
15503838
1853535
23085408
477815
7652001
10886497
1757715
41576979
465426
9730490
50021573
2049932
2296754
1477153
31160017
12083411
1262277
22925800
46955363
28392892
12840429
42402138
7921689
4923882
2173228
7649046
428952
1390457
6617256
4852080
72705
10350990
5467262
6429380
29163913
2165599
37412159
33575421
512280
468458
1394108
50050
1296388
6921205
2637385
2048173
1659131
57174311
137788
45151723
31926269
2211034
12029692
1619859
9722632
24214715
82226
12116644
6426450
2876716
4515441
8573787
18563933
1000143
6312142
32085048
5208672
167622
896750
3740942
54315010
20238865
44774986
23216903
57550574
29030581
5808541
652429
488761
53099449
37998218
22794433
55088407
30185121
7349929
3446432
642813
51781074
1326566
1326558
1070151
11163409
29114764
3825485
3572064
15106618
639115
13854577
52365696
755102
25121502
160139
160135
5948266
8413101
2620891
160144
2672192
31295
52232066
1536
275247
51812
642882
710778
25821907
15320126
6396966
12904
3681668
27588400
16718835
8321746
4533536
26298706
6355382
8816867
399215
27760956
378285
43494988
1256600
16829413
2642379
1234665
58559288
38872701
58559135
42534376
58559178
35291972
2295017
24701966
23774599
23627637
56492411
24543664
5085226
7673637
49785702
50346195
10953613
16262768
8370797
6932514
49713403
952027
1923399
54541619
40910726
54505702
40309945
13709685
31935626
31937838
40593092
47570239
53375285
48491141
32116330
15891957
47302069
21316108
991548
52813601
4096430
36946842
30573223
609444
53145277
53145117
41151071
48952266
13018418
16773331
1525457
27858192
29243780
40825922
46322374
3649788
16708362
7815184
33611452
12013519
40969615
17470616
46321444
36743319
40435384
26100001
174845
30862866
34606684
37916730
11743236
11743327
30442786
44722
25645108
15815292
11830759
41199823
59024285
4941480
34080249
6990206
4656458
42205883
2660093
7933804
6185790
46834721
357518
5809593
55874529
648545
1092010
36457447
21501202
11988705
30765998
27708116
31985477
19576416
1071348
22266846
34330738
24181353
31656982
1279748
40449577
54519416
2736602
2961977
34876129
615718
788993
14262151
43362371
19019398
16350479
54586551
23531710
21716662
36848528
35291848
4184673
42303956
39138677
40036027
39346751
9033828
21497759
40492904
665654
43732158
32062574
37515046
45278431
48475070
22142513
14357163
1426576
33615875
44739748
45190722
33914220
40032932
47398199
54444079
28745306
5467211
3689862
30388488
40287491
13651125
13709599
50631398
13708967
7147072
46295020
13774680
53662097
4163177
41310078
33932481
42903631
43406742
47565306
2426547
33972238
40071145
36641969
40754984
6525262
47786948
38365374
50333713
418355
12549373
37122597
33673135
55307761
37691915
5612336
235534
56244331
47411653
1558498
47347009
22987058
40977524
49094131
34794521
33547930
26248376
59160
36488854
41245169
48638451
47698872
5317999
37847646
719332
49592679
9274813
48233166
2925145
42486408
48258936
151604
34511447
3121925
34413419
840273
43119750
8719535
53632910
14230294
52324876
38739635
20651606
23290062
40624750
37879363
37940820
48198256
37774859
167703
12876730
24587014
20567435
38874612
40650173
50309606
47993932
33678310
1008979
56968840
39078783
8634709
26157344
30305432
14595218
50161687
53742741
3947034
2318826
39156893
51990097
43800430
48214271
18816139
41441053
23525212
34467735
214055
47984814
34171867
168191
13110480
31903693
34764275
50239686
18842088
36446206
276080
50089424
788743
34963497
55863210
45342231
52609408
42979524
12845426
56650495
41953539
33561351
35240745
33546125
31498156
57374754
48764123
24595709
41163867
27135557
1853648
52575587
55326583
3620898
44537503
51801172
37689509
41066878
55911046
387403
35940059
48630325
1034794
41844429
36400847
53759335
35742175
38355108
15219191
12775176
13977750
3092778
49303461
25335695
45694885
41793290
34947960
52328746
18525256
28872327
767279
54068894
18973869
35519606
32270185
40399131
8627428
22055657
72132
33213598
37514688
34379825
37527148
2999180
1698426
39316452
33975919
3823981
44448795
47713464
17882797
55442540
15682819
34558159
57430521
2914957
309275
30601657
47313267
51586709
46781540
47269719
51045418
29018856
36115993
48863280
41403497
54099573
10833078
37836465
46899627
33784314
273154
48346105
56077578
33302267
38621229
43467592
51581689
4409451
2367309
13575052
16592741
734854
37856154
1349524
53571494
113055
56439577
21411121
33925730
50221603
34311132
9889145
42279786
32172794
50557684
1404732
54724614
36789447
14463701
1057043
1585862
27158894
37697843
877445
1583402
58687
18914017
2071113
818755
199051
57688
341658
24747438
57430554
50448272
22347001
47833904
3205540
25040593
298682
149223
35543022
51606
11304934
53635766
2050909
7554116
710166
4584035
36648158
33310173
50968491
402652
159209
33132746
5289263
125296
354031
22481627
19333411
7584141
1724557
23731243
5495959
529089
2413401
2485456
3054826
56825
1085711
48640148
1543618
3267403
3859213
16407460
14983819
192744
38979747
56141717
19728383
50124181
22511301
22138435
477033
3858211
11358084
41169286
4992942
8049165
691626
24272367
3018168
436034
9777740
864436
5700626
20875
19356
18176448
7739305
32595633
52316
393029
4038083
34987714
31868429
186749
52145021
42240054
20793962
24515
4423871
1127548
25305978
26208013
21378217
3365854
694777
23337
82974
3454486
50770806
19791893
2894716
6979071
2559158
1008644
45437430
766888
877196
2721889
27989318
34418537
18635044
45413769
242901
12417415
542107
50244489
1268954
8084306
49671872
2170568
150374
14317792
1970903
30861480
10177813
34753948
2204271
4873216
4786873
49233423
576518
25718343
55261687
13001588
46227268
48737183
52499440
22209340
24261150
292265
22052921
3611487
2021591
1841665
49528276
38982788
52326994
17268791
27980485
23730626
10590990
12506655
20756869
44391262
53855904
25366664
31471329
10856401
520284
20757790
6299894
11089355
1481355
39724195
44497219
63011
3237391
2027805
17303474
35895841
21828941
16365636
7801429
559305
38503554
5781408
3294779
10606078
44159140
17317817
9314943
22648747
42695580
37289928
30603358
24328441
29878386
19553114
38402133
605477
19477293
37241349
19457121
6001461
53034689
491622
15397255
57426950
6153215
19508488
5083172
2878895
12029581
487945
36086848
26473670
14177857
4500802
3232713
36231626
17810594
13238669
19321778
48584668
372266
1271197
1168317
859022
2917198
34095626
542377
15135712
188379
12126172
54102859
34118956
485923
22521325
816012
972615
31630617
1662513
19355742
8582684
46354925
31125934
26106405
18109508
15723579
41737456
2647713
24235330
58011971
47374820
35557898
47374840
48152516
57723230
14102851
47374734
24767166
927866
20617241
43102134
50613151
1216099
4868935
57403361
374331
15236120
6828663
167202
20372541
57872517
49152339
43884199
30673492
40381511
16005213
21856285
23494736
6134921
30639082
482388
2179482
10624207
47964559
58460201
24764596
5697015
19302381
22571103
16915046
22862133
35292914
28066214
1065357
47192721
510370
2241802
19803562
49992985
609194
179948
18025111
10562714
16115756
14941587
1067367
19375581
477125
176855
788091
9361924
30324643
17258773
5089705
18550042
19231063
517391
19045980
43791617
1571927
52905034
43376012
18043234
2795512
387308
17273220
12803561
47950379
37994124
42807835
2447975
161296
10599506
40726052
53435326
1291808
1250786
50143397
56608953
24018375
11147575
230342
462534
22417827
23291939
50629878
48140275
47929324
67610
17907638
2129530
2376755
11264182
2979676
40912579
22411361
41841931
12947872
50372514
8241941
29113700
7709896
35401006
34112061
48534895
36221564
2988986
29488979
55307463
9627698
44311171
17710437
1274232
38106724
1947410
7520313
37107215
41068159
536032
4454360
41303128
32765270
13778073
14018671
12225693
7311233
17371176
17371248
6728621
1451995
1058787
6426911
47957160
18500711
20389175
45275735
41066732
55536169
10149633
357125
6108336
24823980
519280
41067589
36221861
27666048
5168868
1058693
31175393
5305433
2929771
26317569
6394169
11109112
17028211
25153525
23060403
10801720
8413654
6258906
470886
20415389
10567836
23968101
2099092
10184074
12127160
34055295
56320236
12108792
510099
8558140
1145126
10782073
5366050
25490263
1834924
22411136
53515492
25912881
45475440
651031
33530652
41352921
46974519
9425
58342193
31215841
36777871
49883395
113499
39081994
56959220
12282615
1466225
33952183
416308
3348845
41145624
41751337
8918557
46191556
53188931
5544205
5544214
6613536
69274
34307592
40136726
41498990
1132756
9628780
34903260
1787105
27992090
33679775
47137230
56251479
14756009
1260420
404168
2196795
35688582
41779098
55645134
55814528
2078585
4185606
561065
8267443
11893609
56941585
39200615
5469882
1974769
24065014
38565875
27957076
20533892
36957127
27543580
