29816
14541322
6504692
2072925
58718985
58794547
17062218
74007
13549505
58306941
541317
35981916
28244922
13315514
47886
7118210
525028
7796225
1721135
31885413
156428
27352320
10350431
7528885
48160815
6386814
5847536
44255279
30444895
10107030
11376008
489256
1074436
28222970
22264758
7697949
1260665
18934741
953193
3181001
25133010
43674629
55502135
1070569
788203
44372730
156773
32727729
28193958
44330949
79425
662340
22280100
5100302
24529515
17420716
28219940
295156
43161284
6585471
9987
41174313
23849259
52308828
2323909
15007551
31824565
36464288
44372880
3987613
56521678
38060737
185805
565944
23546891
9531655
659359
7531440
52935507
53848329
59024
43684704
9490488
54231163
7309386
7309892
3405279
4331300
12675001
44814319
6588369
44372555
10089373
6473930
3273309
8441254
670650
52654682
5785372
3975118
3862683
466573
43738567
4080311
3058419
361266
28739293
39684519
4746766
6733058
1577252
2349852
9840203
55980254
27417475
148571
972944
28429007
13725692
7531185
43673440
2543967
4758015
44417219
22954083
7531293
8357409
50480835
9402865
69477
6416391
22364466
27945098
30182396
5910689
27944981
42302752
48707898
7528474
370864
49761762
25338858
33023741
2108110
9249236
49008928
30282203
30020169
42385374
5932556
6775568
49449678
57699879
361157
58581845
35439884
58573773
946929
1605798
1605815
36235294
1758866
505093
38493462
55962927
584951
1290423
30456374
99656
1957465
49109026
172734
43727085
38468351
3990817
242495
43689550
2666148
900498
12769634
548425
55503807
47986793
4031
56886798
2936348
7695885
21150165
14348925
14285
2838569
5380820
18558517
40869050
6690561
1310760
18295
21564241
2397236
1052910
22053
15450044
227018
3535793
7173858
56819159
46649163
25784
23421828
32985157
53382545
1805271
3406733
17017917
36252755
44657216
433041
206586
40626873
1174964
23371634
13530107
10469862
34066587
32040137
325542
6327661
30862857
17163802
1175103
10518546
26031935
4148511
38798417
30299
17211010
56351412
46414597
54550433
14274979
21612644
47288071
33593073
4986816
27697009
19855393
35676267
1224642
1815897
4934
7147897
10322996
7147618
26269523
418017
10371312
22031337
38982174
8523144
40948
223240
2579709
49480932
1850719
343323
1223187
28192799
6212365
300595
22728417
22800551
13068104
44193
3415737
18025626
6904022
164430
52507690
34200915
30873555
31899397
652109
6487468
27047750
7726042
2455247
20478586
361569
43730085
8518824
599325
10916
1337272
35221180
527453
31624264
37360402
11324
4687483
6553511
573752
3442409
48697908
1249209
74554
45545426
2231414
17081364
1222734
46891114
25012873
13065101
175502
13191
42796605
42796767
42796599
42796911
555466
5446251
185945
203614
10908329
6979831
527943
41257045
1922181
126844
11025494
3417454
200138
55052289
4724116
27205653
239497
10348099
2654952
48050093
1955471
18465762
30817170
26612412
85332
756950
2575602
18933632
8254740
5151803
1749833
13064721
36207361
30551191
2015211
2990227
48064444
9830917
417934
49681
20400528
16743556
1365774
56948426
25464184
5655064
43923886
18134915
2637837
4250783
9634535
24080
334507
21312313
24431427
26921669
15364809
14144170
38570790
4238168
1212721
4692150
25739
9436002
23007105
136530
6392749
18048026
41679
37316
406618
7612776
7233280
2257691
15682002
30582557
1216801
1227094
1222993
27488
14171448
2233721
27118137
28994
13064924
17121771
16017237
3042147
9060625
284170
1219401
16917294
20612397
1830038
18934904
365485
1219301
1714828
2444044
167777
9916529
18740459
58735847
45638
1496061
1918246
2570284
3200382
288276
15864355
1850361
1256791
19437485
504357
55955
34193404
23623196
36451156
28774446
2239156
1850994
291336
8645197
21215448
34138
9837154
44211754
52526687
21916864
48575463
54247317
56072531
43865485
50807669
48644129
58097311
52615946
15583935
48402886
54953193
48804800
34200049
46804622
52972673
53144771
49361513
53198596
57609854
54569058
55564417
46536830
52577865
53680386
39585396
55049050
51046671
54064049
47007962
56461420
47395801
52305608
56133555
50044340
47113160
48466186
5715706
58488367
53726964
11259589
44560327
51010083
52780566
57534427
22256588
54119945
11502951
2471637
32229249
8481634
1755384
18704670
28393571
20514835
8725303
38823520
40200137
37082462
8605573
30819581
14192567
33639328
34153797
24444233
10551079
36826605
37630506
21004836
35969410
4052033
27125801
44144744
7127409
24023788
195113
55796083
43683079
3889704
13706125
18689198
46186824
46186742
38091302
35420542
7452748
9251
57218855
2641938
56797234
44455145
18665993
9531
7132178
12776956
5210185
2654494
7071096
171414
18536062
28442598
8969359
35205938
22415560
324744
36535684
1025859
10035905
683128
41363
58402686
50311973
14778844
20166782
9546
1876534
2547278
27788626
5653
20646497
263158
363264
25018
60136
34035753
24365664
34855410
10927936
15184056
349459
6987714
9627438
35221697
871236
32906538
2449656
945778
8357797
34640672
16791
51315186
27774511
18138355
13402281
13506515
624270
565362
89493
773714
3158801
28675208
10856211
28057675
29998932
23437187
30059402
9606597
551208
32432422
43356578
1215588
14635488
1717878
803661
58506364
52481827
867975
1676383
10236490
2293952
42076934
7754370
26011932
6936288
6012335
295888
3032314
3189819
18519026
55204891
18053246
2030477
10458499
29647899
20016887
47561162
16094284
31838482
4008035
58775
36544979
30736979
53413612
31367072
31369965
14739798
36172555
33949149
803641
55760582
24131667
10082768
14914
42132949
359626
16531537
18859390
18788210
16723782
16225
10176765
55183923
2498045
7480035
16593931
22767015
20180150
1688179
1390149
20256890
4999816
33114124
4458701
8854512
9703269
7064233
639115
782302
19437647
3898021
1179553
27598561
21182020
468641
16899853
41878399
52297623
34068431
9240851
20895829
15632708
34706451
55837901
4937124
2052772
17423952
58522731
29990850
29991137
213607
26912357
50555537
14449116
16756662
33287451
24950820
30603530
2982572
8312093
2279544
42361206
58465039
37856
586357
1473331
265952
20948
37853
45960
866517
23347654
8586
28937856
3131342
26672892
23307981
17244905
21977757
37852
4434871
2199445
20510073
147473
4643913
51456706
1945730
10280304
709958
162435
44765252
14080614
17037094
1945739
54077
9536761
1295520
38370599
4756732
11946749
6883009
23441092
375140
29192
31392778
140447
23102251
2218925
26149061
518104
20418621
40302986
39533958
38193228
6828605
896750
42873698
22758286
47433257
42866081
26325690
30891062
6362086
47112373
41659736
49481503
44949594
5773520
1509102
21642043
26139453
11484847
30922946
5150737
4277314
503817
14495121
42579502
57633945
41681886
14718510
25678313
4198568
40514692
32244195
38183293
10319663
8103238
12674948
15376280
23021037
23048878
4980221
31698878
503432
16624258
19483125
49107824
15479869
732339
18721356
44756771
38404986
1080186
13537211
14447758
20616573
36593145
24116687
47990003
5768303
27313582
40927352
11813754
51693407
44518334
32303617
24846359
16431173
37512229
32261703
24271197
3698907
34466806
49298589
33389942
31816986
8176033
17873133
645581
26670795
21016331
35568276
19752979
19285762
52835990
45358106
50822918
1420232
50114266
56182351
47972925
14252330
39903888
2234982
45821282
23612695
17054724
10133876
31766044
4354218
10090902
28836625
6726416
39207065
17282821
31783262
57367053
481601
2381616
1849137
48590779
6885779
3809811
1903500
25208936
32170042
55886058
22402748
8053931
41352219
729148
11282548
24852563
43099588
19812993
13682267
42159582
11118693
38325858
7822632
51682311
26274846
2995702
9243688
6916771
17051391
47911144
18343139
19375335
48068261
19277016
15791310
486468
1470131
24764632
21222762
14089329
15050269
31140995
9951247
811550
18177110
57914571
57916669
18484432
229045
41497
13634965
24808
3548625
46735444
4646627
1751631
38138695
4573623
41598
3073675
1982854
45047140
24002209
12173431
3925586
41655
32768675
16742756
9992916
226769
43173625
52103614
2065127
28429398
23415821
49478366
27367532
877070
3199082
3602041
28904
2601173
690346
37991221
45574176
44402859
23151867
39383574
15376806
8144819
9771120
3231324
4148166
2496273
3459188
45636259
43033529
35985423
484242
20622091
28847674
13774696
3698905
42003835
20096474
52167519
18809515
1951679
3178199
10563391
50644682
41533727
17840872
11143727
40669087
6369804
43796470
18214852
10658862
31300489
54124136
25035757
44848172
13780128
1907834
37202209
3424779
17354313
38485598
12526130
43209058
48896023
41836487
10951179
35510
8032763
302017
43379
5324835
7587844
229714
7063
975309
4559353
59546
1984211
23542979
27761763
165331
57698112
19935
13591771
996678
5127900
34658245
66904
125659
1508160
41024
1819462
28743
4605995
38728116
1170995
24864939
43380
12286920
34496217
46533412
45533018
39204539
4947153
27547393
54620481
30805476
44733676
39217725
37482023
54381240
49366750
51410157
42661897
50056803
40679416
42693945
46301241
12774107
49861313
3792917
17970466
1008869
6216
10928765
2454072
17206677
3694654
344025
1257710
44290263
1405792
2958015
23612
56451303
27440977
231202
2108299
685789
26461121
6271946
1831083
25767
15291863
47887859
56981810
14459449
2412341
22845262
23679414
39809989
3487107
52393372
32335474
9031121
35554636
47863344
3421940
652195
18069384
53903141
11746328
1686926
14127158
41368073
40277431
43082530
20373610
7905603
1201544
14257234
7581994
30034238
56600621
3088252
35704071
18583971
13113721
21163596
44231927
12972080
10550813
45684490
18935232
876446
33377023
49412547
38832158
47090691
22569459
51993925
49638731
32821469
41155509
29180205
4355205
25527138
12081629
4701859
18967579
19775547
13061712
6441082
29923819
6975823
32612427
3265848
31549077
54683332
9459471
41520190
35430281
14819306
20880302
31638625
10284248
38793101
51367701
24931940
23108196
666246
1431131
41757181
56859181
21534962
411590
45360866
24891124
13168320
37933324
49071369
32294777
2660477
2996055
14517800
14554018
20657020
1317000
51023476
1164
35891416
9298332
1658385
1283671
56345589
9237787
44798958
30272815
1875691
5044343
498635
43349091
43349181
58326591
28964679
18010409
1446835
3592822
29597238
21657889
25862206
34549363
41660263
48505834
2036118
35543837
2742349
13363237
15938221
56221934
27960941
7536920
41942657
20726862
43348955
11324649
10574314
5169750
11357700
39592916
47199257
57290517
32637002
202311
31349429
37812247
7363430
12882572
3720589
9664
46758811
50619050
53421005
48166783
53431368
179219
43921971
22579001
27561089
1041702
162600
58531259
21387252
26126668
27912738
20078879
6837951
26902689
50177657
34955132
14889055
174521
827154
47827949
18498287
2193804
28162544
7983699
300543
46550108
52572062
54496
10317444
21938890
5721896
30716793
39675445
2886768
17864
7986300
48470754
19490705
51841762
21815281
7842528
1544319
57773651
22808542
1282344
873475
2165622
44339024
42455979
55567666
33973815
46972538
27240903
56748872
2533119
7949664
25686494
57169337
236268
30405742
1034453
47595561
501281
3975826
15418785
11241476
417126
380183
34048942
2074318
17376728
18471115
1089165
8434470
3534703
3618556
1863199
47190687
210247
18509341
9881376
28303167
42382285
18106245
2041117
17334301
222034
22021031
17112589
9553620
528064
42098146
21457566
57013803
5456701
1544179
28083525
10456882
361239
10241777
48678928
1695675
647279
1820752
2089284
1177467
774446
40076768
4551565
2392595
3599440
29201362
1305348
2304367
144386
40528380
16548097
10507724
45286911
92171
7037704
12162730
19556229
17604924
6261649
53380942
42973555
2906805
28634992
5938019
9917025
39395954
14723179
56916379
10721277
2028016
15763075
56199829
15286988
31793449
6888412
2279892
7019701
52918977
315968
1825702
5498814
1636593
40925
7544715
23658272
20723955
15385424
482371
42057256
19009230
40037692
24050869
9895412
17989579
17660060
29218859
764380
420204
41771
41773
3154072
1862254
43993501
659
852442
52177827
56449548
47231848
47111027
14934
15275
56457803
52171258
11234940
22367407
54735866
22799050
3452561
15676540
47763930
9888705
11347091
55234564
54184232
1747550
55533945
46583121
266344
9456262
168531
966324
1254931
43969010
24245756
42345350
25298475
25849287
22394358
54072802
1389408
20545996
49946247
17504593
58272448
59052343
44056879
30257513
2398290
57096844
12576767
4645594
36084590
2182188
20441394
25210220
309497
20441402
6487479
53531390
8018240
4867808
55782936
40716
51554490
55216958
326821
37445523
44047145
27581577
11275526
9344216
37982021
16039139
1835200
23091839
3135176
43688273
29138975
43530417
2473812
6367125
11559431
920017
21186038
39892656
40782
3639723
1683043
4572695
4168374
2681207
2572586
31941229
44467727
50164532
904341
27792533
3563231
18583225
36738945
6879785
42297141
1569224
1857924
35635771
18983683
14415076
9171756
16473495
317905
36541240
3070317
2771086
23195439
4449282
34306532
53464494
27905358
6808976
14224240
52789833
503252
4564673
3561034
53821763
38743590
31798863
40558499
25815945
15695872
2606880
2987205
44891333
33897723
33232179
16764104
39255047
3779965
3528565
889576
16089380
43555890
54974049
6551283
58520836
3568143
6890125
41731546
58230778
2989336
6534081
36674570
50403904
451964
16680675
16252355
5102157
1449552
33058597
8736929
24075474
18672045
14730957
48315679
3743953
333942
5772470
37822922
757279
564695
48587054
1191600
11060935
1723374
13315204
3979717
8022654
9674796
9715544
16750340
13433476
1532910
16754063
19441521
891537
8710238
346082
851532
23574769
2963190
15399117
3167251
18905981
2933543
46311074
474796
2608153
49594449
25144647
37134263
32741783
23890326
313460
338076
4403957
43751582
49996145
54473092
51462035
7709376
55796829
16997450
25828273
8312842
47383763
32127696
1021118
41896815
56283554
4685393
7593487
9464291
56776732
30872568
2265023
42543708
32945779
3322792
4168106
12959588
4575623
23880274
51558574
25627133
3892192
4160503
7022735
19604059
26637474
22093715
48026472
8609949
28019319
15064001
20407552
14525752
33851627
6037443
53641598
44098241
9156640
3939149
37472917
24450573
8263600
27556933
29856155
47695892
53825664
3695385
49489032
57531234
31709197
12568324
30174372
16219642
5418149
2022621
7434970
56941030
23274565
31866583
29139875
30700293
32467427
6172162
19901813
4847808
44586992
6130488
2850606
15977991
43857278
12115249
33606395
19056769
27119036
27085713
30220535
811172
45545662
3172281
40057479
5935323
13666834
842588
2375391
8260574
8789505
2331443
21452067
2467391
2792346
16108852
49893380
4695475
1007921
3400305
56906871
11337562
44001091
39303495
2537691
1484533
5865330
2767123
11464105
3159493
12662693
554215
6176311
31103889
1991624
1649959
2403732
14615273
9727018
3108498
31886128
23779775
13612261
4552927
5686380
25827447
7820939
26590591
22457451
44079804
1835541
19349498
2682026
9615635
45059593
23669510
53965324
25483626
14302611
21321771
32391164
41607617
29975772
21291407
5393272
8742380
20459707
18788208
7454915
11278337
7166890
39697749
37394465
10904383
8689837
24582905
1516949
56009041
1266383
57094769
17604070
23351025
9369098
17841
15653400
9680291
5864367
41958014
22397339
10747879
12635200
49101353
47675318
13918965
36660129
39829701
12828090
4067253
8455821
48596987
7712774
1493984
991105
3011356
2643992
514074
682605
12438345
6362451
13062648
48818452
2234718
4904260
37104976
8097563
28210296
6718662
8656374
54113190
33232338
3171043
11621390
18784230
4813099
18768487
9979202
42902061
11607118
5904075
7550373
8506146
344909
810160
31323964
16486653
14504482
44301990
11268193
17130797
4719126
18889
56398902
8546788
46607451
29486581
10478387
30552634
5807398
20515857
24757773
30866236
14766741
4449498
52641996
24857766
8828258
12706340
29808178
35175705
1225458
3781738
4739327
17181411
7550095
12431848
7159913
7141905
1937828
3322573
2701365
12262882
57879382
1195008
17317987
37885483
18941781
1660640
1938517
10906395
4993595
56106791
56685855
40863724
908778
676568
19308581
7299171
2721723
11297910
15724174
15219400
48863212
41449
57473668
47557074
8516535
29474315
10301838
35715577
51178740
45163961
4092642
24512697
12489089
8626724
4797672
22931653
242330
17640657
41592687
41076257
6624657
2127786
41060696
1543837
11244248
45097232
19506312
1971624
3060998
2840430
1788097
21487154
4371058
51682613
32290760
30908493
39388546
20996817
30871102
10965511
13810886
29078639
7143530
2291650
16228851
20459677
51955375
22395556
53352429
93829
26615494
54136060
31427702
52869266
3291000
29149078
10842134
47066830
653
561320
30822372
10899583
39923364
696986
24034128
31894512
48446867
36931547
29991398
11189862
2706791
578271
21471286
25134863
669025
695896
3933
27384935
1728902
44351938
52592808
40883
87179
44628427
8117924
38237029
462557
1471182
42334950
276788
7456000
1853411
4556039
7614026
26737961
20004646
28836945
27634874
17910258
29683691
43948228
2371149
4102272
35196799
10380867
9234672
28332738
35539625
1697194
13052107
3971934
6256828
1643363
27837540
30556913
4491205
18446887
57590207
101718
28513197
34196780
47490492
16762239
24181108
21172747
37901692
53861907
201510
24606360
26323816
19307267
39134907
55071696
27708775
51483978
1218564
8452216
695553
54884372
16081091
31250840
42433514
3822063
815012
5613921
28450260
105803
4632809
26196692
22577449
9364659
5556351
21466202
418548
418544
40044236
9288781
17768653
8832358
42978877
38717352
2114156
42799
18912307
4781152
3609638
20978184
462594
2500987
7224224
30862699
4627454
27560225
29327110
52680501
6726259
3067110
10113932
11603701
31106850
53440034
334420
513291
20345678
21171928
6123938
1611358
40043179
27985931
24069515
18437342
49486493
14716135
3132886
37783653
4010858
7769856
4151148
45166249
33793200
30474432
20142339
11776760
27390695
23983963
61118
9994297
343505
11390857
41270069
343845
20405839
17219909
8321871
58599516
46628
50693041
51578979
2768593
12385791
52905301
46896529
1064223
25889566
28215016
24104531
6863064
4579112
18934432
10998605
34956453
20506520
851862
52920035
1226927
54842567
20123839
12296287
1121231
6456883
6830465
34890242
58505763
8387400
21713048
222858
3925423
3480937
57088805
57162791
1809995
4130871
10175196
381100
207379
25033678
42643602
4354196
6490640
42423740
56549964
5492992
8159055
14357056
42549156
58586751
13142265
220633
24222
11274652
15503832
59957
25881569
38181233
7580086
6222524
34911137
47532691
39661913
14481061
2522890
13773771
28290656
1877473
23065805
8929944
12839080
32326974
51627791
4502
4797745
7985514
4521427
15791844
56450772
57126929
38036756
15236363
2777285
646842
7090906
24128922
28808092
7842233
914098
8504195
28646624
1137144
1970691
54069873
8239144
312439
1399190
3109661
8868378
4460
10388309
28843311
35911445
11339988
3954
859981
8894516
18601295
29834362
8420153
4111
23526104
10203313
6928882
35438992
4584230
45784
46745932
11344743
42576177
10582830
2065799
2654847
2312640
9580771
2186993
24446858
34808927
746495
25658641
434188
1006293
23969712
480700
20611922
551450
12924448
1762628
50033811
38380954
11594369
11709317
5314955
47285767
2447768
1009199
42325019
36845407
1106830
31040311
8307294
2285013
11894889
6352441
42057374
37102865
15360151
43253804
26415811
525722
18259841
50992773
22947583
28564320
27900884
1984610
47192472
2146034
53354629
511626
31144433
20756967
27140749
39150695
16565278
331579
44305878
13097619
22562859
7955
6425322
28268694
22810768
5629357
8697
8255258
1158125
45461558
33334030
49256303
46557481
14341419
22315224
39619
1029022
48845429
54041957
3470484
2051037
38255399
564380
34634187
10482389
3840121
31643950
8156507
8631119
293676
53307338
29221300
24801892
18526787
35823031
2192496
6599910
26245162
15620079
89242
12891
51382451
12383
53995681
32672803
50708946
3661644
50591385
803558
37518608
29071957
21003747
43858552
10443283
58630953
14094
5219699
35029495
56930559
31529144
8142925
33966019
24896405
42277447
3479178
6520671
52966974
15991162
2381640
1612722
36315057
44353369
2723752
17181487
30965725
33548237
1127940
25211094
24135147
31985560
33233736
45389775
68140
21451766
884805
52242380
49435114
26080977
3016399
25672736
27456094
27456286
27460882
27460930
27456459
27456863
27460950
27460957
27459241
27457008
27458835
27456923
27458759
16770101
58742475
22714697
24520406
38610814
10813955
57044077
12054042
27720533
18267886
33965201
2564540
3693303
43318261
13475684
23400395
32908006
16482142
18906
4817599
38939487
42318629
40439442
6563587
24704614
315043
1078762
31792769
31552410
2769113
2154572
25731645
42589894
37959176
12993572
13515972
23048210
39124671
4152953
1632972
9299409
7737653
39032553
38975888
41756826
44524545
33980770
30031381
6609299
10931846
28333458
2652481
12139505
1749134
8715575
14136041
10977940
51388795
58687979
1068768
33533216
15158793
39950774
1857574
1111019
23647
3479299
25008405
11040192
37903929
5523586
216104
8253098
167540
542744
30911957
2161878
50532084
13883765
42863440
33691299
46275516
1154853
27975505
50871925
32793668
14570400
31462586
1357514
40427167
25207831
54375950
30407298
26194
25271931
25758
55764851
10205458
26068545
200646
40379477
42067613
31001609
53576321
513091
10095073
12918117
53367602
9007251
15141674
55123599
31570900
20727645
20497041
48541646
57313623
48172434
47656176
6006708
27783
22810498
22977267
50035369
54021693
2108774
1129005
2794604
9509772
52520385
133176
33161940
50177303
841429
779824
24719493
49172614
38686504
12594118
53363521
1707931
39782989
6173922
31001884
619632
12139197
37879288
57956800
58734840
58734908
58234137
7011824
32473
34217148
47973429
1873971
21647820
2347765
1265269
6476735
43478312
12877784
58990693
38673321
10927579
26610144
16066056
3461033
1382285
1589872
1876356
3550569
21779320
17894750
31284549
13198770
4117074
32600833
47518238
5645363
22647055
172118
12226371
16998808
8903910
7887636
48069154
8414306
5177225
2748878
13167343
54422114
20995534
15796172
18610105
12293209
50232146
3020263
51473163
2841596
253830
1977460
7528108
294387
28386231
21918859
75034
275712
3348116
2507132
15515870
6503241
15235042
683322
1004399
15218518
15282785
15363687
18401
9543613
58665925
24309243
3062544
27696
8358059
53405853
35365676
37824778
20786042
58283612
11264248
739588
3319001
12630111
17856380
80732
51884528
191145
269190
3929318
7620324
1651963
18950050
16263779
1824836
2645238
84130
402048
40885
241649
37438
1532719
7423263
7039
13314050
26102963
12809970
37488980
12653051
40625991
7352745
31383175
42290411
33264144
55906881
35749872
50952451
216410
1065253
52457041
937347
56121990
30628775
2384061
54577423
190837
26996847
24778033
54683549
11347
14361510
1548510
1548123
248189
40254
13305402
12941407
16068922
5734146
23218263
25309878
6724915
33762888
2100075
14773
3424660
12458808
3948917
52169921
9931974
31640999
32144185
13882552
49330192
54455228
57337795
34150484
233488
53802271
5676904
56737564
28531802
12457518
44195492
21599341
14218425
3531649
2466610
20542082
213328
16981683
12561091
51682417
265816
14958673
182837
1678822
37441392
13675124
213354
12117968
41585725
2675164
1014170
38212767
360066
980971
2073462
286947
52563216
29301
1456863
2445180
936821
455771
227053
52082659
22166774
2748227
5307239
659757
2220846
58565905
12261835
2312170
51777886
22618474
9017838
56830451
7426972
9017582
9017587
7423555
26328591
1648534
183952
58463
37263123
350239
14643245
1182550
413522
59701
352453
536197
264268
53810765
698858
80230
2344016
893432
2937476
520924
15378707
373775
13117577
916552
5895924
10974032
1867849
1951498
57260
469507
53806103
2894782
243718
48597
14712915
572393
5252915
1168875
1901396
3659771
21402762
349636
14992556
49938148
37060345
884781
21938697
11727138
30516155
535805
1166229
193688
4241965
2086634
609079
28238658
405614
75838
470488
974099
5020872
13481097
46996599
38068501
43512313
1774930
1149599
664494
23902228
467731
9110374
1151989
3982848
52309372
37993
147728
165767
1088008
653173
3329836
6710843
18084359
33381057
5239446
235902
23850671
29102432
51770698
48180931
27305835
2910720
28320473
18083499
7190770
7190816
22363228
44435092
67458
43432072
27861414
13892184
18083912
12234994
3444907
18101972
23690239
12347279
18099775
17848037
18807965
8172769
7921791
1039146
17827804
20788787
24225786
18086147
18101742
5677189
6028824
3229964
43315638
31428107
25814646
27564101
17998853
5567886
19634232
18410611
18082975
18085730
36787184
31497981
6198995
38130916
42417769
9420612
27510151
55125362
39922332
3516085
343528
18007827
51768040
19425407
6029191
44383602
3528182
4561186
45590719
1600356
23619225
47654333
31180472
9969688
27663682
11832700
163806
198570
50066978
18102944
31437791
18085080
57085054
17796821
31464925
15231812
28307156
10292249
17852569
27341944
650912
2616345
7515603
10369551
286245
21240294
18103372
24679207
18100479
39663156
9538788
22615556
27491207
18101119
18103506
9522747
30766917
8172483
36092701
50345041
33380874
11095708
67488
34480010
13543970
1944675
9269429
3719215
1340846
42478813
1205439
58636410
45082324
261128
54543869
1532957
4548948
27408374
698226
423029
44166368
34738297
21690342
40107286
1835000
14234296
12885040
50919563
53491795
1602747
54040969
650653
374417
42057983
52228680
14218317
48323672
56980862
2853230
91820
7310778
22340844
3765637
52653968
18582114
6485204
32705940
44582355
28486111
58949068
18126
12576962
25373711
47225586
47522503
47498167
32362461
1480420
21868040
56721411
19688
1010814
6357454
29367893
53746177
47578191
41873246
15607112
51540636
54009595
54017020
128027
40935351
1597540
33835479
50026297
37339876
22681193
54050278
11050135
23653444
57208208
2341066
46781540
47783238
326857
48878990
1197808
40761919
25213924
14382459
11098174
5012467
9965726
18743071
8143988
5012810
58707221
15737244
2732718
23922168
41784
715837
21550783
32288
3568256
2171547
32612
54889445
1733839
53583853
1558384
40367305
18716636
14474772
50132445
9663
8124086
37652003
45021102
11630614
58171134
4249694
220737
55524455
5518261
49473613
10455584
1643583
4761239
19377
17596903
4436927
3656002
50797110
10600906
1305947
58198099
43446183
8797194
42941598
50069638
36423257
11005995
8036463
8340209
16507549
56149507
41245695
347027
1851097
49895047
44701137
53292889
2193
1908395
4630125
33413026
1430539
19281445
50572189
31957510
31976229
1769301
44739087
53810462
57198929
3594326
37850
32306936
188543
31199101
1231522
39666891
15383036
44065971
6092100
163261
1894504
38567205
52547912
167132
9404689
44111579
5320
29352763
561270
37833942
5911373
1918603
7525126
952858
27887460
266449
732746
31250501
43270576
6760
19349845
2528127
38273940
53910544
31107479
48834013
39379960
41253338
32918865
31956396
57934418
453420
1503112
58511530
38300716
40277479
49528672
14206086
33307786
21402632
33637460
8736181
40054681
43374421
41653019
10176
33636267
19872687
2075960
919057
251874
33241416
44212980
17683377
966106
10773
46631678
10628
55017
50432754
27110987
216102
41083964
1268939
911833
48233141
36030800
3330632
1349174
167339
1259296
459417
3421848
101336
15636666
66338
19790637
25747583
49960377
22904524
906156
188545
36971117
51292513
23094504
57685005
34493193
32607746
10499965
26740669
5679463
16027304
44158633
1444182
12057519
14843
37839
813244
45221164
504833
7380112
38660691
41958
183290
49228026
56235559
44016300
53605001
47270052
38785187
53703349
45370555
822307
204912
315008
19957
37844
20559
14246162
23208230
447819
1592956
19637
28654390
849843
53121641
10953983
44390248
908385
868108
1006597
603278
21488
55566398
13137733
15439559
38556048
51887672
3062721
2072616
52803334
56154933
31666986
26225095
49837457
69937
57787119
30449643
964748
191646
46389130
36128856
49634509
2878626
39723807
22631711
27264213
2077685
49580171
47439608
43362985
50568
43793051
850973
3175932
44434270
37119188
1498080
4707045
1251318
173363
30876930
144068
44827208
46418096
7909383
13973757
43960775
22202480
55795858
233071
2915617
632489
9000484
25220
28676005
511547
23692678
44108758
15426942
25280
13276879
218930
15607775
2285007
8768215
3242434
336014
38264643
46530282
48223695
52821888
30522732
39810481
233500
7289806
50957870
9687062
245926
7649384
29123
24466842
31324594
31964508
58490571
1095325
13201685
35227098
24871629
42032995
38998613
33520674
36776993
22552583
29420
45495882
763138
7318960
47826087
455201
61220
34339131
50995009
20093078
58635628
48478069
3853380
950041
1364342
5386671
3791822
2025632
6014953
27573
35607283
215930
1530649
354077
1046760
11330015
25809005
16437835
5501120
45684731
15367982
31664784
19991513
43064599
50561501
172228
1360573
49321811
48710592
247712
56002175
58900
23841450
3294173
40248
58205005
49994569
49967329
3261305
3555585
51417988
6517038
31142766
2242167
17198736
42967756
56687142
2988035
55278
31237736
1648132
570662
15379254
58735477
20122770
36322233
10209776
38317591
15643588
68316
33038899
972312
28296423
50889773
35325377
1443002
40215556
10644985
1254336
40084324
39408928
4835266
27813448
45037213
49656913
13303011
27046862
58721191
18263853
9372609
46235604
11013462
45343484
22990751
2730667
31884673
3391379
30037240
28180929
44894707
42699051
36970467
27384412
9742707
5969588
15459738
2079855
37232595
36702929
22819973
13615
14537318
53912255
28414748
46411077
10192
46411064
10278
11375114
25489661
324807
876272
12974874
18940621
34008776
146084
9480763
1794051
2580605
1068485
1501218
26157113
685810
144843
5289467
104020
28057645
199105
375139
17717030
1123485
1123493
6571624
2936393
1142686
1910136
4245290
306685
7407877
231224
610149
61967
4620242
56579386
2677209
45542869
39336973
1894108
8078
16775826
3034047
14289159
323260
7505145
4302166
4518557
4679720
21727035
1048452
17673912
226403
608228
12737
13491155
2384938
17176461
1666672
26131239
265112
28245717
33020039
11020357
2828647
16775728
23655649
6913647
5775285
54034
1124516
3051710
16454056
18273210
53630613
440096
8648480
46257702
3802508
3802554
183120
2150384
5736157
7968891
5181068
19483098
2277296
14287597
24900
18691464
26949901
316760
1071026
39131099
323176
8045660
4279364
187584
3886695
12837013
25171720
1115299
1970679
29285
25016560
38924078
40145449
11450403
5520376
2242641
860000
866836
853610
1277505
5730094
35823635
1657892
27593472
608168
4689328
8077803
1296312
11870065
351931
601254
22974745
47415993
12314226
25772247
41496067
9910658
28368580
27168879
46286567
28368540
52875487
54198965
8762412
46203
9251623
60394
17669313
41310612
13553388
57707341
36024012
4666541
1983995
378634
13956734
289882
2439847
9016605
47161541
304673
11185035
27222453
18785633
13252599
6151641
18237495
190003
2393
10515524
468570
4291595
537271
593
17496868
3431159
39739245
57347549
42164833
26266522
1804100
26892981
9180624
3093639
30863555
2769868
5150049
30876233
39116911
1237052
4513097
24445978
51159625
198669
10874917
43335396
769604
30548991
17904603
44973140
35539399
3097637
1251443
47005340
46836433
19807602
2935883
9617836
2351828
55458157
4541
5870494
3526949
698505
3699221
3443176
31346700
26147557
16811121
42138390
14467636
101684
1741240
1591228
3441969
46953
172944
6945
34300200
3772254
38785046
8253590
1591952
42270381
51238958
1645689
206869
195718
42270558
224148
2828306
2828351
21263472
8219728
269975
17565049
9019909
17231768
7526756
7545098
1807646
6345215
9780125
305296
5871200
15419556
162843
22846593
5246698
6827570
4638111
288212
1698597
149902
1555862
28296403
53586358
20534924
880860
7428842
47909983
10294603
1558421
183554
1752048
6417406
16566497
25839620
32607572
41782177
11184204
8013
28174
43390516
34599617
48768598
8827593
20578807
17210726
147143
16025799
20413071
786716
6221623
6030254
8844
2154814
27260673
2090314
8858
1771156
18258996
286078
8705426
17761927
974664
8271
7843108
8733
60980
43770267
221720
3382376
31334601
2386798
50340185
54171300
8716102
42055694
8220427
6724390
24112641
5902330
18209402
24724365
432640
6539374
21993041
3775165
31890739
7771791
42069381
14234559
453019
576444
38878679
38228585
1647073
18782493
5156271
36625495
9553082
9779838
2673346
4788507
4412018
5879228
9797066
742784
10775
11433
1721827
3868991
1059088
3603106
318294
507421
11028
3860665
3641073
1342176
22059072
46395
22552305
3784078
13567130
3603722
512121
5319302
181389
2612561
41173
45278689
41180
6817345
5601991
26824290
13078022
12439140
15999718
32336631
23238710
10451524
163005
35572872
31815567
54239128
50021376
30283939
1032856
26338512
3218883
2473617
27892242
1544251
537442
9149520
291069
14320463
175626
25359094
4688909
49189977
16315657
1543683
51174837
3943884
1070737
3593319
24197892
48436469
1723027
52462543
1532951
34993250
173787
15416329
5973604
43953816
3160586
24099998
1499722
46222904
1258677
56189
55662464
7239194
5296400
35188336
989858
56926837
5296153
23624898
45447109
1077225
35456221
6789346
15895904
41295
39282972
6809105
8085441
23048428
1452410
230916
42765600
3262281
8233919
48547495
41897104
25854042
4424227
255849
13962692
17871
28171134
45247334
18495
421066
18379
207396
47808473
42116724
6468859
24224865
33628883
5896289
26498350
35527899
952407
2403335
6928954
10516537
34045247
14576659
5602860
27812753
154046
2603725
4378235
1353830
47379752
31088604
1597686
42649214
7521065
6171223
3097856
45665231
2133834
44216
27600034
17476439
56683038
17140136
52035
5010353
3323808
6811667
19137925
199539
731779
2294305
3563744
20055
1489035
8497983
36562216
5305961
420584
7034924
35886124
27370145
2795942
777039
46252488
151593
36697181
1856450
58246
70729
45272481
39992011
58420390
2261305
1306721
29140406
3390335
47940873
2404067
30308236
25216571
494174
51866888
23049091
51525645
3921784
2711613
57024890
33628531
38325468
30201534
35928875
14314974
1046654
1281455
15486118
7745537
5614164
33966909
34427799
7376839
40679552
3617958
233496
516389
22572173
5517167
5235162
5550368
11522254
5418450
8220914
166849
7728454
7791477
1591048
464103
149129
11950871
1677096
31917827
2238936
2351529
1976210
2774999
287087
8655156
59055668
4760066
3005003
1079796
21610788
6079030
198207
14922915
36820307
51001497
13912249
793548
12412483
19292220
3032904
3181148
50714809
3967111
7392794
8697145
2828206
4790608
23220580
449713
340477
4634854
56453934
156101
7089081
523885
22781726
80765
27658643
3351638
2632880
1602071
2045357
28706
46629097
1261839
11670649
2429507
418775
23185275
32326365
8637848
32601359
1399553
6040266
3202290
3811895
28230973
44518453
42172652
43038157
56310987
47320077
41871699
48672343
50527732
52411755
168387
53683208
42609775
36662188
55507546
54403845
47720785
50642426
47694014
41955138
52997259
28737625
52828819
29089226
234921
42152869
43767686
6711339
49262580
51055194
32109234
32845520
58534400
51605603
50639220
51281794
10566027
9590201
1636646
14449615
35426988
24734729
12749473
9399676
158573
37370802
56057622
20206544
164956
48402716
31710910
49112047
22192782
10081991
1850771
22221728
5612879
3214453
47451719
1663823
36218534
21056112
48578678
602960
30443935
1866904
25087021
216150
9865153
48160065
56039031
36604500
9039717
1048596
11074125
13321717
34883656
7494752
441179
708581
5300519
44267928
18005052
19964876
40210862
26271869
7745106
21223477
26732377
7272264
1404353
43146001
6913666
1303216
31764662
8231648
28737430
7487953
24237178
31389867
1251426
31775293
7693731
29402320
21357266
7985488
46249271
4207958
16458069
15293121
2059246
14573421
20193195
22315372
39474341
184978
37023189
57079238
41264280
23179194
5882184
2930061
81036
47332715
30873381
51616270
4686837
52322527
19596538
16091265
35674124
1521015
10367565
42181888
6303315
24911839
52802014
46711992
185863
36686871
52317476
54328982
10235356
518133
18596053
3014542
50231947
50884724
52724403
17183849
29639776
35368283
21562812
19438147
52247264
10029655
25503696
47252647
24352961
52455537
31886297
29640242
45052375
18650595
43618146
43325520
530016
37792009
185358
5761185
49105
172111
668552
42416
31602203
57438775
15721530
2685825
195337
210545
14543
6587138
20182719
3320853
9675622
17065840
39314328
5267764
55180379
25557935
1417710
17856623
55424384
8264048
153392
50825029
1300528
8340480
23838445
273856
40272
43552948
58959917
25493759
7369020
16659679
41722640
44362658
3683130
173366
31472958
20335379
171855
251540
53544671
23671111
14553
14551
12073594
68040
2168581
10162367
23947154
46536012
42713269
4954764
10552308
22887461
50615433
632853
58846324
24861941
1197962
38626463
55809797
44312
46213053
11550904
38845187
28178345
382293
41038479
55893053
25682554
2216468
19650816
38938937
10189501
36436887
47102166
41624966
52173245
43980105
27006
39849030
56112033
17363244
13344348
8515253
2590921
12860795
4350392
2951168
729339
3255966
44088995
46239037
55606827
45395430
4931186
20620479
8116008
17006856
42283768
3378687
53365733
413102
30167906
22406877
33661741
46232572
39351494
41989305
24760321
40142982
6410435
24479606
25850552
36217354
45657902
34659850
25292015
41214581
32546455
21880823
29967429
5923267
106029
57893865
49642822
11591432
5765010
19081158
1249261
2092835
1423187
2445044
4864009
21979868
2164976
49261105
255954
1112733
43021100
1406812
8726682
39034242
23431978
6411538
27721700
2736877
8535925
33558290
7613472
16793276
4210737
11135100
24988101
2681904
35058271
7389351
6157978
1444981
7449438
17126006
184570
19638
3238520
15497488
410778
22763312
19080817
7081715
1353128
17114734
729876
33688973
4625319
10948234
2567355
8528504
30721542
30057479
18536695
37771398
18038994
5876658
21575789
15509033
23748
58296445
34516380
14410264
1183515
11393515
747290
11982591
669367
39594285
21534694
2131428
2147274
459844
1249227
30990996
4093822
100563
54288469
23735926
31380244
2181790
90815
36716905
3148479
36173747
35611164
10298371
1543901
58032032
1278239
28958727
11114793
3247710
6679480
2085909
25579396
58053955
57887390
29042385
9756767
34201145
12654117
24948055
24376013
58054326
46289875
57764012
6964698
38976600
1550386
2336845
58054589
53158313
9925110
9909443
2768176
44339868
41273531
39977993
40181710
28586469
3369375
28844498
23106357
1358155
54215947
34434308
1003982
58399218
1376411
41102
58293115
16808988
2102443
18740332
57812095
4793304
58294223
23813381
26520670
31421610
24352274
319341
7394916
7081986
18050657
58179215
24071063
57879722
20242651
8155923
612446
39262126
9850794
11263300
925497
8774217
6612401
21556534
22902883
21915258
2866045
6257581
50425805
57893503
34327456
6230269
12173993
55818890
35936779
5088477
22901454
19263473
15955754
39260540
31033811
21940399
30777535
39993709
57895391
47229343
3589086
18041980
37546791
58337706
57403659
30875037
7665856
11881862
4148025
57443880
57893298
57768976
3508616
58416864
58206657
58049305
55167937
22890808
57917666
675192
24535988
1199701
28325047
262577
1582889
18041723
40863107
44732855
22371625
325028
40757180
57893657
13191748
23381343
3678878
23364216
9049044
56983588
12042059
10631826
27275174
1667490
40563257
9929778
1577335
9764270
49768384
37115360
828834
31878431
12909283
293076
34633252
20716195
41479531
7287781
32814049
34507803
419667
302790
419620
145095
63679
49182501
70924
49646776
43470933
1918906
1552625
7714070
404291
49957896
18574618
54475976
57599475
30165969
284732
31868765
36715796
11178092
34580566
30882491
1116512
38701580
58388186
11504702
45871
41344354
51118685
56514706
49926925
6078697
12987827
10156160
3859329
49182724
30700306
2025660
2127374
49278562
57915114
95261
30671765
30890375
1369770
49166857
6165191
14431229
54457921
38324933
11448262
3211
4387176
39455714
508390
432276
51056408
5624034
52937983
51623139
13751165
15368504
1440307
45522513
9673324
1352090
263902
183275
17837667
20234388
1498102
9548739
46306612
7901142
7920461
961961
19606838
175996
51408572
45356779
36510964
37384533
7200558
7067473
1686404
53384839
57091934
7507272
51294095
1041078
2227503
14756976
40131684
47749212
2174453
41596497
51202953
22682042
20433319
96558
312671
31894500
46840724
11763579
294218
177515
1762926
12222140
49808784
43940392
49251542
3544225
19355993
22730221
3485752
21399554
30737379
3037149
4653948
12682423
21561
8702779
24833024
10172238
33511110
52122213
21370273
10215914
6736363
14661057
16204212
11172708
52772118
625341
733009
3765946
11519910
33599550
1545858
26968133
9324236
12368774
905278
38262855
41067335
2536597
30332230
30869356
14669487
1659679
28054293
399116
58917234
55481097
42951933
35033195
42744699
46777482
24117996
7886048
1753270
351914
54932727
53391053
33987226
51167783
55274673
32997323
19079770
56859193
32747596
1846298
1991073
31562046
3200021
2547900
24812935
35756148
29284770
32855569
22898551
1033036
55008417
13007524
39154794
56007469
30380229
56673037
30863334
49376493
19930528
57891974
37597038
37615676
113276
1175268
1326668
33933664
140988
2239715
187359
661510
4310348
3288282
13276035
37968808
11328487
31502109
9721272
36743319
30484405
144551
24595491
140305
2613743
143830
334990
1357391
142839
40293196
54449264
33421030
1323819
2044956
21963131
871497
3829159
160573
4640
54610806
2806112
51332769
7674
46593693
1678224
42543394
46872872
16926142
15584416
1093599
25721743
23412164
41818488
36740300
674233
44745710
727012
28353266
50680
1515625
27019598
18748889
46855758
1980234
6968798
1142483
41902674
4757213
38063531
822216
38482305
19741825
20235258
27480090
11486206
5674278
143945
30972294
10822838
10479156
11486445
5235231
7274500
3455617
47857900
6047014
17686546
1395879
8334805
3456652
2879380
310342
33050661
31344578
38837285
4288600
1401151
3754754
22930487
51381753
32711607
17323566
6043553
20624225
42338952
24453700
13818236
24118168
42868663
1521870
49378265
11172915
1949793
48672346
16003210
2417230
46306505
13067121
233830
437887
20397949
38363504
41474703
1188303
20294329
49630581
2055436
44970384
58253701
7716858
1418631
32761799
6202910
28022494
363770
3797703
11265664
49273286
4037385
17969440
1199733
16892551
50565511
6887194
18348644
9316182
43312966
28714
24529342
417573
46633538
19464111
40375
54985970
21134515
53095406
12971550
286106
51919012
40016715
743972
43359254
41262001
44858650
41147989
233525
43595729
34761780
8557925
3328574
16827990
39375
35536407
6249986
7161682
6757017
17959575
18705367
42554156
1546567
23781846
5402608
5708067
16978557
54106217
17405555
54189702
47050949
10679172
31240382
21828997
30677
1514579
4197071
10682567
241247
30863581
462707
16460488
28984579
11205372
57785558
3638902
1726070
180332
18503362
515250
5602143
31989301
9330399
38566097
10240256
205126
726015
2925185
10339
13856398
3667461
3783748
5633026
16465515
30992263
8559544
15452032
533170
23398873
53741687
5979440
4266962
54136572
12056391
1559010
32846840
4135179
4524833
6114598
1365624
8300479
15443758
47690389
1438653
56494836
32835058
34664524
3346545
33702194
191490
15762222
10375926
34955137
15108934
44757176
903791
204272
31483101
19174764
4622869
28224888
7301525
51765473
44525303
25647276
47776440
42977625
523621
55846595
46757420
459163
13327372
25273819
45399146
6106010
3331283
30505668
1424847
1149759
13546526
4522453
362042
37773246
43497959
3317267
34478836
193716
13989164
17484717
664585
1767897
23794469
24168588
6071056
664564
1952367
36926801
11078950
8238828
12276832
307882
2657250
18580879
3516463
58714870
56551013
5931
5452212
57124265
57843484
49994138
55726954
54938780
54311407
52487677
47906830
31119235
14225511
28339996
19936884
53267635
57858120
51928486
40451131
7779220
43537316
21106472
54170944
11025622
8263627
12715119
4226856
10032566
6131576
8280424
8152036
52436076
21075669
9897739
34026570
43330686
54551323
34152369
21118929
50421011
1155952
8420413
11093587
11200087
1591958
13443187
6901481
42466294
2287649
14276
11816081
56311337
14486300
8296693
4162918
34025898
42812494
44801860
19885252
2634154
43087368
8767767
43052203
24341524
31754683
7362064
48960639
3089078
57042496
21089699
49331824
1641090
50826611
44448550
44978016
10538907
1521987
7311344
1384140
25047321
50305913
10037173
530988
44121317
12374239
39917439
7883000
57425521
2564847
2585120
21024652
41732397
1155993
313566
8545558
54809714
14466203
8435121
5953115
42811967
43192844
54743347
17888010
34027125
21160576
14485938
14449786
14466070
1112529
32863514
13451543
28842378
37042066
34122244
34731548
58641537
11484653
2795558
39017039
1065209
44352856
42187421
8373894
369646
3275532
3633926
56511089
58411753
23156336
34338169
183330
3116075
1154751
206242
5137821
32888896
15054348
21687161
9646634
12052294
1364923
48516621
201853
5361228
39776215
50733495
1071636
23777463
16141471
11100088
50221650
46941788
56593335
8798387
5998012
30263721
18642648
25766740
7758456
23826709
523288
31728073
38143080
34555677
9415650
31572332
72877
20326706
49023
42791761
1372275
27380743
29927557
48853442
1510452
3650827
38282825
3545630
3813953
3795031
23775535
12070886
1437746
576681
12019770
426955
865641
9559591
49187462
9557604
3113840
420966
827863
172761
7125851
4721358
180624
25143921
34531809
6206730
4213165
1352555
892264
47202079
239926
1616845
32088185
6521943
7535306
1558208
17135616
20838163
12503315
3393911
27719906
2081252
8069949
14633213
5634341
8098322
1156603
2549795
21950720
6229024
21888016
766619
40796886
3892745
30377575
363445
1916359
32909899
19777162
9687666
24590863
24546490
25627084
1331549
2026889
262256
6257840
2529724
58028753
52484417
38754240
35686296
4135937
216187
17641424
1558218
8312245
8312263
9644994
6257886
6093555
5492199
17588004
46458744
1532037
53115925
24603285
8143783
820248
46899448
46923835
46883456
7977991
3436139
26201825
7489050
1859146
262252
24890616
3637477
4121300
50390340
30862811
3436184
8416361
45257241
2006241
45017791
11242767
45668983
28833800
11484716
9484892
45363494
2919807
265064
5284787
201479
20959501
6109368
40309522
40798692
6907585
40708152
6344144
22330333
632850
588001
6026902
4564818
1454584
7399275
14901914
28352809
18702669
55156767
18704428
21000205
11337341
42073650
2901418
31217397
55419244
10118279
13255999
458520
2142
6585513
53514351
29214348
367107
8632154
14342207
621447
7666616
454351
23810743
2979338
169633
3866244
11561331
8953588
4650831
4650823
4650840
4644798
5104401
398138
52080361
613351
99965
1497849
2856792
7161512
8687012
177318
906358
985101
4155566
399520
21185204
1336522
711644
5074329
2180548
101888
760639
5331853
56896664
7565507
660710
44084491
15292186
27938415
590280
8873033
904443
990315
35059114
5715923
88231
22803034
16713163
32114271
780817
18612939
31354851
48628750
37930958
23438896
8425040
1276699
34507261
51019874
42159637
25804369
2800885
71916
53587467
49889354
13898857
51752562
21695575
6301802
24178036
58564676
4160163
40888522
3329940
57587843
49632961
34229832
1172403
2702229
357616
28775637
563056
56421131
586316
7951661
16661256
13789518
6973036
881048
347136
44409131
33524353
144221
11011376
3420518
12853210
445762
26455146
11738514
2188048
50778432
1506069
8251208
1027480
42065073
2076640
37285117
2696160
38800134
3920625
19607125
50197442
35134363
35984041
41331239
22726888
1017391
45443161
41338204
16612113
3302451
40105963
48684844
184092
36238646
444606
30122531
50079645
25276250
8881705
3982900
3982626
16385915
4438816
11346425
30810457
36039340
23721650
15566656
19275267
38861135
20932823
21442245
39090572
17500066
44436435
15910445
17918238
42416555
15910202
2114539
46455143
33331993
3223939
34308683
13856857
50647942
410858
48735497
53113460
488640
34113697
319094
37437983
21188248
20623501
39265475
40776935
45353040
18516910
31331921
25616973
10160866
9488196
47453769
18899968
8750146
58939
49647689
52880271
52880276
52880291
52880285
52880280
5046331
4220348
22228526
21499093
11572324
43579256
31234138
450801
14229991
7660879
27683037
25829048
20983659
20587985
38468395
49013857
5024249
48618549
50277898
45433228
4647220
28519149
52881056
31212288
2600270
14346997
33012035
1640978
9282401
52880929
3561981
55591948
52371062
42504960
37174745
19081514
37851018
40564617
31434896
31434843
615491
37026960
27945120
57185549
19815598
49538727
35113370
51354460
907754
51647821
11633266
52154682
14330991
27883107
30936238
20215030
15955691
148578
19127141
24144971
12728727
2468946
3253952
50034353
31539170
18356800
8126990
21813579
15428528
31187664
916971
2468942
28000284
26270372
13016885
379440
57354084
20795059
2189647
664082
19111630
15068283
38404161
400821
499947
42596090
7441133
6554860
2938583
194655
1269464
25214307
7119987
24684701
2542716
7659846
31053427
26110
738292
52467144
40602914
7375432
40013149
40363372
13959901
551314
56762621
4202244
35756538
41782533
1525551
4049082
53767281
1906143
26878272
1088297
35769476
3728321
39301332
525450
31216548
9622293
5095560
406171
32059319
24331628
34457630
57189557
28434
1059297
1112298
1052219
1752944
25033809
228473
31045663
463506
101388
80143
60670
18171647
42614860
42312637
15653040
42614288
5770
57422709
25109560
205472
43336896
31724742
41773008
31477532
41216408
22166052
4987411
57776440
49315351
46552776
6855629
7964379
7964352
7964372
7964388
5940541
2832610
9523201
5088121
5088157
12692092
26178384
204644
29240622
18582138
948716
21285296
144222
11163017
30502494
30468317
36384193
407214
25687934
263633
22929711
448951
1224017
1057617
12294248
20390154
31377806
408778
13107862
1688612
2831761
44543594
49635428
3331232
42512580
1062244
854884
239427
854742
1885599
1885549
1885616
502839
14400425
37996970
498411
29860745
1618600
26814110
502805
2967396
430875
4752677
10596308
405664
238145
21558724
152847
2002565
27325855
34266564
17780886
18253383
6251150
3117761
36140560
26003453
27572189
29372671
6490194
14197087
139004
76296
2042450
17870639
615359
7810962
2348505
7965503
444749
1957072
42903236
27957420
57646449
4714119
4038553
18700969
2417303
26322119
28229149
54390921
473234
57503654
59039705
58542272
56127881
55776277
46458088
56285748
44588424
5716548
45084672
17866114
58907894
56786814
31889068
14251714
15514645
19669402
42714267
15058693
31552692
3240475
24865182
43630987
1203608
1074406
11345064
10066930
50611173
14184070
15585370
31326890
11723653
26886320
31306060
4623524
18960512
33243186
412985
21130805
81859
23262850
22878547
38700275
213072
9623824
19854847
14320541
20745797
8850412
8614096
2476425
24738459
26627431
23583055
22400674
32593227
9797256
16644587
50701377
41348328
32478215
40333038
4363024
34286457
14084981
26279144
15144684
72573
5478961
5278372
14135401
13338605
15160635
16142
8573930
1230540
977110
2020368
574185
16912
3541653
13534492
53686202
1408346
58439071
185490
19446376
1410986
26035
19988649
3797009
20745222
28647850
2035650
86585
227131
14663899
414980
1671591
100515
1118626
29413403
24883584
457891
24159763
57083442
1451788
34092731
11511888
2594225
320445
28026101
31631211
45333992
16261098
11759656
34400353
41449526
3348816
25393637
49028419
1227787
33502802
1197596
2246401
43516622
56625300
53440068
55750705
18243283
7950779
7247380
11759466
185853
28649025
14105833
10896
186234
2201
21210
16307453
47458792
51213003
923203
17583550
1988966
9127187
15301637
2953383
2654792
40406914
36833191
25031314
45461344
32767
46845030
1626186
53059018
20290892
53603683
174316
385864
2627444
31721988
47703721
996863
352564
1896367
1229918
904426
8814960
432000
2795717
355000
1907745
12825875
47614644
10673649
1739973
20526307
3720714
43811799
374999
27688296
14439096
24877182
1041429
1529808
8798023
925539
2063689
6727608
7654117
1320240
21480991
44064884
880346
3632184
50549349
1902835
52686751
32024161
3465596
50917856
4061738
15058577
37780077
490588
10264
25523
21317947
22096164
47548422
396733
42239032
43553104
381797
5155132
6255084
24317369
43234718
1982355
652623
43003856
17317
19996032
40469805
164644
9069177
16275840
4811510
2830958
20516946
140526
1925921
1461224
25558721
47530099
22480993
1384972
38279543
35543360
2679810
15894537
60540
16937393
39854746
34266507
11492834
50777269
168223
23835592
43503021
6037441
99326
1403024
49926466
45513855
26848949
22802425
39941433
35802041
356165
47403170
292758
48890803
3043343
34273109
3098243
34276994
55042842
26524821
43934422
44281151
43632558
22166535
41795239
41191171
13757982
55942220
3916824
55962605
40407137
146252
47733760
8530659
19305500
1266384
36640254
14950378
18128003
34565427
48383315
588721
8886314
6095862
17659587
10011083
42080517
1074761
1601046
50367482
16654375
18027935
14049029
11555303
4889409
40266689
44805375
1769304
44065650
39085527
40417329
7328283
38536310
34821892
15892739
3131367
3372435
39040
43373421
6051432
245682
2680669
44764130
19901277
45670261
1339273
50100777
5591744
1109287
2329295
11711682
4395936
15512751
47678119
15634987
47275528
6684388
24341057
157241
504326
24894488
864201
33536578
43622905
19164498
1741545
1935627
36693409
13403123
1074739
15942
35278855
14226842
2133580
47648750
891446
1989661
54194482
30343428
1260465
315710
27138667
788828
55201367
39034
13052312
4421598
1781489
40663198
587693
2053598
239630
731119
1024759
1791662
34330876
2143152
48882590
2861600
1834663
3014691
3174112
39487677
36124336
196999
3676851
396661
503394
155800
40279108
43973228
47091385
12238616
48990008
24107798
711870
520727
315742
21734987
50632118
13423264
196069
36570384
40521574
13120
7256304
376458
3923251
32939865
1074789
40046434
47866108
32087293
25669211
47564195
29065537
3239412
16172297
17583999
507859
405443
47596611
33576907
1225199
41920134
1346709
49745772
52244330
10761556
50076697
20418901
25330357
10249712
56359
16731570
30772140
610133
4977806
37782
8628596
31097867
53469248
7852575
1323972
841565
14706985
28061808
41531
453578
396703
41855196
8306991
4825433
41816371
29611875
6063583
11502961
31166723
46389118
47155655
35146598
44109128
5358212
844240
11796349
7155715
30692824
327127
44946176
5422186
10101
46526313
4199790
234248
39238678
16029536
590219
32652620
42028920
47723710
9691018
9365369
252131
1423102
23215365
2373816
325238
38967952
10842294
8373800
34100008
12725023
857262
22396896
182147
43387223
3330784
7870952
14594894
4791594
3764208
2423804
53326601
3726671
44008893
54600476
522065
20633572
2151050
47596284
7428124
9986270
10323612
58083671
23647965
29716542
43447190
55658952
55994262
9772040
41759987
9394145
40481420
42711703
47337575
57091041
52440038
147726
58263364
44245060
8120129
42659851
49020967
32433
22469701
22461880
33161
23491050
27977967
12098786
29138573
29599200
20757
24862951
40871795
56906885
20368922
33553562
11672335
54237128
1716320
42329421
13340571
5875710
20663859
52770475
37287882
25235659
33122928
21051961
1373098
46796829
2284882
32639255
8207891
8713
33332909
12774037
2008426
159032
4061679
9015535
50750790
15819918
53816446
2824495
17091561
2804863
36980499
58741519
2800434
26043962
1345484
18535632
58741776
4820337
2883375
39305141
14902968
38232184
2232087
1126990
42812539
12133402
4133205
6227192
582796
5094567
2572921
53235267
25382878
429671
5719641
3569602
42954942
8837155
30599599
547618
26847511
38917735
23938855
1040310
17885119
31166375
9618303
4733491
53512425
20218902
912681
1850300
22446933
1041698
20203765
41732472
652136
10811164
3931027
3990606
11648439
49885097
32680683
43511798
47970146
7625746
50042361
30299046
26146779
52701677
42362242
48334297
17842381
21745175
5960778
4236111
880815
18565224
3270009
5914872
24958693
884353
23716
2846234
8292534
8290217
449965
13956504
56954282
37994948
23998046
19287205
1545771
4546010
317092
2592849
29741016
52254621
3710585
90471
15837214
1451319
43523511
31120153
14460347
17618
8532924
1034724
19381566
58741468
27384375
19766527
17453
1334356
7217129
38544878
58024800
51347632
50388323
53191644
47347528
39331606
667189
8787196
33892674
36364316
1135942
35893790
1046877
4256071
2437377
47752705
1341253
18950530
762907
8663903
41287369
3002440
1117969
2000303
18948474
196141
31153694
31153716
31153640
6997477
481988
32714200
5992080
966511
32769642
377436
41189068
1536956
50370059
840391
33102832
30366442
57806205
1273580
28857723
47780890
46507539
57255044
8868426
6769186
35932439
6601873
43148379
39243863
36487460
32234869
31347293
44381643
31128579
23452346
55762235
40209131
58939540
50772459
58326732
56906318
51867212
5094580
41317672
10036536
37387087
52164321
50148878
17714766
11585619
37359148
47987026
19451134
31249615
19045168
40787953
44209359
52916912
632478
41073456
44529648
31696361
25433809
24064182
45555495
32557566
57651847
57235848
55829056
59023924
41318005
41713698
21552676
18506594
42547848
38659837
31085661
5421368
273449
58665743
37388778
3504304
30857331
56917282
34496910
53360143
39139387
56395480
51226774
42495648
58842536
46332968
39481
51119389
18506699
58636768
53665985
39848142
15671531
45458135
1447865
2793465
33530159
49251426
45598197
9625299
25918010
38642855
2606898
53180443
26527371
17610070
54231803
52920037
38316972
476088
37319307
59026869
677507
15023349
170982
3028930
614994
9678581
41840521
51984617
54409589
54280970
49864594
39606792
34499520
344158
39115171
52764366
4986640
31220954
29529012
37342352
49523730
43605359
31916669
42975385
24046059
49423960
58933146
54359902
45108400
44853890
23669028
24105802
39487322
31525771
43098039
24036785
54853196
43909683
36539671
44184972
52835243
13975852
48253117
2534015
2211921
967844
94289
51214265
17286136
29963439
40798759
31650902
33404248
1941572
1624080
26030713
46989291
21041889
51039307
51207047
10046948
31199426
31493512
30999508
2377830
51214355
50344789
31061460
44111946
37078341
57667660
59065931
33538474
43287831
3536583
25795811
76524
33562359
7245288
57923814
18756813
50700246
51205083
45679510
741886
19132648
33039125
32719406
34563243
58656620
35459538
1673648
20505381
37761311
7574868
190450
682
39099640
21902856
53875028
52077117
14663866
12171519
24744037
13655564
50675054
3973
700190
1748062
6516374
8328026
37123009
12626087
3114718
421129
1083155
7876225
3488248
2297543
1331655
9924990
5593595
841877
19318108
30861073
5060227
289894
38002632
3487818
16740988
3450349
4155777
552377
16036981
4411548
4605309
18401357
35990233
17603472
19006537
18254411
2472321
140612
867860
19781493
4155979
652501
7659331
3762422
3115081
10131502
26149550
40436041
4168346
1032545
5823188
513965
4058157
4246442
5584134
26298245
32273782
3115478
60726
369526
1194140
17107334
760565
30863822
11051720
3539049
48592395
9775613
14766448
3488152
54534731
2508572
8414698
3549136
2057978
15399635
24445462
4212305
519323
1921259
9269786
726413
970198
36703024
2459800
48484448
2561631
4410085
43166551
28397815
8779491
44137764
3801832
15038081
24943204
30362381
1363007
13274760
29436647
118450
54802851
18159068
29770591
55921592
6837693
7598275
696280
29753610
20054068
199772
5584556
58988962
374385
142910
243812
8560
3555307
1123434
708453
8526759
5258948
154076
47556865
53247133
46952948
39585619
21954995
1326380
52900416
42163909
30814357
32464022
17821743
11733066
636129
1282466
169548
32032569
54980110
28187739
25174869
17379207
53055477
27831080
35812638
37375537
20577360
52656945
10820129
817354
36044102
21945949
28443302
298235
38462667
5338695
26825191
4092109
46872822
17875510
53767273
817238
18004739
15449295
654128
3073096
29565503
32271197
20793415
33519070
46648875
25081
966255
22144176
52507708
20002033
24050484
254769
13456502
42519513
40775658
31184814
1728199
12643716
21172290
3425953
13930879
32224976
3039549
34215300
52768392
35299644
9348405
33448582
2164549
2698594
2244594
35605005
10168495
241563
1641133
934683
7097296
426916
497852
42380964
1762557
11372954
378204
262906
13481218
6327906
39229
46580274
32122623
2432697
5657545
40350150
13771799
39836304
21575068
54589726
42077350
4360817
22539362
785242
5204368
5743345
1164253
275715
146977
3727071
28270727
23983698
28796116
14102009
9874504
35186455
31893908
22086220
24674696
17216326
48870236
15387812
2422506
2145387
53278977
577738
350708
17366018
30966530
11979169
50491390
5734754
41565501
50331310
39529639
1045465
13646381
4288288
873932
46743384
2057983
24619003
24621314
24631889
24619477
24663324
24663381
24663426
24663914
24622480
24664054
24664942
24666506
24667062
24688804
8767868
14496034
1582404
35347926
1452173
48896716
43734626
27568887
35236624
49233467
2995509
15499016
35525745
45022181
17318432
1652861
22404124
192455
13907939
8855773
24739930
37995111
33623031
56127293
16011340
51714024
13315035
47240777
20777175
51892519
36647151
2266240
31687146
585704
1496447
3990380
18935488
734369
31790769
84237
203452
158190
11057027
326225
22063565
5481113
30644931
315952
3558505
5011905
1430224
4707523
47614607
49060638
44493678
17442229
39381659
18883278
39530337
6904247
10646465
11240976
11091046
9454493
13988353
34773867
30354645
34061432
22754924
34154
47567477
4306579
38710659
22624303
962498
1543508
41176739
6538595
3877892
23834216
7230444
22866377
955298
1364686
30871249
1708182
44701366
53637987
173286
3045792
351887
9384730
46372134
47449480
621429
140271
5679206
4753805
13545317
25416659
56743462
1311504
53615490
40568034
2709917
6816968
26999670
17034271
25064
6813898
21924889
27209404
2940858
42018105
34546616
1540117
516138
40849226
48758303
246184
1514086
48295207
14743458
168183
627206
45018261
1027466
27626494
31030117
4666465
31045678
27566752
48315392
22672595
25707018
53753224
714335
4893773
595273
624766
1394819
367636
8307635
38968966
18463868
1298166
26191307
25845044
2795786
4320692
8498138
1373320
5395493
3833217
53275950
5274649
3780185
11209689
25720479
23522452
37692879
24932204
3339499
8253331
3306907
7019387
51472464
8700234
23224806
11393684
26400029
1025538
23219749
4257911
2549332
2261519
42858820
19111605
1202
7000634
7855921
2085685
25871
11572776
3460531
23681908
461554
25483202
8446153
44089226
16852727
1934192
2504690
1496590
6585664
23659
1909864
48517975
10347314
1722388
19850835
576344
2202019
18935675
4570340
2190528
15744107
1555022
48113
50660269
6096872
45636283
31148574
50362646
50933506
36942691
18265828
7122211
20607333
36988251
4225907
12869890
9053231
18938782
32934634
2096616
52011678
594417
13805684
2418555
3771347
990036
1348016
28667054
24572016
54077164
4371098
29494090
42853317
29302533
12438526
39261685
7097935
5348279
203896
363734
73956
3789895
1363730
26472
5252792
26708058
5812295
5750434
5812935
81926
2248543
14680816
16008731
38474191
5859331
26314763
1191604
806169
36585623
58514852
5106040
12628
29619032
2505216
2006097
1950691
22978835
9595859
2803866
36161962
6169185
43078
290962
35299199
5859250
12542681
529032
20287
52362459
51771229
1312471
24894
43162750
9593144
8278980
24893
41287835
5636972
77229
719580
3261535
44438083
27404424
25707850
7694590
35534004
53540
30310
8539614
23171916
771811
1868994
32169
8288587
2130559
426769
32843220
21220706
4671634
562205
7585515
41766625
21205307
8023522
37279084
5010876
3656995
4849249
24139370
3799993
4321829
1795006
1127106
7431140
798663
145438
1674557
12988767
4716117
45068086
401169
4671403
13099198
13017560
15988516
21264995
50026365
1911078
409006
22637
208502
208515
40111866
21278306
44075827
7365499
16869761
14996462
7789365
4672713
4281673
8936157
1057467
13404388
24952083
9238495
1576141
3153535
4883003
6486874
2535430
4510295
1894394
8421352
27126714
39874090
38693595
4748617
300006
34713649
310001
3257382
5734612
145094
2314900
3553733
6526471
40706012
45566358
1356243
55842949
55140088
10177213
5309066
34403294
50236696
48580458
48098933
39184547
53910621
53774008
5930520
1303431
38798560
39499197
42153713
44380976
58578159
12798841
22821283
19627280
5891386
10930690
40127966
46348663
40147167
617484
51920739
35507332
41629431
7302634
36425706
46400855
5190562
22004969
10205016
36757187
50997502
34158626
15132407
39823024
53085856
51301184
41441336
45381160
36266318
44990757
49150279
13525252
48423511
36871373
15193487
1318813
53936853
45576535
46463466
44242891
50342050
10795829
11336058
7982051
49598544
63438
56148930
11336254
1918736
5813818
49597571
25898547
56160366
45719212
55838987
48479695
4460347
53494176
55163423
8160346
49003426
40293368
24263350
53805415
17464437
492486
47295528
22826719
33891099
36519819
2058177
33412674
57869968
52811095
4241352
22508345
162373
23933118
50774992
12643287
56445686
22672945
1494572
12037198
31172573
46225889
201829
3225945
27902882
26613804
11747061
3571544
1804420
21395505
28321187
42888123
53139280
48974052
56377493
47190810
48703744
50224437
15081677
55063733
17599785
17861621
54395226
34976513
47256601
12305782
31722201
10806484
49330123
40647424
9507953
53378986
39743243
57662878
58001718
20090360
49633314
40494714
15855896
159284
25025834
4400526
33223346
46843228
48742105
30470408
17642418
6517795
17202238
35289132
1511771
20104338
51213873
43347395
2147251
50539856
48916967
53878496
35747818
55455594
48722637
42411343
38378108
194783
44743280
29955122
44330119
34922055
1733425
4988264
59050301
1247612
422778
22998410
29119695
27731754
49958083
2118903
5892135
7193842
5273082
23198363
20645668
24716786
3302238
17186931
38189848
338740
519254
6099082
38365671
57555759
654126
2697339
48786797
7638093
2374265
378088
378131
44730860
52167291
39498803
43585519
31669191
57659684
46541653
6309961
8973605
27204678
54065414
34588942
43068546
58579540
45701009
56373785
41210889
9278373
10232105
46750828
24571960
31974220
47856361
39924685
33560403
39971610
42840352
44373733
55874388
27819967
27214421
47473245
50942191
25853528
35356507
44719435
41075807
27515254
26711775
33925461
36970609
52899303
42766111
40426112
23846336
25610134
31270987
46198749
16275662
28105403
16995888
23787451
8312308
57086797
47378538
36186192
18786196
40290523
46940873
52508058
40899902
49473349
39849589
21382561
12743409
26963117
57421432
41726116
26616232
24517589
27755075
58452621
48308276
51941431
39395381
59052110
58585652
49929606
39905985
41246271
50301699
49303602
35898198
44059352
32328672
46226166
57430456
54600302
7941420
18517982
43191098
20116490
8148733
32543456
40368330
47005464
38905560
49931371
25703363
39355440
37525059
30229492
49638236
33834820
55420103
58614254
48763880
35602332
34500414
32843712
1780166
48250789
43978128
40204701
54114449
29683239
1259570
44235740
12802198
264628
3832180
34522177
16928395
57951641
49498955
14003239
22314887
57721806
44952824
48516569
40728905
10282619
15464453
977096
1134967
25595255
856
26466761
24405736
28061023
47081758
3615460
28333129
54067485
490329
47827936
31026097
52514018
42949856
34335120
5613659
28256450
36830389
48301954
42968292
1353103
44413466
28579811
486459
2631223
53642796
28402437
55062864
22456841
22537939
1118198
570838
8564378
39771733
43537953
48343673
3477804
53769731
17001801
26627449
1963405
27008909
3800886
6311788
8096738
39951275
153863
12750817
18381067
423830
33960374
31887520
13265673
656589
40152718
1166480
4876552
39654004
1593906
9326712
29651059
17701922
20829314
28807559
9531697
6518056
8510003
10028376
21242
2314661
1976030
28579329
41146919
4533233
320906
14006820
9480930
922638
9597649
55202108
11837912
40152681
24054571
3009173
509334
31842187
13085432
35985905
15703762
706357
33213126
23979212
23772312
35114520
1185832
162971
34880426
18613823
1521688
4310257
5565603
28871462
1900331
56859287
28179060
20835539
16718997
20685331
2868314
38763215
14702580
34019230
39951497
52245479
35564703
3862103
39138053
22379062
27343633
36025733
14347342
58189515
49629356
50425630
37577846
28917701
422752
56416139
58733032
55761682
52214562
586015
326155
45218205
462546
10797223
9190467
1968048
49037146
4311837
51592233
58870642
2027682
53676588
13512537
53839668
56699658
54075994
37162597
49811066
56904710
30679561
50160038
83220
43242441
44065439
57870141
53307360
195809
54191445
47066113
41671690
55351688
49821823
57929830
651269
194872
43546925
49715097
51665997
55840877
54133496
1665223
72661
57039712
52721848
55988548
4665950
55818592
53612724
6159966
54099280
3500795
8314595
1404135
141435
12730
27559584
9092698
18823062
24246419
1887873
1769437
508912
54199811
2238883
9809315
3607958
25143300
34764304
24887696
28917994
854560
11961734
9773503
46342537
1150486
39187537
25114583
2665777
56367582
36722187
22588580
24989535
899616
24304016
43758806
40326143
13538675
37036210
3237641
37012601
26715490
14686864
37579562
4113994
4931632
57396656
55699942
7892070
45583070
50722791
39216715
11836324
38981459
57812885
57833282
11336229
20286512
4784133
26386401
49876947
30271857
51284303
55184264
50442865
55066080
56569350
51505066
8941157
56625364
55964882
22403599
36808846
8828539
38514757
52296178
55828054
19634920
13131925
52204514
23642794
24889368
46672899
34231324
36817291
56721694
21090792
36706385
41555832
56029847
52649487
51341771
17527870
46954431
42467593
23013136
51126726
55861172
42426709
41724012
37220648
40552025
36927169
39223934
30699275
18494381
43157673
30050336
38650474
52336246
40626848
29524495
39648200
40779484
33740519
33333319
7664801
8045367
38402309
29771132
5667842
2875651
17737696
5920338
10215849
4671396
44309225
23748305
36974622
58953380
9246109
42492930
11923116
31790695
57094192
47487717
23967222
456260
52174112
34347641
31387219
26697376
2154537
30784853
23172649
34346840
43014538
869886
10004859
50049257
34335144
44515952
26974467
860879
26057471
25208582
24692223
3846227
48649435
14233462
47234448
20773184
6207166
38428702
29162730
33761664
26338806
274674
1681976
33624283
29720068
6990238
20149404
27882167
27582686
43230871
5159915
47230389
33148559
2495348
6794062
5460807
22618579
46016
21425480
24963741
22121847
23326147
4256633
2362487
48326624
23676060
22033128
22900287
46540543
10746300
23841270
42243871
13752554
28346083
14741403
32546325
26856141
18433462
44062145
31488017
34279918
31676899
23601279
39070425
33407114
22006301
22521226
2435710
45717906
21102671
11903605
27837569
17088684
37184065
20851030
662399
162468
33714634
20616469
27719417
10212618
21691693
56902560
26331217
5959875
2416901
23467149
2397174
12905808
15987733
40662884
9792866
20313880
39975065
149307
22049784
42256877
12593908
1666393
7256112
15367013
2210273
44428974
24762731
24091875
31620373
33879721
5659976
31653264
1828854
45537732
42344621
18559817
16403515
39848784
42063265
18586618
27700881
41602531
22689366
35745756
34857133
1923488
9799456
10529429
44383541
40690130
20370598
47144806
9096236
29992087
49550476
30008503
31942390
2222150
3283783
24677681
24432532
24985139
2725261
14479214
12594048
2355047
2887549
41571783
16591877
1518706
22160435
1616551
9814285
14605607
30062754
27117572
20648741
19547397
12728820
7854391
36754740
12726278
40696457
16281733
25693592
56955933
27810265
26690448
4107858
51112949
644341
39646673
28958968
46824194
40018619
159633
50123938
54311973
39982859
2900082
44379651
33083694
40859429
38086331
42127138
1222615
30441255
9937811
49416930
10677607
38281216
41281070
35411836
18661672
58222
39775526
1753384
54715064
31498101
38742299
36619052
38611414
40379651
510278
56984061
18328922
2292069
14617
1788831
39925774
53961452
28394600
46406260
3764640
4504149
1081071
44926227
51237323
47802112
383687
5815393
7367581
45295258
95171
6772408
54949441
5822342
10169528
37334640
46445426
768912
52381524
30454808
25254660
51025673
21688730
51584665
15750290
2806550
41364583
41114247
29565483
40226694
31855679
47768
48677466
12550749
46540724
18537605
816732
64642
14332771
2898015
56491623
47866988
58859610
50891745
55266425
46273989
1845245
33518395
35669840
57791000
12557219
56244619
57737137
25519718
43604383
54102832
58142426
44084888
58229836
56561682
52469829
55725219
32594714
20271249
57916632
52019044
57821334
54396890
50591463
47877620
53410378
46773398
48099112
35850812
54955703
47247215
53615175
52586626
6848104
47510418
43995424
57547243
49002717
1551497
54133220
212862
1057906
50973478
53581639
594109
56694218
49535787
51364327
43043614
32153972
54415866
589215
13793577
22553345
49369271
1092923
39189548
44749469
56589367
54051248
49388523
6531559
27974216
21673753
58095811
56068639
47382925
42316398
32487957
56239144
15728444
1134304
58881634
56602107
49550566
46336825
19025220
44550150
30612927
51067032
49507280
39840659
4141584
27562676
51084325
1356772
4064391
17659756
3136251
3381318
7325073
9319179
10288077
1989889
2935218
8773732
10405822
9773098
45199431
14004021
2742801
9318591
1552861
1872693
7815656
4809505
4234762
32832760
44823200
49018159
38822942
6161508
637137
832574
54464581
12054294
7082539
934099
10910504
16948325
31871788
4672384
31958408
42507412
21397384
6119008
2323843
3000609
240359
1628008
4653959
30188363
24531172
2847631
52846518
42975490
10104267
21844934
13139806
11864829
2599525
52146428
2489878
16948335
43536245
24876073
13336906
601963
50312404
16881372
40937950
4432859
30171206
7715865
1100623
57793609
23584243
1095715
2676470
1832006
12793856
7643231
890943
6925663
31482618
28427688
2798525
5614038
3078314
23399995
56510441
13745915
3160969
27248059
44908325
29071218
34370000
55292668
25694361
8929820
47277274
55899
53550860
10391966
6796067
4026270
1198383
5907861
57789118
21793949
18586594
43566143
29637649
1944968
9324487
33323229
2092745
1787746
6838137
9089957
2311357
39416632
16951105
4207168
12376743
3842785
1459479
16948598
51520900
37362418
13733968
4587303
16093841
1404538
53526242
41127149
1198338
8668232
14050996
3488118
178787
3333219
16905326
23877458
12003854
3799057
25121593
6082286
2628034
14573046
18330364
6082894
28035488
54006122
16952826
6026011
4495354
2999708
52673586
8379534
9277280
47365044
2823645
16950556
1135893
17001236
42119510
35778547
33506504
24028132
907134
8984137
499797
1070542
49796548
1077086
5174840
968151
2731886
22631453
41700542
1950346
9265467
44904604
59038509
27792384
10287227
32539851
4410014
7271980
26326852
49605834
41266207
3614445
8238317
30467844
12374091
44288771
5133275
48960463
49550656
11141555
2439311
10028939
2514949
7937683
940019
3517808
23774854
1590322
23629020
1404166
11647199
2877821
11174715
49622355
27653795
7288980
8078025
7549706
6360905
3601529
52893764
49726757
9431579
18075372
5868539
5318872
4670103
9857503
11056641
38901871
34127456
35968416
965155
2964279
43704060
15321800
4321033
33796906
2217832
39139865
5105342
43623934
6324216
16957458
46233999
42514361
909542
102658
51157993
42602323
16981301
23960724
52141049
15661184
8366650
42819006
3125994
32302313
16226980
6848977
4993934
2418891
5168356
11717153
34294531
44612035
8085442
11746772
8856516
1114096
16905292
7028629
13462530
54085625
1518859
12414652
2923530
2532606
57005722
1663130
54529458
49896391
17001208
29974127
23023007
22024412
53418030
3109179
7858488
35123321
3711553
9527767
16905297
33921476
32805335
39541910
38354991
4449404
32194978
705833
9315573
43643043
21772137
7343721
7450068
3898076
36614879
27644383
55418052
25256781
33337534
41682723
12115370
1149661
20560995
22549668
48825894
29482098
51933150
38465806
53981491
18806794
14468774
49660328
12066647
26021738
30560888
40872671
2304832
18006752
25839957
52137353
3212696
10772582
32967440
16831098
18968719
4929530
4486694
17937465
1522954
3263352
6124305
19323800
28297177
1206180
11703336
8638682
248932
15670933
57258146
6303113
48892446
48923021
44091727
20402111
44354728
52692958
54305815
58565208
48507357
43793768
164952
47238886
46621887
51114899
3126455
31427769
46406824
36456677
52977719
51609856
50154587
674329
51395548
35246230
37838876
53180451
7985045
49755666
2788153
166087
51911151
42505492
40100778
1090852
42764589
3070397
2905637
48467799
299813
14383330
347167
19278728
49496204
35920227
22521820
14063216
24697657
768299
12532834
4480666
6038
5762
19269111
1038280
32760944
20161937
50408
456729
2001956
50705
7011
14283013
47675448
2111048
1633173
28923910
9348093
20389237
551388
7578771
6457764
50702
21377293
551409
1515853
4995149
69817
15964561
13929163
36203752
1021524
50775420
11592003
49105793
43282531
26449728
23535218
58644759
1508678
186164
12117291
3552729
51806669
41080854
19528
1399085
100034
488361
547743
1905304
76653
37207
43476
372619
7710805
231209
65465
1038273
1548441
12743856
57164504
33113928
50399682
601958
7815335
22946554
13324782
10067215
5212704
1724836
5879295
29278
27010
5548333
48188462
45829
6822551
486525
18624923
27764
8774050
50571
4205746
10042977
17885106
38625337
56870352
55203348
5206465
11142338
146276
21647836
50398290
45515134
32476781
26856068
9803278
25920916
442422
23266450
23266337
51130248
39685337
14935971
5170132
46893659
43016848
18908331
19714462
28306547
56025694
1227788
55595320
8688920
45580540
53360509
12861249
41335850
8688638
12463750
1804451
56613687
38555995
37974009
31615192
46434772
39914061
12681282
50569286
6793105
38454848
49312388
7701587
49821898
489930
52344552
40028796
22322080
3337942
49253056
9894846
54439518
39027004
29954555
267753
24417403
26692737
46786123
22732478
42599573
54426651
36727085
1411852
15498298
17464907
14952843
7321377
518397
38709822
3309687
15369988
10601507
6235985
5548325
652102
237141
3584524
27718879
26580361
3443739
6310904
268344
35283814
6274233
10543101
27955117
522062
36726699
11774223
14041062
7635393
3582323
55321544
20361587
88772
26893458
782795
19892614
17933
1816558
39908986
12896417
54409102
2577605
41200493
1165697
878327
34082849
36726976
13816853
2554772
3214515
1161552
3080690
5195650
20145540
18892315
20765204
1953581
40050529
43364546
15668833
40716096
275871
681185
41764
9062245
21603604
43581204
22936371
833690
1269245
4622312
8950361
4440608
239038
8704220
1178500
2946110
2136854
25680096
35971170
35973879
2336141
2604
67039
6453717
22508780
23960842
14030025
426433
6973815
7368905
422948
6854110
8498325
50664621
4723462
408083
19997989
35212968
5179946
366273
11295077
3500286
3978080
464779
43110864
47573732
3251022
5100937
17353312
2376278
9891243
37264560
33365410
42734050
12905296
35933999
48350405
14269616
28685458
34164585
5155293
8408885
2026112
17583989
17220334
6457329
6903459
8885941
37812175
27908366
39199983
894198
28689141
21892870
48900325
1972288
38240436
2725360
10702868
3615684
15510119
4635477
42861897
25756277
1440257
25400790
3882879
46287679
16761344
1551912
28377258
17750835
2071443
49280110
35095526
12293814
30871229
38248921
259162
10781566
407480
49100052
4608390
26966900
34905537
45454328
46186906
33895291
20197040
29171859
6670771
54345655
7131295
39649787
1535090
469799
9758356
22348485
54464558
37772265
50229733
50824537
22861361
29100672
20857
50702025
1537611
4231766
10067585
38885156
994039
23800840
5377168
47162524
5799310
37862823
4595738
3674206
3973669
31727026
30099659
19251434
35934051
22061297
9928955
23572959
48254824
13764215
32781309
2363474
3647809
28996343
34275855
55776438
16394101
2622964
8646876
18685301
18414743
923301
26210425
7709435
1362546
18416376
31427966
19677967
4725497
36976336
38855508
46186851
18198290
12978137
48253668
8333073
1945670
12391016
1137269
8101372
2597872
7760965
2276409
214934
341395
51496520
5275828
26989304
51234170
10694718
1082645
54691944
8704209
29451101
4857850
29564581
233956
1333905
30987821
31074815
36835301
3609568
1613162
23853172
19540379
33075099
24446456
16018870
1558159
31286534
48462950
1233304
1458964
25839999
33346439
25596814
47818759
33945321
16929046
1138526
457320
47688354
44173797
7613845
893718
26703961
33176131
10510502
5304481
19377388
23218407
3647261
58558728
2932442
1182291
16166875
5534558
44595512
21438345
456550
3733092
3443916
57477295
1130700
7179232
10710154
922164
49675098
55797400
4376638
12401182
4503966
41784818
1181133
199264
5490978
1689615
33906124
58977586
12880377
30155658
28902374
4475397
44226082
7488620
12870097
53876816
26923940
37136779
66154
1255277
5661915
2033002
50797595
593683
39830911
1973221
25215836
25724950
3080510
20740416
58666127
247107
42830022
15598656
407704
12577475
234824
11897622
23080305
53747014
1629311
46351868
17176
32173564
39790668
47047888
7589621
5620714
16021852
2064504
20420
15726046
216192
2889292
24206475
1113784
32407015
37734617
42186289
68351
7531016
24475525
2948657
18667798
88378
9499804
19029406
8640428
555539
44136736
2256597
56188331
416779
12037783
32251796
54101072
58752874
1137250
19327994
16182677
646346
9749044
6196644
25861897
488401
48125053
35744977
17113105
48514371
33914237
2398131
19062797
1436515
15419237
21677860
2649262
1158081
1462927
7945684
8986896
27546886
20210086
55401299
669120
170634
33980
2583747
2036554
8081063
3575593
25435160
24000751
530916
458858
4700435
19998165
26024591
36731302
38292
52775553
1260570
12673103
3754006
14226794
5792578
56854303
22209363
7859899
2791047
9977829
30244495
21694803
29857152
13362980
740540
57723249
24644328
35818879
34974613
14345140
350401
21099086
1121030
20902744
4288891
1779475
28560103
20902763
999789
19326593
19349690
13994373
4518018
17094767
3437663
17183579
45550317
8726659
3095091
36602096
16410019
36581988
32093207
3377003
4790683
20734173
10158889
35424118
38223
3525517
53787469
57661926
56981107
57772700
58900322
57372577
56972556
20078826
12851824
293606
20078698
11108817
2667560
848494
32567501
863862
8394754
9908318
29303904
44455781
40319749
1606205
7083018
5521184
8692639
3180710
10444102
31641740
48581239
713
23534602
2475896
2104830
17960514
27904054
37606777
34644256
443212
20816
1093053
520593
2485960
1508243
30878100
772013
28284
48633496
187553
50757890
20854014
45249
52032623
7348443
7529592
18125774
1577354
1313623
31563269
46857238
24179739
13479645
23989039
10067187
23875819
1219747
1183070
6634078
3780438
24630641
42119079
2234210
30475108
11086565
293396
22293052
25254226
20762753
26751966
25571663
40799663
33962920
21522001
20496926
39648645
13246418
14074754
33452337
10952377
32453380
325156
49974099
1712357
48621885
15939976
25137369
22534140
53269934
372426
10368163
23947961
41561194
6977357
11152831
1040953
39647531
30560133
7102272
7529770
10980696
23363551
42307071
30547984
16768304
12915657
12311888
3982513
13324152
29072679
22878918
23853763
13320206
7529683
34580464
22533786
38858718
8806649
20860737
3296319
3296101
6866775
850320
30943713
14547147
431310
7746249
195520
6206429
31228166
13330867
26827442
10608547
31071816
54051270
3039983
21407578
8408448
35036579
13485805
1617571
6871224
16225796
299790
7897442
54952
4325991
27452961
3122904
44810542
35898026
38821881
32345395
44937193
52698466
47686959
6629973
2891089
32345463
48871494
9004141
38972489
6460960
2598108
46253875
31032136
28322478
24604817
3375714
56906420
547866
22688319
25280299
8440165
52763975
24373093
57483589
14776965
51447610
35457328
33803593
30543568
5522946
54484359
5298349
47507934
1621271
52410622
2378222
38604479
31432398
15854169
14806012
23183493
45647471
32539427
32344604
20091428
11764275
33727695
22991308
39018678
51230831
47567153
40388885
18396480
623243
22913531
32345097
54292928
26552149
23128375
14629784
29479453
17347053
32344400
27921256
18937540
37915330
45274146
29294040
21547842
6742061
26248738
13948219
51196155
930805
1461
58841118
4318
1093094
13523148
1792122
38430022
43091601
51404088
24338083
882736
14308
7719516
41684206
31514327
35911091
41803948
1065499
56984039
337301
6369332
322533
57684
22366849
46193861
34262770
23348207
1810990
177948
34666187
30738857
41016538
18886199
11865929
49919158
3509794
15288165
49214944
9387972
4405107
9082922
1490017
1370229
8593160
26019103
665738
533789
1476307
46728121
8305325
33579785
11373813
5824713
665728
12282720
9111849
3260340
13783148
780087
917126
37292180
1065009
24500545
15900261
4406537
17002524
35633369
41606694
3530241
906846
2412401
1031239
1031462
653151
2520470
5465644
56155535
1217686
18771294
3239188
56325694
56325696
14227230
5128946
27600017
53199267
4068475
40040370
8629620
18173882
826862
47502
25587098
1288948
13897042
275704
9224636
587374
23101990
6098330
42747203
1251637
56001
37206450
19265438
4115757
15600072
18382500
21054515
656914
54522753
42962784
52809171
21954724
7676390
14482131
2806736
45369456
56389209
45639384
27271028
1025249
1276234
1432020
19854159
16118151
423331
15052
220072
50934938
2360744
33983707
39053282
56666301
3255291
859683
44099131
46665773
53649201
52300175
2980850
26177291
9386486
2839423
5495176
53294594
16966563
35150695
41687511
23104119
21162129
28939885
20529192
18707315
10896351
4696437
18938758
33757987
15718250
9385791
14484954
57674142
10171700
407209
6251
13274157
13749200
5468371
12325421
657137
29051386
1114532
2480562
16049023
38364359
12965486
6872680
46677915
2413446
27745
48760973
8305756
27065
45007702
30356158
33030091
4455918
19821042
39802440
54550259
1031215
35251916
9384929
36205257
1546202
22468364
18464290
2057519
16507553
14357195
239138
26255087
552466
11772928
47533608
11214607
37344121
45599643
52294302
38630226
39759199
41524596
49261423
9733776
49994399
45467509
5619624
597313
5736
747715
8864967
597340
419526
55834640
512889
181431
18603335
1229889
1844689
598401
24525593
14678807
58302950
35610960
43839764
30296140
39143827
15150250
1904144
5158636
55909465
57619800
53534159
50815714
23718456
50368438
2574219
10189411
32593398
604816
5010296
53985069
2821381
3901308
604868
40817116
43573275
994479
51113881
37348118
38623378
479056
18294711
16463190
201525
5556327
36533289
37349688
43434685
41525099
57620229
