26700
1855835
9145213
11983318
58851634
1025859
59038325
53650438
58665925
26762608
419386
3694774
38890
26781
54251016
242710
4340403
10395600
10181793
4352963
7528885
3209677
47402328
34410870
38563830
39723835
24392847
24206741
99965
456132
915533
46813512
319094
38596702
24169074
20653168
3406503
554991
57009409
21396853
15428814
35440144
4648734
318374
45418906
22515676
794561
14002
7065702
7469344
7469508
2056943
53700592
15503387
244629
7309386
7309892
3405279
68140
256043
1917699
40170111
56023027
640228
4647220
486640
506379
8425007
44069998
1134911
6231816
8174234
24619829
267014
10665011
49623108
28870072
49626743
49681713
49626177
49688321
25691654
25512296
41652083
274810
458558
386128
511222
26615974
5973210
28434
40013149
5794146
13483532
319875
58855040
615491
37026960
10917819
1391133
12494249
8820778
25842601
7771134
46952181
24724572
40705930
12987835
5983758
6738379
20860737
6785717
51409385
12673087
36684546
19186304
21302084
14512959
12135555
10099846
4407262
7028068
39530033
1251862
37545351
5259052
4472724
2526670
25029369
13624853
1171583
210879
12284804
24239277
7636424
31889797
5976538
5976593
30303286
515662
27288108
2024212
7052669
22168509
22851883
339300
10923902
5586006
433005
1065199
5976199
16343931
5976300
23673573
16712242
13414217
47218937
1878393
50744122
27163443
7667356
1110558
585779
6060316
21675886
9257985
822308
31422132
26405426
10411987
24577221
13414036
1780941
49184
53950535
3841009
47256663
10318680
10903491
41856558
46291736
13021074
13892965
4919310
51291798
14004644
6060363
770769
41770875
1349840
780025
719120
15325190
53941711
6874239
20053858
3329518
6676717
421155
5976378
7929246
654682
1077699
13182486
4149673
14459339
47317405
2680899
2091659
93070
14481953
1196709
12108220
7608175
34139758
16602725
5585834
48382760
2736602
7972385
185820
309968
26180636
14811845
26314185
5563106
21659303
5997068
23183722
37439647
6875598
2650611
20187468
1264276
4121234
20687678
32671963
7621278
3285026
13225306
5822377
20964104
41938747
9881376
47317009
50665038
5996838
30758555
19816553
5160757
35209862
9820207
31066
11539327
473083
3603331
158680
5833630
11896315
406281
13240212
30093649
48458656
544460
5585946
28513034
49152339
46846841
10084984
13638303
5934705
8626002
20940169
16128755
58968
57537760
16932399
56712560
23167508
53858837
61889
16011340
223607
33615960
31359126
265006
5176764
26894208
3279786
56649650
29228689
181889
21059213
36487460
51238945
8329836
34961993
4973071
21162294
4700435
53586312
18532137
16316127
151107
48582204
48809847
4541702
26478508
43313877
8793093
52164444
50910908
22698608
33484403
13432082
838846
38607104
13466211
36737017
25867
6185253
8758352
43239696
15006353
18771723
19089387
43089950
3406972
3830563
55894093
12279653
2791047
55234564
47731689
5337329
30633444
39893334
898161
58636768
19161243
20430586
52218622
19088862
30307883
11059502
204048
48684094
36184705
31833521
19887263
34407922
35056326
40008618
35604930
33298861
18864768
57376147
6956679
6832574
24421659
44389561
5134412
39498799
52579862
21511851
236722
41622293
5893081
19078889
6321284
3406801
22208238
9905060
12801530
18450715
24861242
3299247
905278
24210650
30355727
11635745
2596483
25695833
30593845
38314163
59039911
5795234
30857812
54184232
48472418
22344914
25792923
16064155
1893089
22644924
7981638
28130806
2253593
5024451
19206529
50488967
43826588
53617664
22619119
27154352
53994184
7302331
318776
45545521
55547169
29537137
16095066
33185307
10869139
3437663
7895944
19086436
3447151
10466072
8711436
24763683
18093238
38727847
34909429
35744977
57864303
45550317
44104302
14765778
936181
58681668
406348
4042480
19989523
3395610
30343059
29950124
22802845
28669872
44852441
5911169
8738092
185493
168905
1297317
457921
2883760
5654189
7056993
25611728
51449972
30694430
41710616
5618154
21155519
13695042
2219785
47492430
56587867
19494116
327995
4624242
158687
489930
17737922
450976
213788
32834692
31695373
53849239
24604356
127511
49602444
6043553
12979470
48547751
53999565
49158311
283810
35058271
19568
51682055
49808784
44763458
154242
21324929
32007766
57418849
7497490
49960871
47542146
24528574
4165915
26520744
39098
333420
65891
43341147
1530689
6956
26288711
742319
778700
19737
244611
55212
23205
249438
31883
26833
3143150
23032085
277248
3219275
304471
2944829
7638
15234652
36966893
30835995
54286399
2720954
10806718
1845675
2780651
3289308
1608493
533106
11527579
12829161
40542997
717634
21073209
4512599
386398
1645
28818062
56079882
41288
3232061
20140244
55440237
1669387
404009
9979202
8420842
53306808
24118168
1690921
2267234
22649
1550515
19607864
747363
21142899
33158412
11848927
3541802
1967161
43529327
246066
36843243
40206213
55779967
2129870
9190286
24241
288400
1345191
44407149
159735
9919947
40861730
44984325
47651
47647187
25524
1593617
35114916
821148
27514641
50774863
41531599
1640288
51015112
734369
201657
1504486
42590917
6663803
13433031
198507
167742
9348311
394392
2773801
5645049
48304379
27006
26810
48311968
2636884
50597374
682348
19081514
6752869
24718287
1268372
20612276
36990855
38106941
166380
33802674
39270850
25646039
40390498
53643626
665333
500948
4014603
44817531
25214567
48483301
8243937
889726
5318004
42001
38973180
15522138
8177105
13360851
4368966
18400577
14738913
15654603
4576518
30635101
7777698
188094
382251
34663672
27954947
10279126
17970466
6313
2783196
2582448
42882
7140438
42442545
10902
177793
1692666
206358
49054606
2929560
1018292
13467271
40319830
10508033
47338914
247908
11817317
395107
39127306
7135198
32330285
32328874
1692791
22483
1217056
14107803
48781
2470183
1835316
655002
1692795
2384021
4521723
4870845
272167
32449181
22293029
1853101
25754129
12320384
540497
8188259
1424913
57917109
2139040
664
34892999
580
42766846
306081
2537522
31950201
3402144
5636
58110574
20546074
3980048
11607980
14993049
38223
6997477
481988
30860403
74847
21171418
31071816
20923452
600342
8215233
3770891
539355
665536
7070643
48177158
23269
4183589
181891
5876843
12930232
26997
256572
6277878
321017
16830423
40896593
50053682
37324211
38751
58826291
48937425
22844503
42840327
39935010
2155752
34706719
52272
42813835
12468027
31500839
57313769
45254767
39723804
12212921
53708683
813041
41953380
4917580
47926105
52660479
38803848
21525175
18700697
3156313
31915311
46531324
44748746
55910824
41077350
39783443
56821883
34858344
54068894
47777931
41872647
34330358
34403339
26762483
1501245
18010608
9583951
590109
5721896
8168926
24674416
4786026
24365664
13074924
27138453
5315890
9627438
58004728
7402585
37936179
20116656
377957
43335285
31601539
44172096
27774511
52141066
31034199
29026872
37069544
25994113
36382304
24470711
89493
50535883
39155772
28057675
29998932
49146286
22085930
45272929
7925880
3739133
47215875
30059402
13698761
551208
41248918
18918161
2865864
23708860
4224324
23047
1537
2941992
26451793
58548643
7876216
6600576
1845
16067696
42752760
18547138
301719
3552463
4276168
2118264
42277
288281
2122
1812329
5885283
35937620
2555800
3076858
37774663
45450164
185615
286478
447382
32524419
6090423
445231
4325643
40319313
57759
4959905
64221
21526950
2236909
9057666
4483284
47815020
53466077
20948
3020119
2623949
1018018
365689
57830594
40703649
87713
31341328
159184
57896735
429171
325961
415070
1061913
7737
12474403
7068306
19139792
24320602
57624819
1628088
557994
1530988
18865539
7683
5326
56206
5828
923251
1008510
411512
3961885
569193
3088469
2629174
15110709
730450
7989
50701327
51452660
54509
1773453
2957537
15775369
7236219
7962227
899924
415674
2629274
1958837
49626134
21664919
940046
19068598
4217297
26766667
744997
46556915
1059396
24365881
5186688
8157994
6913403
28548481
10515
558812
273482
11627
5257925
2829558
190485
2018618
11593
543667
26629519
31073276
19667544
1508301
5105250
89774
6478912
12459101
39043368
5138823
54470948
3211752
54491165
4864036
44847663
3514777
75378
51489076
31613444
20695445
33454739
185254
15983150
1674353
275051
9575078
27508128
14229
22541326
6146176
19128312
52003847
14459
20375066
46105
5040
1166630
67752
15295
34590724
17985651
51581
12220917
15387
1626783
57769738
3981465
15627
1792884
57074346
17066
57695348
27773710
3730328
3139882
634124
173279
40748985
19434700
7124240
35242899
1965902
2319776
435331
20318
13103839
185290
56314677
532355
583444
2269697
5120635
587277
1543701
16276698
58713360
34976715
25572706
103123
39240276
21868967
1304321
93566
10227263
5203348
58394
19091682
38859012
68819
1863668
21367692
2975066
67147
2333491
7094667
21137
40428998
22487
2054502
1602010
2560533
8556500
31309233
39312117
198618
3987292
465622
166618
482847
156861
23754
2253499
24935
54077
19561415
23785
1653820
8150951
2045565
71734
49886610
30102548
40253
1193632
10492905
929709
2220700
5541655
442294
58323
416095
6729882
552107
25688257
34184847
8736688
989897
44132513
842822
580161
25217
557130
10300787
4279149
1578040
13540478
782207
53449209
530027
3794257
456728
476228
166329
155045
81520
40417988
6918
234938
8884157
487090
24068342
521174
2254889
1585104
5969825
153486
149881
1197808
334639
11579721
1271019
3284294
4196196
311910
13285876
1630299
861713
10677378
1659294
29923
20211596
31627145
1446038
528543
4568499
43803
20426550
8678512
295241
20981929
5992
2994800
17046875
40370421
2876716
680326
3249514
11262625
4234182
168322
30861018
766059
858114
32799983
1042917
974761
24482718
37166980
12067159
23853142
532159
630584
57337910
34940993
40529925
12055142
3453719
21871884
1855050
9746248
30863191
47158945
21524318
6738308
7033602
40322326
54295008
44798958
58710442
36116472
27754656
8989793
6711708
397271
23233259
8718538
29244719
7886790
4568259
39559966
555650
7016721
1586154
13180029
50675732
8085847
47814230
8775637
42335212
3345681
254769
26566069
27293278
1519875
3606009
9560227
24095765
25394665
24379735
20907300
1616185
27576302
9545
8969359
13924093
2170113
59861
20265741
16624451
1091233
4083803
1890042
22739648
1348347
55408192
2870004
44889652
4824777
25531806
52565674
32464022
28463236
23428417
31493190
2149716
6338482
9308434
54046648
1330313
47280
53080832
1512628
11882761
57870193
431877
1831624
19845831
47845518
512904
14908056
42335532
41885308
12795695
7042478
18912788
54093789
39140116
3668787
20053540
43482230
24533329
3844654
34438892
42964044
33545180
55752601
41996885
8895390
10003704
5679464
37998886
17887712
7660968
50891749
22055657
10044864
6895400
231442
58910447
32871561
34056766
10681803
42139922
34033422
317282
4580669
20685207
28819832
5639364
51586709
3205100
46568727
25202899
1857169
18743071
5619479
10896010
53256704
20927937
400598
30951006
55269375
7217838
32826965
12431148
25874393
478774
21029957
411590
46758811
17163802
54802851
24053541
4150226
199772
14683289
142910
10928765
10458499
2666148
900498
8526759
5258948
34288348
33602543
515580
10122624
38797009
2838569
636129
118450
20806428
39952681
21564241
34188169
4366909
21468426
53718971
44290263
344859
171087
15450044
1538038
3792917
55807611
25183022
46649163
26555841
25513458
23421828
1805271
3406733
2626554
45360866
17017917
28547
18490995
993536
358601
18482886
1514086
206586
40626873
10469862
34066587
325542
6327661
10518546
4148511
1439193
1831083
5452205
9610271
2244594
993509
40806153
8239144
18218120
14386680
7746391
53104368
25907070
5891930
30427088
47076494
55285257
4546310
3825883
44744172
8956567
37010
33938545
29260
30538377
10306637
1174316
23841113
12082329
3549197
28972066
16225496
10532971
26798613
495795
8334092
21453546
11045901
875785
49947894
4156877
14199230
10222635
1137568
297124
9588
2044626
1876520
221249
42716127
149795
19365913
48898077
2697067
44985997
54501175
18877437
3180547
20999992
20966031
379978
27683241
6198688
20542082
55071594
30858407
3592000
44913013
11051153
25421212
38814223
6044476
2914954
8447322
43397800
39235228
43457615
42553902
44379582
38656122
3135183
58208079
46418619
38974906
49538727
46782367
42249546
41150231
56776524
50344789
59065931
55412975
19132648
41151248
29550701
53001701
933435
54723599
49970699
34793304
16699474
29571892
58560809
44217608
6793192
785377
47313457
13629713
26446535
50899232
18674371
29708565
56800926
11783757
36746396
3059121
39183674
3428791
20156881
25369490
30154962
1094664
29296569
36945713
12180808
11958485
26998311
1890639
39355158
26217719
22786710
42400646
21293835
27250934
41608446
49245321
2259059
40513454
43605222
19135050
10914387
47754883
49269673
56452747
1696637
34396592
31383175
15631864
47341258
56104271
176622
54194309
47809195
1760016
7321888
30391110
6471944
4364853
3273853
44701366
43779883
3818992
39717451
57096460
3190609
45700602
10854775
38812893
29250092
21954724
4245410
53686244
2312692
12891588
4906070
42629424
12684302
4525690
36625495
39945128
43238552
11383510
48854038
46815172
18867455
1818327
57855242
9307303
2828298
12202029
46729393
43040461
55967394
11415165
23875871
57003665
54068486
39988859
42707047
57104312
13925732
6967533
7066527
35885832
43963036
11072810
7738451
2334800
19121488
18397882
53613989
30831956
43707763
57273416
41091548
51754640
57599237
40450007
1629075
22973367
8814172
38261541
2174928
27150250
42566408
46976281
3717827
13295282
53249224
52916384
27795355
23551125
58839014
54227932
53465035
50021918
33570327
11336178
1735527
53903009
49227605
8999017
70111
37183390
18576196
37382744
26267361
14047716
7712774
11187755
11830536
35283761
31149053
9440754
30234767
5375148
36526205
17654190
2470204
10873260
41787408
52641193
9239056
50405438
26833159
50529615
44310137
7916214
20552524
2785860
40418235
26261786
292524
13064721
34454514
13048565
41887619
38539077
52754480
1312188
11055316
38160633
11760070
21162129
3842607
3265837
13886123
5723711
30878581
57147371
12246212
48975932
21514323
11380440
30440302
25654089
9951247
53545555
35080514
25768431
5399083
51387472
8037271
1930863
52060880
747454
3272050
46659321
1518267
14598828
15128823
46814568
4249509
1627973
19608152
2098714
55709615
2969423
1776393
9545675
7785512
35419579
8494515
1771127
1771157
41751262
1430665
5468371
18867116
25920056
27943629
27613441
1060461
958563
4944810
5559450
55821253
19742887
22481223
3317088
10989188
54185963
31982764
18350922
3559535
28405951
10213479
49141682
49752515
4756896
24311225
13575154
50349351
20905908
15305567
4857685
51365829
10166409
4371275
24571022
53248586
16900389
2350270
1908302
10981939
45684944
6853403
1660257
4220063
53694969
39922320
11685459
26694556
50320485
5767802
53463386
15299869
40385483
21576203
40403438
7995309
5744885
4383086
14589960
17079791
14571247
346123
849770
43692521
5732083
27300178
30868647
8887243
5099023
42564495
5627298
895515
13021461
56827212
1222458
1650174
52637818
42138746
31395019
52769308
23718643
27256756
3026307
43626477
19397668
4145703
29422683
44036722
1959685
28387743
29854333
56198559
2328532
10608807
5029495
37750865
20609863
40593920
4579429
4314090
26925725
4101053
4096535
34784718
14541322
33764165
1254336
912551
863862
9171489
9962115
5236980
11275122
252137
45710
26740386
50649
93827
545909
44219945
27480090
908385
21525
48818732
30272334
6027945
1118651
13974002
24822937
189373
487132
51023476
1164
35891416
5561
29947659
18934432
42253
446216
10390
1243555
5378848
11924
21342168
46478160
21348562
346382
14773
46426065
44046734
18831
19780855
38919058
126706
1678822
35757264
50578
1630795
44518759
29518
26685
3253299
659757
323392
14541260
33017018
53815472
35353877
26242611
43427
50283749
41301792
14541310
32988300
54159957
49703340
2559736
91869
3809916
53424429
56783575
40077102
37961224
10868061
448199
18963910
12996884
50674434
49403673
54044492
33739475
47795538
5854300
381564
6937626
2860038
424562
16685728
387746
201517
2518073
17387465
11432266
16990537
33289870
220090
365510
37113838
223876
35843160
220046
161948
23721650
635016
1612722
699798
533133
10335552
1364854
42170700
5919257
1999679
1374663
1120426
344933
23781390
26365364
38438395
33820413
221797
5904417
2349852
17684033
1358313
2306605
2315927
42933958
480130
37620426
35458791
50775420
34189212
50336055
34809573
36675565
13849906
50969944
3445246
888264
19627485
306794
50757843
50937678
36535684
16270616
17943278
8460828
29034375
16068751
43284233
247808
50783328
38085936
33607079
35993661
36626070
2142850
31831357
31597935
19148519
40696546
36380999
50970290
32300647
3262761
52637713
11178746
169499
167266
21522903
30229848
36466007
22965771
41495636
33109636
6157267
36820938
36469718
30993486
28028899
36346926
54430972
24619964
4254164
36466021
30231346
30181088
5958027
21748402
23084915
20260016
52184850
50947282
51208913
22626782
2116099
20675250
7245192
4454773
4455050
4095077
1852884
33375631
36466050
30570044
36568
31423064
530738
6674505
33536918
3400190
6712260
80155
48538875
30542632
37001823
58963383
32744136
34269733
1053553
2848730
43719625
49438920
35987270
5847536
3648390
51899244
23859679
37724724
4390861
32455359
2864740
92485
6035805
36259166
51098561
26434436
415874
3862683
16433642
2178110
42686458
45341561
42923086
6911288
25214307
21312272
32494142
57326415
357675
4493
20207005
2452242
42981259
8280867
1465195
6331838
367896
37895120
37895228
37900505
37895380
37899152
37899283
37924503
37924611
37924766
37933612
37924849
37933727
49554785
37968799
37934093
37968870
37968947
37969019
37969104
37934124
38000679
38000555
38000528
38486257
309910
19643233
27580988
466315
4766792
6938627
342094
1639390
6153690
42444749
1532897
2464296
53261437
18032715
18027464
18012286
466401
56855846
24694990
24695021
40688661
39215084
26077876
35704471
11664498
26167757
4622751
41883177
37894892
37894917
37894797
37894720
37663214
13366494
45270286
349661
277956
25829369
3037408
37486008
14464979
37660
11309231
10084913
33459185
26415816
53155398
41777152
57880587
35917093
8815086
33346197
39868995
33362511
18667488
35929255
44292016
9731834
37315646
45221774
18201005
6896
32392310
6003061
1598325
1071314
315474
51609070
54739286
8224308
2618605
33947481
4655598
51163164
40893572
4894360
555747
1950852
80144
4319477
41936356
7280414
135619
47693506
34483854
52599991
50631201
2188477
5965829
927350
19667303
43221
5808493
4759160
46987861
2533091
5193078
18727
951895
57017151
27621214
22387613
5921892
1613357
1558261
32770854
3648493
12976220
24129448
56842637
921245
52208569
32709669
10393997
28006061
241742
1092377
31640718
24325591
2509774
810102
10684384
31613741
5302267
7377445
41706691
1885549
1885599
1885616
23877045
10484461
38877
581417
12066660
51983374
51766238
51560456
5788314
2456044
4755911
34350438
46432477
53125965
21159208
42845661
1716015
44366445
20975455
1758281
27970905
12976556
22463899
17321713
12807015
1138941
39012708
18077092
2508175
11700559
25223110
37703894
16009151
435914
39753811
37703435
58624652
50777971
3364578
38181580
2366759
1218748
34437296
51248620
40432339
7475661
4828383
39425965
1109151
44692823
31217397
55419244
10118279
13255999
458520
2142
6585513
53514351
29214348
367107
22264758
8632154
14342207
621447
7666616
454351
23810743
2979338
169633
3866244
11561331
8953588
4650831
4650823
4650840
4644798
5104401
398138
52080361
613351
1497849
2856792
7161512
8687012
177318
906358
985101
4155566
399520
156773
32727729
21185204
1336522
22280100
5100302
24529515
711644
5074329
2180548
101888
760639
5331853
56896664
7565507
660710
44084491
15292186
27938415
590280
8873033
904443
990315
35059114
5715923
88231
22803034
16713163
32114271
780817
18612939
31354851
48628750
37930958
23438896
8425040
1276699
34507261
51019874
42159637
25804369
2800885
71916
53587467
49889354
13898857
46249271
51752562
21695575
6301802
24178036
58564676
4160163
40888522
3329940
57587843
49632961
34229832
1172403
37630506
2702229
357616
28775637
563056
56421131
586316
7951661
16661256
13789518
6973036
881048
347136
44409131
44144744
33524353
1496061
144221
11011376
3420518
12853210
445762
6571534
38348972
89844
197049
395218
31466336
58882118
208932
3402101
2001042
8704200
2017
51484929
18410438
21742296
35730172
43710862
35282712
39464584
36954781
4265532
34076548
35280558
10470168
98325
35655100
21442641
60773
50153316
26044771
56348751
55792911
57758502
50609036
51137228
52102875
26270783
57201579
46619228
13849650
5374183
3989609
1113981
20586435
26470024
4147091
5304865
8761326
20586173
374719
52740768
52183979
1468591
24285393
47566266
1750893
1750673
20089853
739282
32923943
18012399
985310
27440422
42055254
53482266
33569489
13390482
35865686
7757539
10809293
50060845
51848219
51045603
58036654
51848502
18007820
18749240
58502940
34351080
296543
221054
52058219
37463753
54032905
9875604
5324708
5324761
51104499
52203249
43807462
42956925
31260502
374684
220151
57933733
21003502
50638813
574247
48201744
1038374
2539168
15905139
18083942
20778799
17155367
18255139
19152357
19152401
18789111
16923423
18789124
18789130
18609296
16889169
18609271
18599838
16563526
16563439
18596938
18596887
20778811
18596875
18596832
16563341
55105766
3710289
39130007
23135988
29954594
29955313
30471614
34499724
46854349
46306107
45515618
48957232
31258121
33317494
52890158
52927109
56252311
54228300
40557499
49014340
1477592
50954632
56176805
322161
148571
52917482
9817129
33894794
51455706
20914874
4596804
32528928
254069
47357272
6632364
11485690
11485782
11485823
11485898
11485911
11485926
11485939
11485956
11485988
11486007
11486041
11486064
11486087
11486100
11486115
11486139
11486186
11485878
11486221
11486229
11486239
11486250
11486264
11486275
11485423
11485468
11485507
11485542
11485569
11485593
11485625
11485651
51536914
37695547
54095900
52782313
1576372
15997225
39568382
14343000
51301229
10654313
38001195
27473409
51162980
7885141
140461
35806777
43514962
43767078
43572330
58409529
2866717
43548872
58462670
43539773
43539690
58326714
43334032
58361999
43549030
26613027
24659879
19400397
80157
5767893
29816208
32038148
27996219
28287537
16964856
33429243
513290
30177048
30197190
30795591
8320362
158830
1224501
2433628
219949
31488256
25944292
40389962
65663
22544195
815092
3478239
284289
31645223
47356330
8052689
50781388
2112786
494100
25957874
12967
26652406
26777763
33462592
4109023
209994
24463800
34928774
768566
75977
58576827
6436836
39252984
31331921
9788916
23726642
23661340
47682485
21318116
21593761
25946498
22026602
485790
24706355
56969413
15750850
19626302
23325490
24925308
55591948
42504960
42496608
17547375
39256230
8805851
3391637
527369
46426116
169823
22609470
352181
192123
6473570
1882219
26994422
351549
1168506
5847302
3088901
632487
18568
723738
28157642
6473191
46914411
734644
222947
22725574
794872
337876
6556971
354319
2067823
1896674
537450
3314988
2920840
23574889
535823
26193465
19710
340617
663359
353748
6497220
2230309
31765232
600011
169589
1018951
3207731
4954950
235124
469391
468884
10308785
23992011
345396
355814
12524069
222434
32869192
350829
3036515
402719
6050
359586
3232460
490054
58083234
508022
1749665
3690584
33382445
33900798
918748
50907
506177
2506864
341127
54316
16868392
734881
28311992
53264013
350906
6473626
8871519
7392980
350167
398810
8997770
100303
47756
662781
519979
1076293
1631654
9212913
14528017
22204279
601070
591768
36423541
234855
234969
234960
30981930
234998
234962
234870
234985
234854
234906
709567
15614660
57766123
40124307
2012564
2016033
1168363
33434715
3096183
599970
150144
342038
2302006
1387689
5646277
353855
336815
5971770
5971797
5971799
5971801
5971803
5971805
5971806
5971809
5971813
5971814
5971815
5971816
5971818
5971820
5971821
5971822
5971823
5971828
5971830
5971833
5971835
5971837
5971839
5971841
5971843
5971846
23256783
493259
302178
346167
6306271
974084
44051448
241820
1098209
193837
40658915
534959
3868748
1707754
346955
521969
2645647
21362023
444250
2920916
50248508
8339650
348624
203204
350204
33543938
634754
624666
24364843
37919722
3553599
4659082
659169
2868583
33086275
39728316
517370
45188167
39270721
347836
13186787
222390
26736091
442370
20683573
408108
387878
17219997
255768
9202993
708399
33074893
537026
339396
2236863
30863772
242727
505253
580145
19397596
5783569
354285
13454825
48465217
50055439
18814960
2059448
52766867
7041824
39164736
43530822
2871265
34727868
191457
708879
28651
1896229
660973
31005435
12537045
45332012
705014
73634
43302756
8434205
13314857
56083331
3117016
6695781
587645
679366
3039388
347694
352950
348470
427826
4904667
12830119
25804104
6600160
29528690
1188090
691790
8871375
2888949
18640974
2850448
1624589
183091
473486
28810270
3114930
14953761
2240655
2915428
34532
22258844
41659674
11005395
50951887
27090911
2114377
19468046
48429002
3551105
46738646
4475349
19645563
3983382
36962623
52245688
36732637
4387617
22671755
1134909
16621258
7671190
59013
38815844
17863991
30623481
49778301
1985416
43377867
17545325
9179093
38894374
58609793
58609836
36971126
58609951
5925110
38563792
1370590
37780521
47747598
5925183
37002880
40780391
38068881
38403582
1266250
30098993
2965208
37688324
7646602
40985409
33562655
62424
43720735
48743
39198918
438677
67869
46821559
8611983
45679508
50631177
4758015
48757814
646673
55848061
32124842
41203338
43402636
29790
48846633
2114227
36961844
36978429
38464926
14490084
7213073
462547
16657872
35593749
49659014
103944
3958869
249527
37355128
49316021
4277031
23350794
660678
822008
24694906
55409829
146118
50735633
2824997
16657861
4650764
1301543
1760214
2099301
12422403
2395906
16092414
15911800
2071938
41816267
4065564
11301067
14725773
23158867
23464858
31744838
43221368
22436359
34118056
22378837
209103
364252
36473908
10699036
43860702
11724548
9331882
2012081
46770541
2011320
43533192
40483917
346362
23747284
24489
3993703
3343262
8673754
2485377
5220510
7153296
19454733
2388068
2422456
7873607
9100987
3648693
34702137
2377848
45417452
468843
10586673
385334
758690
23633
796647
1839391
36536147
55188089
9505941
18242141
391591
147337
12738235
25876436
534079
1314474
37461
3522475
477316
60037
183089
23685094
708392
34001310
24096816
24562032
799398
13437947
815067
6866745
21193804
1138185
14238840
33654482
37634973
24095830
52551878
60670
17816236
1278990
27070227
56844456
57293774
1940
12924979
58573271
366443
59018
25875132
1512570
27734797
3223924
3208634
43229605
55463908
2972735
330950
6834
39587782
45374373
3212877
59235
54172339
40076929
38802585
26925896
26979054
52286010
11813814
3402506
2536043
29766489
3086038
17635462
1197442
21889339
29640830
5182072
33332159
1538830
39197232
728652
27617397
361207
5360081
238755
4354406
40789532
5841573
38490037
642973
37356389
3188727
1230056
34962698
34962707
40479640
40479601
3358868
31706469
4643212
34289263
140829
11245061
31970422
17719363
2548860
48695181
48441542
1991105
59413
2306576
3075977
3978897
4593395
4592795
913621
53920390
1052219
1752944
25033809
228473
31045663
463506
20178324
680258
22950755
4262263
1100194
6824243
18753827
47897210
19938249
19095208
34690577
2891117
19646692
19972962
30407970
205069
14833025
15315059
6524553
15572964
2879918
44808017
23770615
3932847
680229
17997117
19373692
28960022
15433382
3070339
471861
615845
3528473
24062649
390597
17672870
203558
528808
1669534
31160256
27848296
41720812
2879824
2814383
54277702
4522976
25109034
9408332
40451129
962547
1435172
33063577
2514806
427750
10328596
5839577
42003318
2666966
54775152
40236269
1890938
42517482
40261551
41513895
41514064
38957205
38050430
37919559
50637963
6087718
58389748
454499
1101069
4122187
41960512
43271399
4847167
3052977
54973127
48449623
42993306
13014284
43006361
53296278
56488422
7004633
53949226
50042874
9324734
29482487
50954068
44926396
57863371
58110581
51550758
9514537
48433415
56076731
50296684
55333944
49722928
22454273
4484806
36605037
32954448
58436403
148060
36751874
9589549
4678056
7079795
2218355
54060545
31716539
8740164
37080977
4298363
46959296
13621774
404891
5375984
4372153
4638093
43646756
3789887
1044752
1028515
2457060
9346431
20584561
1947769
1754042
160332
42572381
1780649
9931619
41174204
28688869
222850
42848605
20893932
1264842
13945403
30290563
39328195
32015265
1825489
3885908
25779986
45428064
31085465
39212055
40014265
37502310
3194945
5376872
601983
37822724
3497974
1692748
3478532
13710321
27197456
4900745
21389649
355908
33435197
216665
30857555
32015318
38249017
57870343
10205957
25469312
276396
13401632
27064189
183601
1051237
39657380
3753089
48811942
3948016
39427827
6863181
38982662
32965228
1574954
3258092
34698401
2495705
55198924
5031899
51873625
206386
5864214
2853
771749
957529
36681811
50869272
22801297
15494288
5049099
35715214
12248225
7188367
10737327
47731684
9615913
1157291
14569165
46694272
38271095
33748539
25318244
922489
14803146
15509949
11818397
21436165
37412120
9823090
51251453
4230196
9905340
14415001
889944
39332819
55492862
43399972
31736382
55159550
43838573
32542796
37977368
5425788
850009
31283
24849570
56329140
39827212
7395223
31457339
4573625
1807405
6702611
22000
1622543
501746
24778653
8143703
33720888
3082931
54850522
10844157
17917373
5465041
31364
33854958
18404729
3186107
1941290
43868891
3000079
21185695
14500434
30469350
10802710
1379832
1366582
291973
2334511
25025505
6835244
5769363
1415813
3788537
29072318
20683472
48420139
15452499
55716973
28000894
57182962
20683004
40315776
51876625
27991852
20684211
26418907
41945264
20686297
11920117
22841705
35360196
22871367
2690730
36522675
22384158
8126530
27171930
11051981
11052312
2103715
28341407
24041315
24063825
40342730
13856795
21975795
21858421
26592470
2817738
24232670
3811007
32858716
195961
2578159
14706356
46573763
31358
566680
8839580
444563
40351
188976
29392122
14054604
3635601
3591552
38890725
52123249
11071609
20496314
7560055
8402579
66267
2203602
4104986
8114215
3499226
3813250
18722547
38279
24538247
47937215
828061
18075484
632539
42044231
9756006
4829643
17747058
7069425
277301
23749946
27343412
82368
55905084
989935
13308336
2849397
53698085
8435544
36469092
67227
5259071
630167
9394593
1247287
30048629
30531695
47577080
47011713
47576613
42650781
13101427
34237234
1076615
46763962
47066174
238526
2808506
23704170
39899169
14287253
10276462
3897979
99469
23937691
8230217
1908235
9080865
48623020
714669
23972169
23936744
36544979
39045789
33699931
50335458
4889994
1102493
32698616
12395546
11143173
544417
841836
1102475
19546866
2155531
19886002
19348699
11574789
1708293
5147990
43447038
5711083
407289
457314
22306096
24741676
6533647
26885102
47572400
47621310
23937749
9340499
1681194
3053743
23936646
35401238
7082603
17546648
34393262
26041032
22135189
36320643
57190122
43156502
30193699
25610
30603530
18203785
3239326
38326749
14934336
35795778
47513425
19499175
18648868
38065067
224541
18203711
31056977
16856735
151816
21904028
12701886
18124109
36266089
8870886
14676401
32873991
21910218
18139667
57410816
5560362
1378709
690270
33936176
876006
7066598
16711712
6669640
14826184
4263285
32826371
18455671
1462756
26278239
47590706
27399524
22892245
2746102
418666
264123
10364366
43430142
1525991
6669390
27399776
51130935
12668357
3885086
14535813
19869578
16392407
3740668
25911986
9872540
3563054
14732215
3747720
17318804
25587463
31039747
41909344
17500292
20248326
23519805
6760551
18689198
1998755
44198129
20848877
20849579
20902715
5951080
13811284
339834
106086
8772915
20078879
12152443
14725460
11270176
18498287
28032048
510257
18421218
8744903
66618
13641917
18205036
425768
11059542
4730784
2163290
15652989
20282696
45291
1696077
6701370
11236140
14700343
14061452
23275384
9314504
3296224
12082326
1914976
17615632
17616269
24571941
40170171
10117909
8376552
50742290
52590
28159230
20304739
26065296
566027
17278353
17376728
29556541
5837338
18471115
35093960
1793822
56680786
55554680
3878323
7906245
11925538
4282259
18509341
17783528
2151282
2656804
15547360
11158694
81283
31492
2514850
18070735
31564
28243643
27168695
36041881
50138870
42512625
12188690
9387041
7944078
3701817
291978
28270001
10800071
519323
24939976
10285536
5024539
11405124
4262506
12395051
5292427
4971169
4972809
4973666
56375
1070769
31367525
1985418
13429296
16659346
16659275
196761
6715022
11034831
1985145
36901201
24936955
4150964
3030749
3202072
962517
3224300
4071673
51659409
27009185
21770271
1708711
36579608
36581041
13746297
3773873
46955256
23395821
202637
9144685
57239284
44712786
36294056
49437864
1206236
49217602
341394
18267021
37758875
22225493
49023417
4806014
7411740
22659407
44268432
36193702
4688530
49746051
2838343
37342010
2941952
2537182
19475686
22055693
40836282
29695805
978911
915449
36279899
40898831
16175342
36193619
177081
736713
48713414
161715
471387
38333812
32651098
7778192
29902421
715365
24877937
43156677
1614212
13181245
7134874
2445607
26402563
3500070
29229128
19010811
37312651
239981
43839113
12751687
48103
49343041
44916383
32828844
4396809
30709197
2561202
50034350
50034343
50034331
49623205
4018084
50034192
44533369
37174589
16289784
41078437
51077606
2099648
320319
41265739
664001
8704195
20675409
4760663
49739809
30111202
4282992
31962097
40849712
8153084
167699
21934376
36549055
9514440
13478782
45418224
49403913
30320703
13558237
19934255
252953
3203945
7427109
31859069
8569325
2301290
3989011
15162417
27353381
50246626
32122567
42245723
166589
618076
50034204
27576059
38063419
49766574
1265440
56963959
20240388
1561666
18063628
882015
4500115
49739795
8629753
24860178
49217644
1430215
43292507
394508
58312722
42248286
49622162
36549256
50246808
31968302
49421630
50246640
578469
37262638
29347246
54423179
53092613
8272539
4099125
13853397
268475
36265360
40811195
16303447
746646
45754
19934039
21852557
49758265
252461
33462303
55932199
57744319
7309880
20201297
4458567
21036566
41582886
57744326
24737518
42881967
20932260
27377438
3545953
22092879
57292984
25214737
57381748
1438818
18831185
41461151
47287685
41204030
11334382
25214873
54539497
38854986
15563071
7916426
20911119
57381859
234876
58068224
13086027
1009831
46375641
39723043
20885401
34029697
39780436
58193819
21014689
58117458
24948994
58120041
25145019
53089168
11807146
50767680
11062213
21193032
17719645
20313015
37658639
3902606
38398925
37517661
23830082
41639184
20497431
37696632
37724748
42841555
50758294
5976318
21026476
15860399
763533
50302335
2274379
40850094
7362118
38205844
38306357
30874722
27163466
15325578
74215
14522051
48922850
18509998
50459347
19210425
24537929
44855053
14540333
36198576
20367260
2181792
51719443
16945760
12615832
22729087
43270576
29567568
1704268
7417699
44031493
38365867
32300452
28650767
25513705
26889856
14896877
33826251
36435581
43631132
49544824
31880507
3839716
47119924
17207207
53116300
30993573
23755918
22189413
33900921
457164
19799928
8762410
12420741
23937616
5122134
26885147
23937577
23937962
12810432
23937653
22460884
23972271
23972217
43139783
23970994
31340942
5122698
5122339
5122245
934169
47286488
18949111
33469486
32579788
13958057
13045388
47362225
36643464
2486836
49178764
1356552
842779
31904942
7458308
6504173
55053454
16795124
33193885
49301125
17056354
28939379
25975488
28664785
48800241
2046576
2218382
55450123
38956017
48408726
31637547
39713058
16909668
11667541
12325913
48424875
30872886
48425010
958497
51144140
13300579
14046835
8632578
58381852
21663888
30852636
2720141
57032460
7453776
11843612
67229
11784620
23439689
563480
45520029
27170659
19590224
48623758
11695358
40193963
58303925
39359065
48799229
40469808
19456309
44239701
9244444
7731163
10882063
55336593
32975011
33258408
29632669
1271532
24973222
55524428
55449897
4981467
43818497
54076100
47325951
147409
32305402
58304118
13210015
38956801
533770
51151231
10257364
32132040
27508511
3261964
1886691
8278672
40095057
729189
46527701
5723244
50432307
8259562
4637504
38043761
661696
399085
35130602
12107169
966324
3460422
2223945
838362
4001597
2873458
17226680
4545618
32002131
43401104
1412472
27606747
58013819
17200912
4028894
46767412
4253038
39986839
55346578
42310092
42568403
42436699
42256782
10228476
28305049
54756168
26013720
16267127
53944229
2492127
38640172
47022356
18489571
7280379
26267244
36344464
23693319
1915402
43700825
4745968
4701919
4517008
4516681
17036689
4427242
762678
5803737
17039744
42668392
34245943
40593798
48451003
27064552
207586
28121639
326653
23602870
871327
748800
13832300
13339517
4995729
18676955
36579392
56589541
37869221
22398121
34174113
4604323
46363787
18814908
45561261
44379098
11451083
7510900
30469967
9651630
3531649
34309803
6876234
6418183
10140566
21971994
498928
40593889
40593753
1505000
44305371
47778337
41100292
44752122
1131755
12668563
36802383
40594008
4590423
3914698
11451041
58405850
43516985
17768869
24586279
40697145
40602098
56734836
18044579
12783966
18242722
27014288
54303690
40593828
18408769
13489772
56622588
2058704
29320767
14435971
39197931
4516886
23692780
23701752
36287550
12527371
5307952
1570969
33945272
39947682
11450751
33675362
23691204
58789811
1441005
31215369
8741743
19230351
57802115
11161239
45413337
1144736
2937920
12851541
6532966
8437838
8611364
30822183
2943192
2710603
34184071
4076463
3481221
1224756
10399667
3138041
21859781
25556454
17118551
30813025
18694
1440140
4794229
39590738
48567867
26187678
9283828
9874519
7391483
21287503
28285654
30823998
1833705
19719222
789513
2547545
55289434
28084571
172331
26334770
34048151
2572627
49736839
37408636
142181
34926734
4695949
1686162
4387917
37708117
55441516
41424288
24210031
39747455
3450602
17660874
28309002
5559880
56873233
11679320
54147200
4120352
28196464
7922175
3720467
962300
2418157
332823
50276238
86996
3229529
1871873
1266561
50753594
3796677
3174269
1441698
1101085
4804129
30369393
1441521
13016817
808986
10226222
11978746
17007606
5761712
44925637
20935393
47427428
322493
28637211
173351
45266571
24244719
2645852
300082
514259
1636593
227956
361909
877033
13967547
55415661
28631731
16020608
44229471
12941686
47119024
53319015
51119912
8828449
17272221
28442751
10949251
7657737
206018
56760537
555177
21714032
23695549
2010345
56623494
15469195
56623544
674486
18571658
55746545
24161667
21268357
555210
5560904
56625324
5275725
56625340
21503500
1053325
56625361
9898493
1445288
42492354
56625430
57032696
30177252
56625469
11647129
8858097
18395307
8431600
1767557
37997242
56293715
6612470
58577504
3419380
3882512
11679034
29511576
3911092
1252386
49987586
28477492
2405917
21878098
11734518
69870
35355475
7740810
12970633
23135902
18931008
56137107
7822681
32526961
50139698
4966622
50124696
25343863
21144821
3797074
40208288
34912374
40465955
4592542
42607433
8485476
32482573
17405910
45707266
21740132
28132172
5672442
19563691
235810
8140107
58440560
45312187
57345318
58440643
24188320
5001338
57822012
39398059
60548
7085773
16347321
20483665
30128401
52752810
50922281
32111666
9447823
7637725
5339305
42801895
24206651
34355820
1859051
38407940
23104957
4912107
98652
57847895
30638534
18603085
52748452
17808461
52929155
8963187
31701099
50014417
3818363
55487961
53162915
40789317
6228251
40489234
28341301
6891830
37713822
45234106
39151817
27109599
31695440
21689101
49043045
27616865
198136
18129881
47408913
477050
27015910
6929272
1104922
73615
29844152
50949211
24897936
41332608
1342072
49239358
18820886
10269492
15144310
55565455
1384073
198139
46402668
7726320
12236730
50627287
22099483
12091162
54571711
5777298
36443256
3962513
42735080
31458333
33838184
39172130
8195175
41944206
35107608
21745622
20935801
49166662
860354
25034604
58342673
26549598
5481844
5469882
49279525
2965243
24759981
4097096
29253836
21446213
3166154
186345
11554654
13149835
7897920
12704099
17407692
19801254
42398817
483292
32495993
23562155
1956152
2853487
57436120
7211500
32943782
11760012
9096372
30463
28734047
6198887
4721036
6781871
35590090
5176156
25466113
48664569
1694221
37237272
711718
10761675
1056866
5685431
9019997
2783668
10705831
40547081
36587327
56209785
58256225
7308831
4585070
2133291
23963
4635563
1936485
2438185
3182598
227053
28676576
1478634
27813
199556
31032602
164897
5962524
94320
9365268
44432370
4390136
43796674
19020
640820
38754829
1099348
4394717
456410
1901785
6648761
1311504
826216
57011253
20646
312810
5152951
28342216
49411786
169191
1884392
36675611
33901493
31638583
32786118
41651252
16708286
30252423
3288598
33889209
4950262
464119
1458219
23219749
25493759
558750
21172177
48504316
52518175
16948699
33889472
23533161
28158932
2094855
220011
22538877
22551584
49292744
630922
22950437
33695990
5296641
13098915
24647522
16194604
9055893
360726
3669152
2342621
9369090
39214765
32970061
9819436
4972643
42036843
23615662
29698161
1459978
56753715
18322812
57077190
49032506
15919867
4354949
9403782
2323711
1417208
33082430
34672048
21591042
2368032
18255048
6279878
22990622
18985481
2081636
51726125
1816593
56162314
30608068
27528308
33694761
48779009
11921351
26008689
508345
12025136
518500
4129051
2574795
1720698
11503256
38346497
8098735
958508
2731755
2264342
12254215
578511
40678083
39717446
2369243
49727918
18076105
14842567
4133285
1865258
15862193
46995734
43662029
2963313
9822379
28860066
20818191
19553126
30772603
16522635
31932045
30857485
3521863
7859945
28766578
18761076
24281183
8228402
2256943
526214
53672404
11102737
7981894
11519910
8651640
27763463
6336076
505097
25858244
23368656
11495010
38464902
44126726
5250810
28862415
32015767
9787395
367246
11747122
25291531
51224970
54099181
57576270
17524713
2263034
31943985
2089327
7346789
7601985
55808892
28752682
45089531
24957841
33964435
40075620
40069309
51449624
35596359
1906920
10105330
12000232
23394464
5032333
18591004
49273370
22859718
50084188
1889522
42570315
53670818
21980341
43576627
56353015
8443896
58289544
12072846
34780256
40712342
42532608
11965180
31252371
39027004
27743621
1531060
1629574
591348
38057943
48570206
29478781
11359782
12151434
25406169
1099570
28088480
8100661
665503
2167047
1218499
50378341
13578886
35227991
344413
46981733
46981708
46981626
46981574
46981402
46981202
46973622
4559334
360374
4234887
3983341
44251177
39348319
49860814
49860998
21002817
20610484
2701254
24378325
42121865
892736
49863564
15702854
16617061
49862973
46307473
49858916
52718645
524425
50032073
48080791
624625
42659418
49281083
52190521
8487132
49863282
54322333
35709968
34760165
20846765
20670767
2784213
14705292
55339410
53073378
45403481
31610936
47132182
26564860
52918006
23265697
23997153
4496564
7501409
4320862
40333801
58112175
46827997
49864594
46367882
54301620
22192523
50485538
26863567
23215202
49350872
53383534
3350103
52391799
10434801
40556829
42971132
1999738
40076829
568646
531749
28878
47690099
23590353
47162990
49158253
15935893
34500414
15537424
52321029
55533945
4738312
58139442
4370230
51942014
4738443
8081063
3575593
25435160
24000751
530916
458858
19998165
26024591
36731302
38292
52775553
1260570
12673103
3754006
14226794
5792578
56854303
22209363
7859899
9977829
30244495
21694803
29857152
13362980
740540
57723249
6457764
24644328
35818879
34974613
14345140
350401
21099086
39848142
1121030
20902744
4288891
1779475
28560103
20902763
999789
19326593
19349690
13994373
4518018
17094767
17183579
8726659
3095091
36602096
16410019
36581988
32093207
3377003
19860367
2538735
2006073
58945004
7250189
27636262
5368420
58704
42444095
42110566
57042077
8702554
32500253
42911474
53930053
25428398
53830069
15720011
14615313
9791593
57067820
4129884
14139425
15312516
1590852
25812385
35016889
42158477
9021925
4838711
14384856
31281413
33973727
17861115
16762236
28341615
28351254
39383425
26422984
40074894
35984958
37592916
28091439
3218881
58933608
33791349
15168509
5835615
53663174
37470275
35706556
9538066
20412287
44970224
32452818
4973010
9390696
26457540
37628586
40947234
40939955
40939772
27354368
40884235
52824570
36831399
27965789
54587982
365443
294211
1090018
60549
2677500
758034
326471
20745603
7152935
29832799
2534010
19529000
3087414
4234894
51333951
3118
2224738
1138100
6980594
5725168
27378783
8520286
3593875
46736973
1786983
27438986
11843393
33956397
5190548
1765838
38264458
7824950
39557807
9472437
32376085
30003033
6876683
52098442
533237
22145766
20565885
1567386
42249910
324872
35557313
226981
30010890
17373539
1362593
51246780
30403380
35841633
8908893
5696420
37506968
242549
20364166
26786801
7426218
7372672
8818410
10647886
6877531
38033909
39675445
2108291
22008131
40010256
5163815
2182307
27194034
7717612
8304842
8111444
3696152
256700
6876796
33593996
51056252
7082420
27742079
18546904
374235
34609626
3366476
28081151
35272427
57122
1561691
35783995
23899081
404988
10843656
26773116
3096137
11877586
397245
33038270
228361
739601
7904749
7723865
21910632
2058464
8731687
725821
31947931
2142840
15677992
14984955
33639818
9902256
42877569
6759499
2363293
3234401
3196691
1700591
33209110
43393222
9237855
732577
9193086
2874981
12711731
4973089
24985094
28795896
48511100
1331806
473774
5731861
34572835
17533891
21903944
13989702
23170285
297013
3930319
28065141
2407129
45716919
5613806
23932533
3708773
32221970
33972172
30858275
45649799
35810622
41833790
27113499
20902526
19027000
49094131
23478375
2940315
49515166
18964621
44969812
30872841
39506967
35906833
26975440
10216355
10371792
34556227
30462587
49216352
2098325
23607873
26690647
6306937
8740088
3586577
50445931
38934936
36405951
23735746
1574427
3624330
20489338
3569911
31209381
10795328
44126793
3175555
5663632
31682044
18348660
23985799
362386
35032562
27392434
1147690
3160457
27967768
41277205
39337193
56983984
17893971
50304248
7695030
485700
11004277
2244502
1385467
44286728
53775951
8965729
2384768
5499416
25960701
6748873
2850124
2850083
1797141
10636961
32147219
19346963
617167
16022035
221536
5460943
10379724
24365117
43606588
2711029
8660513
34357822
38051313
43458076
4973059
5793570
5368746
8901379
19177967
11522564
6419661
3609312
11282791
21367045
37010565
28360272
19724626
5196720
406885
39335050
11139487
47880766
58254869
6436309
556651
1579586
26018522
43264630
9208413
37685680
17718357
42828447
715297
28888905
58260328
7463332
4063091
3573788
29398139
9904712
48613666
56518900
48614657
48614053
5367328
4973114
52772200
33290205
919325
40056699
919881
35567116
38635367
17453200
39617127
48600284
20257632
1476210
29749212
9812610
15795871
730473
23808680
39596147
23964491
919347
5712148
36950844
41996593
36617944
36949220
35093895
13565268
274440
23124066
6935378
49434664
52017312
17565442
14795623
14794138
41731445
249798
171123
21138780
43768633
14765461
18244430
8276117
46181027
41651205
6254672
24177288
11501863
1574904
50000095
7518027
54490723
57645576
12118737
10919936
82919
6857991
18906098
10465237
15218575
26054823
3613522
4410235
4201016
12322127
1455034
10105402
2257778
49994218
213452
38848839
8780085
3946699
6532557
1905691
48624006
7603461
2257535
806656
4044281
37712348
4239803
14570177
26449007
5230951
30734524
3710275
2427262
78958
4068549
76073
47010541
6673697
5121807
8834393
5771613
2427237
43488818
11327000
5052914
9622608
5800991
2465497
9049338
20223272
5004009
765527
2594034
32855523
24550340
17655421
2272662
5357579
4318221
9459497
6167610
12293593
4376617
3965468
44838429
1517581
10655875
755234
25206807
56615388
9266194
51030078
6919200
865608
726653
54008021
7655553
3956818
12126283
9589806
3950815
4381955
57640814
814746
316643
11453906
11039478
10569035
10986830
1842346
9275369
61325
6766814
52601230
4025271
742106
24048613
52028624
5005281
6747628
7049196
5765905
9548465
3911755
5100939
579576
1302304
4376191
8565075
42693052
8490325
54102145
8942801
1686347
1484932
2092791
6710209
3166055
51030366
10464859
9784315
9847769
15239027
19839214
37813237
2886028
516265
1828025
32100474
51882863
1448656
3707353
972894
1926687
8464879
51486025
717037
45511672
39564041
48292315
525162
27659451
43125715
146424
35777337
3615664
5307518
51683726
30107516
22686959
13085570
5880446
24085833
15683766
32432572
15911846
15472681
5890041
53807560
50655274
23224820
3221118
35060755
12270519
34737952
4782859
19689038
47431960
52603934
38102511
31485319
54672437
16906080
52186862
4840666
47363299
4750274
32317248
15996850
342400
956191
1419397
4568266
46329251
10811870
3219634
325772
21618569
7565441
44818139
27927060
4270646
2810788
21886367
1671667
26568646
3219785
2777624
35848652
27754607
32866550
39593067
24208247
7979565
18989703
54541582
35740356
3858899
5584806
46444460
36581725
42789486
47424555
14629577
1127090
342398
28857554
50806866
2834437
3381219
3062306
43093468
3841058
37176181
35854962
3616159
8180174
43201530
31768895
11813260
51457884
42203528
25437008
15184577
36134078
13125720
312510
33634442
39395613
26700274
479158
479372
11441057
953291
55876820
33634815
31166741
28431
5610322
7531185
3748263
56768571
23351896
55351756
743972
53290292
84237
24842130
84462
504049
652248
56032793
2727243
24773890
284880
634463
34349914
4269684
6866717
306746
6768286
8712474
491481
29479362
1554948
1962277
14941975
416787
18261355
1588511
1654080
3255170
41787575
3174993
1765791
10422721
56223
34185241
382993
550203
934150
21922259
275597
1741558
275209
21624861
3088217
41787889
4039179
30367887
17378587
418820
19168375
1199099
46759922
40845893
5653
20646497
263158
363264
25018
60136
11439
7555
1280758
33338392
31296
34566625
32582591
38193228
34043
915997
342127
452779
7463
42840970
866517
21245943
3131342
31170218
4434871
6824269
1157821
309460
20640028
6146346
43174898
1262162
1770009
208656
8861618
261407
3134466
2822381
58507641
38370599
4756732
6883009
2616800
16022841
1569292
867515
44434
41756904
19256144
176349
666313
33214442
9361463
31103688
31147620
1478156
7301821
20633778
8194198
43234588
18743251
48648392
62204
25280
25284
5910595
19918926
462030
881699
89732
21026017
11895662
36157748
174410
6296791
2313526
73664
804218
4293361
23646085
20651372
974163
14528756
1580989
27733408
20902228
53464494
14305756
11146329
13335403
14305727
12940823
14196443
3394642
13193766
13288679
34736281
4343217
14078238
16926318
6596725
29213543
26774614
52787692
32484750
58938242
52144995
82424
25125403
56326541
28468451
36174770
3309479
33835484
1071088
14205132
52093759
24046048
31825083
52093555
50899529
43566075
12940349
55065601
55962195
49311742
13226237
3497176
45286295
6209433
2592962
5226865
14204190
43595892
52093689
13352174
24687960
46656
33127110
49452645
13482338
673887
11005376
50899170
14337447
29588
13224789
23649689
20747100
20632348
4713880
22908095
1087358
1217870
35043822
10623615
24575247
43629419
21593473
15893489
7070301
1425862
809774
1731800
47413207
11027961
30328452
30313551
30109388
14546835
1198160
20006473
47194113
1930784
13510148
23371063
31336108
225270
706128
1573430
8870404
47243902
40365
13061748
8393291
2571938
35847759
18103
164969
28149071
32944207
13510215
32279325
12370017
12978962
14062610
1532331
40065042
28743
4249871
13068017
30121570
13393419
179581
524981
41125952
287421
33296004
32107215
320445
50900003
50899713
494745
1763912
1412095
38292780
3728135
1615445
25879
50900158
50900185
12914558
315197
44328
50900217
50900233
50900248
1177324
466957
50900320
52744
50900356
30027
803664
28778141
8487
33355454
35561022
30220865
50900513
22914706
50900671
3133892
2440046
50900702
50900726
2323690
50001219
436513
42062677
943811
50900778
50901086
50899955
50900796
45317616
50900452
50900296
50899867
50899369
633645
18209883
38901141
862253
12825875
10454425
236798
30597635
27648
4297192
50900895
50900920
35224283
2611803
3838616
4615047
4118623
50900959
401597
50901001
50901024
50901060
50901137
50899446
1385342
446830
2411838
50899758
723777
19658140
44596469
26018928
4143086
1695469
41139856
2849306
9612637
50899666
8663
50899473
271121
51097634
6280596
50900820
50899829
50900082
21790781
64659
1127316
36532309
29688374
742024
947434
50899495
767316
513466
43276382
15498072
220425
50900037
1399676
10605287
58988061
505950
7328208
36858805
780445
16440
7871299
39448320
53164092
33971
220784
49332123
455622
13600
49720
13451384
42127
22973510
50899261
34203136
486565
6738407
15326711
48213986
48212870
10186307
1589482
15659224
50899508
520098
935052
57082371
50899598
21387879
45417796
13573288
198147
50899791
16545
57336023
47365044
1536140
51310315
25193231
50900397
1329314
50899567
26187047
27977880
50123722
2576283
2180004
450320
14750722
2412171
51317367
14627
16088168
2280917
227039
475249
3357517
30073177
50899649
14033393
172394
7327367
22860503
1521870
18079208
938143
39107062
25929
6716470
2165596
49400566
50392
1324767
20394282
461524
22459
747120
5847116
204137
12604208
1102000
213660
50899819
860221
860197
38282152
38267995
15225559
35609401
24125236
6768533
1861611
50899848
895020
982540
31749432
210413
23415313
860173
256310
158426
29272639
754249
1211443
1923
21107053
1751578
36853580
3325221
42118670
375798
52946
463336
414271
202067
57903545
1615152
1674351
38049822
8328833
18246379
48811975
166689
163242
23950388
49366775
45473681
49378265
38728116
48672346
29293
45311025
13406872
58833146
35734781
55326832
53364762
5434910
18097410
18162840
4824021
5565460
36010837
8120812
45662064
2390915
9234084
883560
883576
1744922
53138964
7187555
40516414
2985588
29389515
33260456
5697912
37908022
25445212
5427700
2783661
30552634
2830876
1414907
884094
39319254
9301973
25365805
6788445
46655391
22265290
43447946
29687730
5087444
212147
9724528
1884226
2786441
966859
883683
22610527
214096
216049
1055255
42076934
45222643
16670750
30167270
1528853
6143326
23628595
5776193
28132904
23630641
2713989
2906487
23800341
10049748
16947591
889722
28669607
49411310
376885
1221884
42505096
1055334
31171089
29398703
825694
178238
29717622
4344222
8897883
873197
23166476
11040991
7724108
213607
2227640
29219059
2208970
6036832
5715611
3299797
57637484
3391863
25432303
21599317
1659199
4407992
28106472
6575865
3847721
1044027
266611
3145455
1529781
22667431
10201642
45239565
266601
8564033
273712
47528829
266885
1386902
4698189
4385708
3167963
3053980
36931267
37035474
171526
422180
4266335
7325366
58953
4944809
971656
11513122
23616162
5214126
352711
8369300
34983797
2839
1331587
349735
16711283
21761927
3094621
312229
67088
145040
18969769
9804
1928465
4413754
16471126
1126641
7974982
1331789
24812601
20431
18021657
150159
1240666
3566883
424202
2715469
54016907
701100
1039777
55040125
14109338
23328807
28924919
9668147
762048
25157142
1013999
1466015
159956
45332
1036205
1462135
1811508
303067
588606
21561303
1739053
6888812
4270521
23014670
65776
14481970
627957
9953081
64333
7625061
367290
1416885
29664
26537644
46414597
1127107
3686788
3294759
10174
5170027
35475501
4563046
38579
436287
5993712
39993157
3437245
29857137
27372985
10897780
11373842
5556670
49090
2269821
33985665
31747442
43218
48209
2231930
624406
238680
155544
2305080
2131266
66570
580069
83909
238199
59881
17625628
43972
13893984
19851252
2393843
206064
262861
166404
133017
225617
439171
308803
4320083
23736226
516133
10050972
7414275
7931875
466164
303802
53031
7464700
6296376
1883477
11168946
174955
174396
53702
28329521
28048752
1362465
2490676
1382086
51331
1673288
21144218
174945
58648
6095269
59877
274025
174901
38869556
7001745
2481420
279624
13737856
7577556
6150170
145865
171541
171537
56003476
174386
42463558
199121
53068
19770252
50519584
24522
7003
68466
8599355
5777537
30783728
1531559
1117859
1346871
53057
8378107
1117869
1053995
390113
19111605
36782
62119
17780837
4185921
23293166
18340
21978406
23950557
1611766
312397
312383
312408
3059514
823302
1385393
1313004
24562
10063629
186028
921151
27575
20447574
59055658
56908849
27738233
17825553
50565707
47825086
24932989
43385931
2690471
7176679
794330
35458904
39186711
52416897
19176602
47319644
44317101
16569923
57090569
33153324
23208230
41221419
52505750
51123411
51611782
1365774
17178060
2484559
4570698
18134289
4564152
55283391
59070419
36025432
17740009
53614338
402170
63452
13619633
11338826
3044780
751106
403396
66414
24200321
44104564
9304783
48232088
3086406
36425928
5767980
48258936
1892526
12865108
463838
159513
4832828
12865068
54683549
52188012
40812823
1352020
4281425
22359135
15710171
17821743
43491
29613563
27988760
37519566
4997017
17667553
173889
51184343
1882363
7852383
43473290
26613882
1041023
54451950
17875510
39827738
174855
36797
1459075
548265
26274666
26667808
17404830
902940
510738
34546616
8562999
70401
423727
6507954
4153791
951105
40941387
2949345
2238325
29324870
23747263
34307401
245733
14082746
52687491
4488510
11319
1625306
725226
56976577
2536187
6308558
7973428
2579958
189429
34774421
3872553
5069503
18504221
5705
52973918
61345
5198024
24106558
1982545
58887918
1273107
32974036
33827596
41730066
54049566
54137111
2659806
44815546
12660556
41085587
28267409
42704558
855980
36951734
300543
15503838
50164239
26915
70543
21599341
2466610
41182878
4330353
18640324
4207801
28142506
4206403
56823600
827792
19344125
1022321
36496309
9912495
54345099
28982
2255858
34388536
5066368
26912942
14277527
57165508
53578608
41417189
11636453
23848777
1337152
393736
57091071
43808044
33404319
2060912
170333
37103476
27477807
25973177
9350286
1732234
42579971
2356036
16075754
2041141
577248
2211449
177456
31103500
188496
7517319
798571
405562
27577
31731737
30746
3224795
32617243
41087955
985619
690512
5003360
36122619
31485329
30577937
9394772
463112
4116
41499988
3634262
3783853
13803804
1846827
6672748
27566216
24044102
15841082
24701302
355240
958031
375416
4148868
31251910
13140252
5920634
42177771
20330321
26064582
8035060
25433344
32010112
7466964
24940440
33020981
30445334
47369663
30578763
44381774
83754
34518735
34351618
869876
8227721
52218453
22980399
43131303
20017656
423331
32873814
55735689
89587
6837117
15143713
15761387
16920
48883792
985963
53913187
28768148
42017954
18090043
31366108
994704
10266438
1674626
42397902
44216
4111503
35538957
31761672
31430040
1363296
346781
2990689
34534637
198608
22157068
49127301
30307873
46286632
17272739
596816
17144791
44903985
694147
233833
15583578
57104829
15448809
36307450
25169288
22307545
12404937
11890372
13526782
31424241
620083
24742187
32909000
201158
140586
6876579
24226726
27576
18033223
2113608
6500531
9564390
23006808
153208
23277896
11009430
32874332
32863360
30762208
14337857
37456405
35658939
11904309
27566118
18152904
473370
42176435
2113849
1134
175596
25351850
58840133
50217757
29900123
37264795
27222803
2599760
12836378
21447748
18654276
35201597
337526
1404417
20238890
43559056
58151566
22031754
1697378
1557623
41080854
50613744
15984410
47296524
7415870
346563
19892268
57740853
993971
2819542
30930441
8340340
9460402
163180
7806345
57590074
15232016
426205
53458550
6956596
38532142
400772
13984801
49769215
22222481
49396186
13708924
2521128
2521102
81884
507266
8320597
28521958
158826
154877
364478
27291253
44893854
42736145
15152001
58296164
2651748
3211
2637
19463014
227982
5398131
2389
36835
25929756
2065886
61275
1485104
41985381
13751165
30865678
3738572
1186904
185775
18492176
5321190
35017199
97914
1751466
22810768
6170575
258827
1678541
6905518
72489
340284
1633075
9730
1926015
13756871
682642
9778156
1206859
11774
30857461
51524515
2589751
2980233
7154495
47732
22712749
659899
4292841
19606838
14161546
13735033
47889207
1942466
168651
4527733
882729
40769990
3370232
49503
16761292
13251197
6535856
13126988
42285920
1609767
33904406
24761285
4692179
11248623
13744357
1911761
187360
39515134
39541969
7290120
31523953
22131699
6048617
23959374
2458954
52973193
21933
40476464
25110709
55502054
31279073
33787267
1313809
288050
36770702
31698140
2519203
3799749
42297996
19751325
34831297
23601227
32095347
14189709
24117996
19408628
28034
29427548
44592731
38991948
27083115
2002473
27752
7937743
25359516
411782
46431058
7989919
40313828
1183118
214513
30833420
26250710
8696119
71020
682635
12469994
3573117
72048
70847
3801543
4842312
42022855
3552700
29991406
29991636
29991422
24749553
2636426
29537
7224456
345803
23713231
47566602
386062
1676253
2370921
34524359
264765
8349656
5787655
30891242
11839180
48036893
35372106
31932415
31202547
36591692
32898703
48807280
14932159
25747726
722672
42401627
32955700
37564976
2072416
22576474
36231456
46549338
44204122
6439042
48629072
52425057
47442017
27879377
44807402
26525006
40073824
23276824
46672907
21131801
54234401
40429591
10061821
23276232
54010164
42652788
36057278
8593995
1784374
31193071
35021808
2017243
11999250
4760263
1021445
41904215
6157134
26562028
56354259
47290570
6639878
56136980
42193249
38029018
32851666
24823442
28169529
1835511
4564483
21145044
14099722
2574869
22879569
16780796
1506332
43515777
10983473
19695163
49984305
55322654
31339564
46726166
2272402
203104
14146903
28131241
4995
13298211
616415
645487
810090
623130
8818842
913985
87003
5012276
29150721
23029816
204899
1937921
20248259
6233035
305401
15779870
25686721
29203952
29356375
25100217
844184
20493
12631416
20091106
12756427
1116600
2252626
9538186
1375680
29001953
25698890
152659
28894
27760875
22785779
1490376
3613601
29201532
22620616
26985989
43835636
843744
2022334
55270456
33977191
51759942
1396301
34982130
31213588
54477337
51760202
34901337
17837035
1372732
17818125
46287345
9230761
54076901
23349899
11134605
19898809
17354792
573
28283580
4302198
58342164
31680261
3983508
7476822
34636170
3411345
1600670
6547859
27837389
1947455
433837
1018758
5460997
46322372
46807592
52473342
12567847
8551720
12063194
53477184
56226932
56226862
56226994
56226654
317467
27280889
54441937
31696709
5820809
2618785
13627129
283849
2951410
9584142
9082266
30872816
30544176
7476793
25367607
926011
35787295
434170
49972
56439198
9990022
43474598
7677486
7808882
439065
1158652
2410688
12178305
70963
3183076
37377896
14409038
5756554
3306369
3340637
4145906
25727150
1833615
42429011
59941
14271517
57632191
58371679
3032160
307366
23690843
1068478
1517834
6018334
10092550
13259181
6462018
245982
1888817
19265670
7534
263660
44158
461454
4864945
2053742
7783
2137836
202120
2137292
2684566
2726034
42884381
1082841
169552
2916607
230072
11062
10890
23690972
23586028
1839724
30047379
18009
3275310
14476384
19768186
415513
7786484
52160778
1063435
1982496
29970497
55121627
443415
2171486
33718154
1111581
17137358
7953419
460235
11443297
2918338
14467558
1962679
37892
30719
30400
3113840
421597
33931
149861
58748153
58775
2330
1123083
26174362
176053
21121933
202064
230428
49823773
8590426
28779877
48579
27418433
628536
40780
40781
19747410
1687038
54104058
30975689
2639407
11828715
54723517
3005139
49916168
55164426
40893
7985327
40894
234654
55976236
583405
3246393
27992054
39739
29054294
25124911
15783562
11184941
153783
3475463
4518269
4864009
1802672
1262398
1393819
4126880
51944
31555837
1001908
25371737
41031
679294
95646
8640320
41033577
172333
18618609
41052
37633249
36854472
26921073
11915015
8969039
1586159
16907616
1244292
43021100
1591728
6274233
17699209
1712895
263902
1118119
5081444
168244
4577289
518692
15719685
1983473
13131333
18427873
18346799
2529895
1427967
312008
799986
43540545
271143
8323351
1141
1812426
14582412
2942638
25249497
663580
41222
12778
681625
10106726
49298
31705824
28469244
3582572
30747791
2627738
11459267
3061815
1925184
43451826
913945
41409124
1103247
2449166
41256
28500068
41993
1847015
29094048
153911
371786
12604026
32185736
16565
22690948
31559837
23167524
20308233
33870431
42421874
30121934
42347710
2520153
44437774
7296395
9151868
878311
21547160
863741
40285325
9954641
6635218
32752045
47749212
37019597
58758855
4894561
38931518
32668725
826948
17370475
54932022
19127953
603273
12820028
46328808
18428013
29801958
170097
1553317
50014842
24806944
36842564
8178277
39359993
11708087
17569014
18200485
49917609
48702329
11988051
36229076
22124835
21838255
29388477
24057866
25474577
20293120
52122213
9248684
2219887
1060624
2892513
176351
49965903
17102438
41432
3581788
1261616
2704
5179603
6950643
4550521
628583
23596560
9483430
3720595
372619
18934015
3600345
26387535
2835083
4685590
20126062
56792828
1977279
7593055
21876751
4079673
3065940
48146804
16042775
30332230
48534266
33190076
8895763
41754243
23253
32756370
24021039
13305369
27813689
60885
1533196
25017774
23604
1412580
8002891
23535
355377
184904
2460242
28014495
4576775
24163057
55054778
39950774
30869356
865348
31986119
1519181
34427543
30841427
159069
3331228
49718
21265886
2782914
37855670
5893800
31082764
9586748
40975991
5031278
229160
5307853
658955
35183128
56584142
14576408
26469085
25367566
8454507
953397
549298
36837075
19269584
4088449
20926709
24947576
47029
3469897
25499938
234653
2591632
2612464
161306
31761639
3917132
10167815
8770538
2175518
19541286
19392692
19075439
32185800
26444049
4573752
41729
29329
1752832
29445859
214102
2551406
16148649
42037151
4393727
4653057
1672020
2208748
1398487
8736971
3401787
30868906
57305294
8219711
4577610
4088497
45278591
23003504
30860655
21474889
549742
15187217
4967845
1149826
1246346
953369
18787145
5424364
1484541
9151146
7066275
3854313
44363
15387298
4259939
31999898
24201403
24103289
3649656
604168
1253591
1573
1168
47929075
49330348
308
536739
5343250
36622468
48136851
38181597
30711608
431512
12963
172466
3909460
54507343
9362854
636139
575850
25525
69844
21737703
9553
50392359
19242322
38471828
54457001
20383996
13792
2473241
15868065
474321
14631
15736
602691
39530371
2679315
42269642
33658289
33657694
2493184
18248741
5300398
214866
35311454
16771955
2494131
51433973
27514222
37818828
31142818
19201878
1288229
6333063
21051118
40433876
177557
38678028
34383299
9004262
34871270
27866110
1015358
156996
14417429
223339
45399898
37740611
35554543
3697482
862898
296639
10188326
33429961
39998035
43284488
2881125
300753
13466165
39725742
8975479
863918
83071
217472
2770842
1219129
7190885
57388109
163103
11273068
37125418
1410580
26152150
30871418
14847900
7663658
2347520
31771913
758833
2065248
39725748
2687736
30034297
5378
873021
308764
42598658
26115282
4547355
1974091
19496765
14835428
6444774
41356490
1491324
59031440
59053661
58580570
58918789
47825138
58979992
58921101
59041122
30876758
28075670
3196275
29068262
48502612
5657695
58280642
16317
5753127
1411745
15454385
35276245
12538304
15844012
54111445
37105080
47017230
5668886
29319582
17739416
55679298
13566030
862710
2874850
48779361
15566007
18205351
58280352
53393959
15840962
6763735
14854597
56181508
33111502
55726465
7029107
46671358
13227849
28222222
4875266
11135789
34709979
2095363
6658294
15841739
19373062
400542
797707
7543359
53743998
12036146
23662086
3101059
743608
930267
2341759
1218539
1064047
621945
54802930
4481
13319664
3474697
4511369
12066794
14537457
46324921
58666651
25459327
27877848
21429159
14653448
3820851
41691948
58744608
51412448
72023
56087330
7869674
49957809
42604618
525926
2054011
19426806
43739988
43608439
1663816
25912181
1596467
54067801
477556
1183062
12984160
28196374
53726612
45252893
13343193
12978543
33851940
43490575
4286290
2229858
31196295
5301093
477549
477002
22980014
43858640
27756379
11201349
41444440
14579265
697484
18014454
14629
3186569
2635677
11064834
52747620
2889802
20808690
51128933
47824602
24743806
31457914
47971121
39205259
472866
25486564
38175597
11712962
20721218
13302381
47548422
46359840
2126411
43474682
69838
53424776
44497716
32800066
2913374
30408954
8583725
39983156
21344483
5178662
30471465
5456985
16145231
2598067
1337076
399596
12122458
56981107
58009847
51649411
8737577
13835636
41501238
53965823
19105306
20205548
50989747
51382351
41322236
39908986
50926289
7204032
58980298
44016952
12591990
37634454
53424044
12996805
19676887
49986831
29763909
54577445
39292597
7636217
16203914
4625028
5057555
22134171
34297996
14503014
17426098
5148232
58005876
2346300
5314068
58026100
11104074
19268573
14497653
18727798
11440965
1769811
48543805
50838248
51053792
12401060
47648296
52073646
25991150
20644288
15680196
8025600
50312945
56523662
16107919
53526055
47681901
54232691
15737517
31541848
32044632
47905331
45281500
42777238
31632397
34905254
43405
8586502
1526304
2164767
18902
14135848
510629
48661
1037556
2926724
6058086
2827625
15023291
45492749
46507539
47092471
57020969
58443485
22021287
362753
58069887
58142734
51138462
54058217
6354626
28370936
53762552
56795983
57696483
57667411
58080652
57965303
50038565
42154683
43145843
53321085
48393715
57995863
57426192
56950636
15286717
51024444
2245090
38501582
354070
2629141
57765453
53666751
49590909
56864579
57706422
48595884
58284456
57753288
56975567
59050674
48706788
40153962
57021154
701063
56804641
57013811
21635063
54438034
58466422
57806752
56615505
58351509
55582789
58005323
56939328
54607207
41435791
23739220
42456725
47480824
58044172
10276064
50628620
57830491
5930557
56760139
56598444
25844701
56198432
6156068
56661176
56156830
6824
57075585
34446021
56362097
1080548
57813648
331689
47953603
58111876
57814490
1972777
53727277
29871667
21224284
958509
50991742
51630875
58721433
342908
578673
57349
28629
54777118
13114237
4306736
49725679
49393112
647962
57852230
48666039
13206504
17521343
55228646
51098885
25842212
52397627
56423189
57242304
20258930
4414442
4780654
2208066
58084037
3493484
53786518
54177704
29481631
12911959
4816671
34113223
56516309
8557773
57550750
4756952
4306094
31329785
57807238
16081497
57254124
55592223
47888776
54186633
40161223
2110074
25517998
8370797
20065577
22640378
56240950
346896
55075082
2383871
6948407
13543277
24882534
20800638
53631046
12666778
6732326
18319136
42564011
18960922
58497153
39447416
43169442
2599187
12870634
31800185
4490554
2678365
3678414
3562081
26471190
27193284
27345600
1558020
4006412
47518866
32313179
681593
11270152
8271861
36473068
24064987
48894400
28306981
16269782
1801308
18899704
9044034
6536211
6572686
5207055
19535600
3793613
3745271
5577839
34585177
4583491
41133575
20409407
41132820
42563034
41132731
27106950
6098774
36121017
10021126
28203227
10347681
39227709
20351675
29244151
41585002
38808364
41337449
30429825
1661566
49594059
47459238
47910741
36815492
381782
3978983
4583557
24907827
9673616
13968939
52480271
21842199
21842531
2539154
34560068
908764
394780
40928146
39828207
42977486
4536630
3342537
28344538
37219580
54022970
34447124
7137420
1624638
26798826
57741272
1048909
34458189
1205299
263472
16823329
34494696
9517150
44586101
196372
56418106
52630840
11738155
34226513
40131213
6974837
39478785
33520809
46454639
7633054
19506355
35100531
2622712
32867182
3829034
47527969
2368279
3524523
1453546
43375904
57526209
56637979
381219
50847268
56504720
56784475
41201395
11253805
39740560
2240494
35019188
57478939
2240467
15667702
54605715
54605709
2241822
29391159
26112299
50508771
7392532
46988816
38617311
33510652
48294469
56523545
24029666
50412163
45345040
6971733
58554629
55204913
58632640
48306484
40626674
43959571
43017814
57868390
57848608
39168178
41116042
56148659
28462966
30871775
56504013
8051999
57978854
48311903
22773013
16927210
48799322
55286039
3578992
39282948
57241949
51549933
32601452
34303509
55207151
55213488
49738760
58346527
48598824
56005999
48322065
29410674
48305383
48323528
34602579
40357990
45239300
34330709
45436748
52986903
57712174
17411241
251456
373118
100091
25657622
2459055
1860654
7090865
17410548
54020412
58259044
158172
4139340
10385633
43045
2066927
44743174
3969968
5597919
7265719
15642232
16879087
495732
57268137
7828347
24040917
2893236
2606860
29272654
30428341
28658679
35011217
21368780
394572
782302
10236735
39369653
4937124
33876461
46502516
19947750
24207795
34757923
23151073
37004273
495454
4007751
206795
631671
6005518
40379780
44810542
2927722
52656779
22912834
3469926
21421387
21820838
43602719
43332292
10426660
36591844
20407880
9989464
30863905
42320214
2795744
22132565
237721
23101990
39042932
4660524
1612994
13809854
8390630
56051175
22812784
10511470
24731064
9173111
21323317
14941363
28898035
15725210
57686971
50880883
20741711
39737946
20137445
38064505
35955099
54747853
52169921
3118138
5477631
3101183
47641071
2870708
38407748
2694936
32190088
41116110
27142566
40789564
8976994
18595591
16792272
18300036
58615253
13238669
10800745
2769656
10187733
50018085
30543242
1495629
876358
2341527
49590286
18424449
1858976
14869
38838781
1568613
54072897
43147234
43675194
10958224
8420814
7365962
23705312
8664967
14868
30357324
1264207
2734365
41650618
39169355
12599355
43920749
2393428
5737502
23782531
28377553
28222511
10594723
58832020
43909471
56732133
6038312
18226044
7856944
42621590
39647494
5835715
16940977
34597671
24675130
24952073
1597220
5835763
28040817
4132583
5559816
908261
17539307
30188621
17639914
32788867
39155654
7487143
1738319
48683695
18470213
45663791
6982876
21989140
53384839
3516748
1121041
10766750
4991160
1117093
33072433
14870
580815
1117070
30242355
44042166
2658973
40397328
1955923
20234154
13943035
317304
6704202
5649484
33746146
5392444
24860133
417126
25677465
32387786
18168344
39863548
52387920
57517295
2211256
21786641
8838251
14659398
13322391
549356
38871759
35210355
42031618
5670213
33584
707806
23414619
38887194
838016
30805061
2598134
830651
49130214
415929
48838467
7991854
2598108
2271813
636280
37635
277573
1819946
46303955
2563801
816406
475425
53177296
9801143
17248833
623243
10592251
12682883
5772843
52638047
40748267
40519627
53623399
18622733
5924260
27254400
1256327
21205531
49607455
57664986
44406607
51982853
47203681
53247133
27237768
6494264
43127500
50564835
53083326
20785778
56835749
47074486
39241111
52252646
18665029
327801
40679416
50093614
54578929
11142047
387904
48440127
532208
41190833
23443825
20368427
1886355
18949437
57217524
30950706
8736919
4778898
18344001
57495119
21739376
56382262
51689971
42247367
3774655
1068174
23712727
21772551
45456991
29900112
4345305
12442058
28700263
3195316
4627768
44438811
30173645
44438883
44438723
44438822
42550070
44438903
16176216
44438923
44438966
30435834
31686048
36532785
19679083
37713215
52869832
25479804
46606974
39985182
21311067
26920506
22226078
21316814
54028064
27428127
9267027
31235409
31572796
6134289
42425338
16402593
32623616
691486
45151422
36174793
42891849
7433852
3587944
21106773
12753895
28291057
24771127
12310747
39746652
55911571
11883444
3153731
15766725
41281983
57231605
55831906
11139657
58585886
12182603
19991024
58353235
28100194
54408027
27888401
11842860
27704981
5437359
14800487
49910299
54051364
54080922
22781764
243062
8825185
5033792
2175893
20937625
30109968
29110711
533235
5941352
9226972
7444997
2156689
1799104
33685698
1964597
692731
14902308
32234869
32744656
5481051
49864220
9858698
8390635
12744809
13941709
12047145
14854540
11555214
2377830
45575339
23930072
58318372
26790339
26902068
14260233
4457515
45619048
600782
47565654
57387353
17383315
4478605
43699289
36607703
24190958
2891761
9673027
29549602
42310157
31831999
44472774
53206138
7776394
7778265
19716830
3115609
7306686
7994349
66722
4576465
53258862
8635249
5409432
88003
1586039
20426
372608
51678457
594964
536188
7055324
449743
206555
207874
453036
277664
33149795
6109333
3522161
184495
56312430
42739
37970127
4024
5129726
7807
191282
3697368
26834979
2262154
55742877
52303418
32236479
357190
164610
103194
53646845
1852572
55199
440959
5389553
19570879
33316231
226187
5764764
1494813
44120129
3601462
401062
184101
3173180
42752
614763
27656682
448321
218320
44078902
427992
1945275
31040618
3281166
1419
23096495
28949720
164572
10356
981153
10201
28197922
4752147
42928707
42997120
375900
414765
414736
409951
4151504
582702
416681
285534
285522
32495538
52159000
7839
19604228
8651
1390283
56120104
2202381
40408388
11579
180236
55749630
48217770
19091272
6513985
22486
19334239
99293
474589
33549502
1211349
36136905
19349161
380890
9261359
506330
21681084
27088586
24107400
181334
22935957
669942
1950766
15491
7767038
53210461
24337776
24337771
363890
24337758
24337712
6115
10323007
3000842
43934137
174108
3949019
2397539
55828944
57169339
11831990
11301521
7365468
151452
2334769
18308428
21261359
2297820
48707305
321895
748517
11508286
1116842
5943744
43542926
53551948
1666249
10456890
1278374
148594
91127
2502261
3821872
19474055
35633206
2771364
507553
30556829
3133115
32010162
1695214
381750
14556621
27631070
691927
739166
18677709
11391440
898354
5785677
52153555
2620450
1465085
12154411
1358112
33986587
52202
26185707
35695532
51264147
18908
27599234
30774748
11413257
6013654
8509589
52498587
424723
23670
812561
7493205
12437622
321913
323689
9914115
321963
169570
57577573
8294746
16911683
22965231
16073214
41997
323651
34022102
323631
29426653
321962
2393975
3480707
28253247
48400112
2889
1317
194422
462396
2223114
954231
954234
255217
25137682
1118171
5886692
1234368
23724785
845737
8111079
885054
697155
101336
639778
31146000
2841557
44065248
175470
44982654
38743125
21591425
878855
17749634
4043742
51320802
36313540
1919367
25336
203200
20646400
20647505
986029
26884
30669
776713
44788382
680115
7873488
17818143
11286
2872862
25572145
22812932
2310721
812095
2561278
2405980
24435552
41822425
8309
57628
40956516
57764472
1497502
22234540
53638298
422079
300181
5516086
423021
4373278
230566
37074740
43590814
1427184
25891135
52764668
5232431
11137542
986468
37354852
11192902
419509
17382713
3777541
5154570
38911962
41855047
41697432
313864
5010020
8481795
32071271
1294079
3195236
32127814
4053473
19148025
354009
33081944
7375491
307502
191325
7571231
5359467
1905040
7417294
239320
2423200
27174257
2117374
1379331
3872122
875657
2584909
23581756
692808
13395101
46532003
31466668
251821
3871415
332100
31757309
80249
31916740
1490636
23383834
31923511
748853
37896642
2026389
380260
505366
49717766
5265794
250401
9738942
28426753
2452445
3880050
5636221
6300136
1853535
23085408
477815
7652001
10886497
1757715
41576979
465426
9730490
50021573
2049932
2296754
1477153
31160017
12083411
1262277
22925800
46955363
28392892
12840429
42402138
7921689
4923882
2173228
7649046
428952
1390457
6617256
4852080
72705
10350990
5467262
6429380
29163913
2165599
37412159
33575421
512280
468458
1394108
50050
1296388
6921205
2637385
2048173
1659131
57174311
137788
45151723
31926269
2211034
12029692
1619859
9722632
24214715
82226
12116644
29489695
6426450
4515441
8573787
18563933
1000143
6312142
32085048
5208672
167622
896750
3740942
8523473
11569981
51415052
11185654
7382910
38862610
50559325
876797
159669
56239565
584987
186462
39870
160338
1562256
25734312
5214249
52730779
4669944
57701740
14308007
39465080
521177
3023772
608115
31156672
52011926
32176550
159668
34411
2426283
7738
36175122
18351330
15611308
20082456
7656679
10168920
41893975
14526330
18351560
1771573
18353193
18304987
18353628
18007974
27661897
24693288
20602027
17544371
41684442
16953406
1799403
56472647
9994382
849641
26410
5320045
56241044
3086671
38388438
24142626
33401389
3086730
3013006
48419906
700568
50248019
4318189
1260546
10928847
1450561
18905179
8964595
55014773
2281347
57115
48035153
6929187
301899
31252931
4009
57533751
10659334
2328673
44136633
28064311
21255927
29356
1636081
41693107
23229685
1611700
7241062
25000620
57393000
29659855
13744068
7066264
35368661
30944384
43841796
194858
7252743
28020163
50136958
33574968
441545
2605527
53339303
40880596
334096
7176494
7205669
50130945
7252237
1949268
38925838
409394
7193551
16995
14901686
95601
10607472
4953258
261596
7266679
1150710
5546586
54438256
49233671
57484903
12238644
514937
38773637
649042
36594129
1115289
47105670
1030561
12724814
7091330
4396231
57559886
3049561
12814176
3252
31074682
3918214
24179993
2796637
136117
784032
912558
57592732
36317063
851386
45637363
24468817
48792861
41924713
14632368
17196901
12993825
57670566
12155777
212698
10426244
22393240
41218633
25917447
39398114
41588738
26875658
41779862
31066197
19990546
11665493
13912
1673820
20551578
10393
3231525
34393460
551482
7972537
24600078
8301452
183938
225009
26012291
14702448
1659919
53353206
1072256
49204717
25825680
5050985
36462615
5835531
18149277
3587535
41775990
55621867
44809025
497481
42756000
57061912
39801627
837251
34447223
5461643
16562840
49602019
15532885
23964476
1814700
573880
4046924
3142937
10116074
12010723
30731
11821707
2418461
1937408
4279853
17991362
24255766
11786772
3952184
45672594
3004703
4998005
12202907
30228800
4462942
176420
4492813
201359
50124453
383208
252251
51881911
614516
1272552
57971639
52268359
8573918
198661
16606056
6642764
10992052
15783028
12066867
27633997
52459
4649794
670655
3982113
1227453
43512537
3504654
11087871
454155
544333
8135780
2493527
23968101
8851246
198336
14131988
7785210
105224
1839420
24490
6525262
4208265
56102427
5628709
170362
3453725
26657965
36152709
23441791
28765210
7199040
435023
41060001
36990744
49934591
572396
36716017
10232263
643859
622041
15934453
7417747
317579
469303
19008500
2626523
1099395
53066655
6219842
43627926
36989175
44223777
28702523
34457528
21517214
45067131
15581744
2175765
23436283
344660
794881
8423377
28122
1074101
12363457
2202274
57688660
21411121
55360808
2964268
42734
2823960
1106435
36831055
23436273
393650
12458020
2396555
29856330
37092860
22037
24933
4290903
38338998
32131559
47695603
11709
3990062
4420535
21538638
1836629
6767775
561531
188656
538206
4042609
52620611
508141
8197701
566081
1293
75917
4005555
49209954
3964699
2167496
4899945
10081283
594865
50413384
4778690
13470131
9869126
2945096
37348967
22701414
19393288
4253757
49949025
984020
53205255
24522128
299145
520298
31613712
16077
8625974
5453152
38846481
3943030
28409956
1941703
1081291
1649850
22964649
693020
22500506
22500560
41006917
1730112
22488521
700807
58709507
31018614
37441088
1828137
31891830
255090
7613621
57781546
5757194
31277
364090
48603973
45146618
1052980
145048
7518888
9282112
598325
1564246
2009840
2019699
923594
1610350
1608625
1274012
2298521
1597970
177650
9080089
2402314
13714752
6007567
2877353
141013
2315046
718120
4145337
9668
9049681
11871524
677457
297797
45114008
13643527
37440011
26926596
36103448
2791265
866522
26494
55198274
16262543
3029
26126730
6868167
23166375
29341227
1311095
5567144
7103241
774449
385897
10063148
6190973
3117295
1886914
44952055
4159322
32173362
20896480
25771259
1723628
869600
13925120
1631652
4159614
6588698
2206977
26927716
24352785
44409213
771182
982090
432214
10451645
9780169
5507751
26941219
26941214
681316
6133800
42958234
8445905
4423828
16253
1603702
47859995
35020078
2571196
2563785
19257778
26926968
33132
19622050
1112969
38815153
51279466
6177423
43499867
2511619
2403705
15988726
16289
2563997
5993789
2379013
57339401
41680432
960455
265799
7562910
1544374
18259632
811889
11023735
2353513
4439660
10621814
2782304
92731
4631119
3767915
2910914
2033116
3705012
38802935
4661611
743093
10972528
1054714
17093040
15459859
2107305
11181147
7952204
4665174
2808866
3686710
1276423
5480428
2269771
4826098
1277764
1102682
4430286
48397700
9923096
10540900
2912655
4842045
7806787
11222782
4809800
2182983
1641647
4842954
2214780
3038893
546439
2293458
7562491
16365203
2160292
5434223
46634
146062
1397857
3184440
30217390
26335002
3065103
57683021
2034065
27294113
11458120
53729932
142395
27668418
31075772
390906
31814
10445372
45544900
9202061
56065968
36235619
348630
56432778
56066634
4323846
21194650
48610439
4894070
29330042
824271
1969353
1301974
2941302
39424615
44746412
23380333
98176
41757248
6907
14961062
2321181
1928686
57904529
82550
92751
2599262
39194710
1208353
2347090
3166033
1062901
6064125
18906517
1027046
21492878
92792
28297
1638128
395965
9269802
19815598
20782290
20120882
3132996
922164
149170
44349608
45687070
53206947
1270090
30873725
18947899
10918960
35817324
48205088
45689615
270925
31070516
26699757
58493527
53626941
1825322
41372282
38522836
2307679
25542987
1265342
26210476
13517224
614484
4083089
9177274
46836148
1043494
41723229
2138561
26690992
227107
15201
4598933
2312628
23035356
1486259
7419828
3124327
46364209
15847827
10231109
9027805
48168923
376749
239953
3133616
33545656
34912694
33982507
4790944
13527705
24535515
37328605
2341066
772062
180337
3616604
31230550
21490880
5652788
8695783
545577
300215
34652655
21038923
35139541
66167
19233383
1529514
1235779
