247808
250641
7309892
18933569
3405279
182010
7309386
49111510
24653263
5465644
36213146
10722339
43690235
1223245
576303
20756799
44342893
5630036
18160285
816023
33644123
9672320
57477564
23943140
2407654
18934863
53723
465657
44552311
33426856
37964116
47419107
641510
33894217
20227676
316607
33487458
5446251
1991624
25309644
35777662
18708695
9863960
14774
495664
6214103
17878314
30871230
1137868
234930
57546232
14725773
23158867
32582348
9527250
1955471
31066257
41358634
17727
33628520
10542869
9259201
429260
5744622
36948506
52506106
33427384
32613583
44728770
59025508
5008537
465953
33545656
1987738
29303867
39925767
38271802
33792090
1772685
247585
28909446
53558327
7123581
10370512
55656407
172828
51365829
3616604
665882
2636884
2112164
1827449
51293440
25445630
17937670
1159051
2950949
47935866
16249638
8403499
12218183
38271554
7898743
8781924
3036868
14391460
16488903
578673
12324081
29172924
35668840
11772782
15625918
33657826
12138890
38188634
39908858
9485491
13818276
18055992
39348172
16702334
2361111
639170
29391159
8742
10403542
17209584
2455247
2170113
3860483
1591526
24029666
545760
11903407
21561380
36865619
41340805
36244509
28969195
8254740
1156682
2842268
1275862
23292269
17122776
43853614
24758467
3124337
5730687
56030641
30861449
17775284
28169960
5921070
83306
905790
17821860
46456424
26442046
40119371
9396111
288400
48000439
54001388
17775858
37879257
5498756
46456700
39361168
33092988
2279486
14632598
630804
28502793
4999945
6229214
20179171
42890663
42235116
34037172
35952110
17226975
37978585
31709197
5122880
21493959
2009521
3358575
5585683
5585715
44000453
23610032
2214632
29836013
21503912
727334
8630194
14210131
31181762
883885
25592456
38136532
9534603
15775114
14137809
21812232
29558063
16281733
56873958
22425731
5585532
1641287
6711184
1114538
36230499
36191672
1085011
36201280
190988
52684625
48859841
52673644
4371098
1019285
3247362
3453719
23428808
50750152
10415261
22279147
24736541
44851909
37093032
37267823
43345489
37121379
37541655
26877005
583621
35087377
97585
529669
6212202
8077495
53031111
29302533
609066
10179938
85264
23576344
7764309
599456
10168816
51321621
43394350
2679476
52661784
190975
3270420
12438526
11545876
1128564
17172887
42436774
9395552
34248904
6114207
52674088
33447383
40554421
330432
1448495
8508674
2936723
31423875
27460908
1481306
7704651
47700434
4972564
33287311
3616748
16017237
2372658
155023
5348279
30969222
7217838
1072379
37166084
21654229
3410605
36281866
48788125
2465964
3270024
33546837
52048718
24960500
8199240
62119
1235972
36294615
423362
52768429
34351545
38541031
35965479
34475131
41893440
43058880
9742
1283229
18813809
41518696
9137495
1313004
1234272
1235963
52600012
768770
43218
1057733
18952087
190871
18328
2235747
35240537
50231576
5465589
1417231
46474403
1406260
17952329
37785632
21157258
15928428
33825345
4842
6865721
49726563
3388492
3047884
3185540
1411416
5625552
32605213
6888
1850719
9536083
1052701
28054386
7515
8699
43045936
3311399
31332189
51459657
43004238
796657
19261726
20510323
7749021
3097595
40564819
41456558
58342337
8311927
22992603
14499993
166178
47525166
35566739
36346611
51260572
621163
18852926
23962884
28389679
13302227
6978390
45544700
41304482
967604
51386599
1491462
2583545
5418449
30468637
51907322
43002479
1076794
18933632
25686979
6712013
38853982
33724912
40394645
20797
39048902
23327774
15496956
4165078
3769893
52316503
17618735
15343629
2471086
3447357
58877133
4768400
25464184
19391789
27847641
4506261
46893841
56715167
22481223
17474607
46861980
42897194
18048026
582311
22257394
32957522
1754820
13406419
34821434
30887890
28054393
42925315
42127015
33551951
11004277
13315090
6890356
19988207
39336831
34330145
51286237
32129
25175562
1339871
21179678
4859854
21545370
47874418
36840952
414975
47117498
34317004
26790289
9939677
24496351
253284
25088023
25875516
32483430
26212134
5857847
25480830
1218938
3163391
2853258
5167211
50148381
50244482
23882737
3174485
51568951
29202820
1089133
45623056
20025704
9790868
42284010
7976304
9624728
5172349
23251552
9815406
13618572
51400301
3196013
35474121
40211245
8912106
50491061
36247316
24595822
3190097
22411575
19973255
43997189
22447557
1308395
24485224
22061351
28204669
14092434
38353346
33516090
26964279
422994
332112
41200326
1631324
14652593
13668385
30626395
41908
5878395
4980989
2198949
23548319
2956374
37018260
41872647
50226657
7602386
18125826
13200719
284170
14034408
7600615
25169868
33914
14541032
14919
4072640
34118056
43099481
249634
40741545
9119956
48676234
50636022
48411172
32640717
57366737
37354201
47813739
24938530
2241583
36209411
53904901
47674338
51532642
50110443
51935309
57384106
41225236
57377659
4250405
59028630
58143414
57440684
57566274
58217402
59028706
51293549
53922028
11836816
33898982
39971814
42662957
21235974
22991885
491690
3055847
24555034
23346144
7602370
589443
41961645
83622
38443721
24786035
1938
710757
39978333
14790137
40790874
7567200
48667263
20557326
2702391
36192674
4338200
2137372
1905562
52149662
5869578
3057548
485258
9550845
5894888
47779402
1696654
9147956
41884816
21613214
43005275
827571
42096663
18419258
316603
42111721
19457579
14739785
280761
2983517
4629929
10092617
23229294
16380678
10018490
158949
1678664
8272354
40829883
1839919
8549696
9511131
15187904
24122995
54525853
11679404
14466099
21042170
241073
23971427
4538455
10992451
5795167
16422980
3011287
43724626
13636115
53693942
1633265
7491858
14102556
28494718
4712996
11546927
34883076
4540168
58154213
9167222
16966484
7968771
33653990
33494733
53436996
53331688
8457942
55782958
28909474
50217605
57551026
7543237
56591156
36704734
18430
6820435
1906203
19810688
36401520
52141053
6820331
39003363
48947267
9444524
40107651
25713415
44049750
33494433
39265107
53034636
30743256
56844896
3016963
6056860
24530285
58630054
36567328
29026933
34276342
26025104
53727572
30656900
22985207
30808428
24542835
28962814
24879124
24541293
28969974
50574179
48649721
22864843
50585357
52591966
2888285
30788191
40804845
5510258
32461234
18717507
22988454
17198224
29007540
28192799
6212365
31555118
2843041
6363618
17465014
14877138
38341050
33712368
24658682
3350246
18465983
5275250
557260
9633913
18836975
10735056
15135975
33097721
41773621
42381912
42491910
9460850
4289261
25228238
11700242
10983772
42878233
42604465
8420434
19796251
33702231
45626548
26788410
37373840
53906118
30512746
14663589
7737649
19157
2146454
14459439
42520317
41131841
11587090
23989732
14631872
16986816
2167643
14664808
6060971
33869401
22543346
32273782
27161
29222797
7147336
22303707
1237540
1209996
18915928
57868857
34132755
43134310
2624548
20110874
14529897
624684
9721437
54083241
46902218
1833848
1902180
20819040
15293025
5928902
24673687
17892
5550409
47089125
3423601
1707086
26681002
3546462
2152365
7419971
46273664
16879693
1005923
18143904
14567369
26400029
10132819
14889055
33438332
11716813
442688
487529
13359015
23499848
8679999
18901631
33378197
10728448
3710526
49970655
18223914
9996437
34730395
12171519
54863661
24485111
38879789
4927172
55682972
55014229
54920088
52660616
27824523
157989
45619110
55718062
25122732
5132180
55526631
43951744
36608404
52051252
33650171
40241083
25714369
27335569
52704831
31985277
52711595
52712940
52712641
52711934
52711681
32925793
53014429
22315628
12361678
39843669
1930777
30469250
52711880
13950902
47607108
26479588
50777812
32925813
37598407
39069513
10193259
1626752
21380531
49622647
32881139
9726529
44149694
13648930
30034298
38937834
18903376
18661679
50539530
25857589
8889252
12352699
11795801
23245196
7042483
27957349
36065619
54966209
1089139
42112942
44047113
53570093
5947967
53570368
10380011
42209975
17754274
18313576
52908568
46926920
38670128
39467610
27965054
7428842
11344009
2808286
14318315
32787315
32881591
35260565
56499662
50346330
49293752
29458575
5116432
22217253
7142890
5556287
14363796
13517224
9045141
4301353
52797951
13362980
30852213
37533204
37357329
43996120
43281416
49412192
35647968
14304512
43766722
7240070
9007683
2080317
11650157
26422316
44139871
7023681
11795555
27750356
52353910
32462137
52051557
41816887
53680795
23245635
55789686
31499649
14348202
10115171
12287517
27150250
6837117
1799683
35923239
40400358
24090882
27811949
44191914
6144431
39175476
29566418
37979711
30607951
25326895
33783205
8077969
18549184
39935356
15161657
31031859
43158952
42937523
52699465
27620571
19443627
51861894
32851491
13392418
31327676
34157337
32400212
21123276
28116146
57175641
40334445
21482937
40016907
30927838
31037691
12748623
30101491
37872654
17706537
42241781
6874400
55136872
5716344
39274843
39412411
41265405
49070226
32447883
31584344
31388841
34725504
43773104
15982641
49796443
8166064
57899602
23642000
10433950
47075009
13833077
14513621
12872491
23277783
1953574
25523474
14513691
5649648
15982608
12872298
12361686
12361695
15982617
37319880
14513585
10460054
32378241
6722655
17129120
6819347
27579564
56640960
15982623
17672969
58471581
3927303
52031685
44598935
44778673
404540
25111989
13866457
12205236
24084402
10512050
9372290
53742851
33545180
55910824
8491862
25525828
5673297
56657413
35138875
23533455
36920366
4885151
10510074
35168650
53681922
7627526
13354146
6470574
50236730
608925
11378160
23242232
47373225
25983098
4407041
7152054
24653467
25790112
7142371
28210944
27688364
56736143
57906644
50621652
9391595
49170368
394878
39282803
654006
23057515
49043485
11163955
7419817
23173186
36290858
50809900
43281418
19693319
23193684
13745907
47782785
43281385
40316063
20563274
53761705
37357470
58538712
43106524
15858089
13645056
8960889
6273573
30528811
57923123
51785530
53990144
12182603
30730101
5581547
43647553
41703563
8406461
37356959
40157977
33701838
14654255
23173628
23193496
23193360
15724556
2375827
13746546
50579833
48395056
43281424
34020571
19910086
45619217
13110125
26047863
25728565
7513829
9821273
5032887
10247717
30645648
37822128
727115
45380963
54442418
37733861
455347
36986132
4561535
5873483
19015436
32846066
43667391
47431299
12168462
2902947
24991779
6054434
7142591
40647033
28058999
42899133
33603276
15546007
20409536
23181840
57371961
50909762
9674870
22266735
12100747
7637374
486259
7142855
7266597
44675477
19742816
23181448
316723
25351850
58840133
54603387
54213814
55002181
48205088
57141754
5067265
56945455
50610494
990224
43565007
43950188
52484639
47550062
2393289
51022234
44673036
8235415
4265866
36518920
4170455
11195385
29410674
58673182
1404387
49615253
50233743
51021710
2588620
23454460
27038201
14664887
30102355
6630735
8191076
47192473
22087750
934683
10161835
386407
26623468
34588142
28244538
51240181
21177003
20304405
31221319
31998138
51022298
51245385
10022970
16092632
23956599
47522673
53653327
45232989
52771787
53984766
53537897
6014932
27437313
51239848
3442409
1272420
1845300
1813417
24030866
573752
24029782
852020
670497
44823474
1050798
439613
24029908
20557129
158945
1274640
24030426
1830038
300215
291336
4096535
149354
22326312
33656853
12324418
42264629
56463048
33756037
33237904
5204518
18761480
16946721
31371518
1464076
1159513
53479461
18025074
50285983
2948381
23005120
32723423
25040181
10298070
54894103
18351464
13432082
38982174
2937111
51578025
35712222
31383175
50952451
2605930
47341258
1609808
35458904
54767773
41731546
183503
2221235
33949679
10755909
33636832
161228
1331441
8099232
164430
8643269
24955215
580067
18239398
21518183
44689684
1448049
24940440
739147
4881262
1025538
4687483
1913728
10258662
26777830
47908879
4997017
1487249
6220069
47158595
52799458
23997153
26965483
18985062
8431748
10956960
185945
7154152
4168072
1846990
445218
1939715
33781894
3341783
1752647
20754461
21338685
9332933
9586885
2174928
748800
509649
32876640
22713707
644528
26281562
31164029
48057595
8548169
4724116
48788602
18006982
33488832
33936876
33936753
26825191
12795695
27209853
26146516
270468
20636
994704
12172847
17140101
31068176
1476466
39827738
19983742
49681
4696039
20400528
16743556
33079593
48773241
37202080
33497008
24895312
283329
23872172
14343887
11613197
177891
15364809
5563106
793548
39585214
47529033
31963682
16413465
46989291
31342356
406618
33615890
7233280
21880366
55646581
27812744
37483572
31377324
4525101
30671765
45668446
2994579
30334
45635
1331806
36287550
45248229
3200382
30882680
9686678
405742
19090397
703145
54316160
33378438
1512628
5505572
39723804
42631754
49364674
50645340
45587081
57798242
57494138
37755134
1821883
2160897
17710903
1442963
243345
46289972
9742475
15386341
18679821
53653891
47862233
11691605
9255389
55782552
7851087
240966
34581443
946273
4089139
12297557
261099
17335075
10124637
13560840
475580
19890080
52979687
7577520
2520703
21212370
56605548
13305928
18622831
3606871
1459678
51218419
17966035
295743
20570046
30932076
20820076
44751384
2826975
18063848
57494451
3285045
2987552
34790408
880278
1249503
11214846
6072431
461325
46705501
22517084
18874678
3971669
25782765
36263364
2222186
31202352
35555907
40629226
40739436
38818825
57946294
5681427
1379142
24993036
36254120
27078669
19873016
1170871
51170579
48771569
1933414
23538754
27732344
24304490
6391011
371033
9385724
44236908
14863655
36550484
37440717
40468411
1462074
38546315
14897255
41382091
48904903
48905067
38546320
56158440
38333937
30862801
39500303
56759322
25231377
24004338
26261614
18848250
97080
32624821
4496418
45224580
50166081
52095135
8731851
35939847
162270
29951266
51140727
22304380
38552027
181547
31420051
27333253
52186356
58369491
7572478
31949655
25222195
43457506
8224244
32467920
36557041
51192474
1582515
7815407
56153657
47644936
46471566
33309779
30436095
54270682
23928799
24714940
24714469
14159449
18696391
39745359
20976469
24840271
5961110
3512414
486527
13595906
38802902
44633637
37514107
50624065
11253805
2335158
33502745
38191842
5244061
7676662
1177498
13249020
30773056
33568149
24169901
24597850
24170060
28051585
46862330
16943452
9128182
32178622
50375706
53370344
28077130
57298042
22860304
585185
58177742
50700186
47180611
7872091
13345289
40943159
19793189
3446851
240766
905735
49295099
14161674
13958910
1868124
354128
31253236
47885245
38260358
18579320
25561744
55739244
24379735
1958099
11038274
30699077
27749268
27884730
27895488
46755940
9162441
2780837
9384649
9186789
18486696
8736654
25561659
24878047
29013335
20408586
42229472
1520204
12674753
29229494
3302770
16378988
25520470
7494550
13466750
27562810
33514573
35105625
7560994
53708683
35717280
28534669
14346931
24538831
29708003
33603700
437476
24783829
48306484
26445743
44825829
220183
9856472
20378765
20378037
32686306
634370
39957824
5032506
27419564
27789063
2580683
240749
12040494
25047832
38232442
9633161
12732613
5871562
224290
15766725
40679640
48024366
7132153
6885104
24810701
56821883
19633505
25208638
32842866
29888034
22872337
33304314
12582636
30920903
21818190
2476424
24670037
24578245
5652303
993223
4601033
503009
2775325
23559523
40868610
44508064
3129149
29914012
54091180
13916061
41473544
4510365
4510308
11998141
25590131
2700998
2875100
54718162
32384383
29264431
23390052
28010203
3781784
46180241
3270226
40013560
31395019
12730454
27642864
20303758
27011702
11089347
23885664
35925010
27776100
4911401
13227429
18633554
1701961
10395490
33568840
37153936
53460439
239392
19928506
6664689
27205653
18950584
30008379
54525278
4310897
53847
7835980
27067225
28190241
34138
454843
9922495
16110281
8772950
40594776
12124323
14327053
52119222
30722781
58962672
5195207
11572591
19652122
46394359
15495925
31277618
2435986
27388002
38077699
2769349
7839351
16770547
37789074
17564505
20540932
54056663
7887962
23944214
1592240
31737665
26119023
1602302
4193686
36923614
31485388
13779717
1591936
52462543
24182492
22716626
287736
42471186
19167
7341954
37401164
2786100
7040107
24566
12242493
43851107
38592442
55775678
22329043
34375832
28935347
3209321
41400146
47480354
33029603
22641287
9905395
3604693
57928593
1036865
10416781
44059767
24429136
2209985
47141591
49394017
28850115
35108736
6852678
48598824
40601299
6853403
42760741
22452232
19623865
40313118
246441
2607726
15504847
14911986
9422017
44596688
24583947
28112886
7148891
46744050
9415676
3234637
993263
15151108
53827220
40936675
5811981
37936564
5814130
22160465
3651206
9298751
6261428
54014236
2809182
662493
5790864
21778574
56954753
852519
44767829
22793868
13803658
34368114
24009711
12506159
26330445
49076460
2329418
43734695
48385393
9886768
9968400
5921813
5586216
2187401
422489
28373229
53688299
5655941
24856552
50625784
297129
8498535
31265162
7453526
56054469
27651600
39394619
43720216
36805858
1247746
2908724
21088122
24579861
35030469
33870285
54603039
17846839
40937233
2021041
48698276
51379526
39678226
51812565
2439794
38011276
2302018
192728
40567377
53873513
13670738
44278004
47987622
43540045
23887613
1848011
1266596
18327
10632883
10632884
10632881
10632879
10632687
10632686
10632814
10632800
10632769
10632766
10632848
10632763
10632743
10632876
10632719
10632698
10632699
10632696
10632692
10632690
10632688
7536329
12331293
22394192
18367864
6250214
11110375
15469069
4710872
2780801
37185880
1031215
1031239
1031462
22685026
10780895
22685047
28232
3609705
392196
43475307
27236476
7082456
37673979
4199
4472896
182353
634264
15177417
13937760
47395083
38803155
972123
4391463
37329387
13873331
11129
13853908
1254520
28053989
6609522
24313840
231846
54190170
25341098
35141200
22452135
529388
20608
20125332
1254543
56590
4672694
21751752
1029071
3288669
42725214
26629651
40043925
37196948
21257046
21403490
39376191
13873010
21248451
36339709
30097153
265783
20319365
20266482
17365658
37309736
22660289
9830661
3894457
11206749
1450586
38671953
13398969
26190573
30544393
10971459
5121502
8788017
611798
28489015
1224330
1836814
9862217
47316331
29034755
50788743
18451951
28703214
52803598
6427769
36339915
3270588
1088005
11195399
48719109
7222089
416783
5009422
45303194
36856863
18322439
40912394
32788167
33920025
43374745
26199172
35792328
49536303
21720503
41442725
56913858
56147975
13575729
34514107
1370844
31382598
35779365
13618147
11753024
599409
17436096
1453340
1695199
5127487
2508635
2426520
1067524
4934730
17039720
17098990
12323385
24610351
53116914
8228688
49229254
49531252
5642141
1036854
17129374
1319561
34504830
10859840
1436954
58175679
23947154
50108911
2179782
16478537
32105449
9615682
42091580
7110492
42637138
623168
393171
57666394
55754162
25654468
31609766
49132783
24053554
473498
36770176
31110214
6870497
11661278
57735907
57296072
53509120
46435412
52226428
57672656
52133596
49206075
51254434
57773761
181227
42331181
55741822
57558128
55919453
51709949
56414888
34261263
21018776
47214465
54941227
55822933
51338227
55842932
35898505
56487252
52567106
42331402
17640173
53417717
38572543
31300881
55495696
56940254
9447831
57638880
53717365
56329131
55681016
55389488
4969756
54904197
23121922
42343305
49301924
57565092
56269954
57741623
55929991
57560231
51142191
56001397
23121492
51208457
56906734
53423838
26883795
58985809
51350884
58199067
58361777
57725777
52355452
40950839
18804968
57795128
49615535
57142857
16472833
46471525
52728626
49583608
57491891
15615943
3987995
38308054
34991668
43601303
37694203
45416584
58230138
12783074
50711615
37853306
49442737
20417256
25214406
48160971
43167922
36192326
707039
32259345
46303987
50605236
156318
858035
36502669
1326206
719821
2293849
175825
40438987
12273915
4524461
43167882
21449963
5575609
1457614
4732889
6293216
26866148
41173170
43167899
8257715
765419
787961
30211723
15876609
58259265
48212214
44875406
38524268
49669645
39662951
871328
14578563
22137889
26782476
5401515
34656211
26386487
43648421
36580801
22499158
46655686
3351973
36581699
49406126
39704654
17737948
14357970
7452120
49179112
48376017
25676824
49672756
48349590
16619346
49662584
49387228
17088758
49815984
41735399
29910497
49374649
57758087
49817911
57499994
49785961
360990
5103636
49655780
58781243
25658156
49532418
25655106
36620739
53359898
12023294
26680582
9073135
53034157
49671402
26825616
5162187
17132001
2558403
52894719
1740968
43658740
13103347
25670470
38781836
37510710
49823796
26292001
6451901
49824302
15254983
1267730
49656336
38650571
8422070
49410958
49674533
21105581
17200409
15611600
3567874
5336619
49441210
48535530
49640434
49241724
49603119
11376003
53999402
1447555
49401724
8266390
49419151
31254967
49379289
35321779
13193791
10578812
49453223
25675309
24777566
25000674
10975780
49094170
49358090
6021122
827142
49645505
52119048
49923055
7260935
53004507
6451743
8949354
49665997
35706575
49811897
49270101
28480345
56155238
34245302
49846897
9099864
19496243
49663232
49810725
49108631
5058144
49454553
49786607
34553661
6080955
49100741
49438320
49812805
27997500
49809501
1365236
2178896
40736524
49786406
884353
47105646
45128285
38949576
13573511
49655447
9973375
21085058
42218619
49364968
49440408
8949393
13836368
49817411
20944198
49847411
49431986
48794258
35641148
49794871
25215693
9538361
55049370
49656162
11491183
11543019
42924125
55035479
13031396
49084821
49184480
22810846
58552247
49793564
50368962
54010806
23634779
33835733
49782850
2744057
49777736
40713147
49449463
49649435
49085144
4165586
48945096
42038161
33251239
29000479
18734360
20447610
410443
28293945
1491646
16028400
52995833
11542923
26378459
41812895
22963812
30597574
42503580
32676980
1697041
17230784
18572149
42535302
54208292
18288798
23483094
23654806
10795673
44639912
51561533
33233032
11959486
22306268
50647030
40843378
22607828
950308
23942209
744156
33069024
35751329
25141454
8664233
8498138
35717289
2855554
25951955
33486899
612330
49153366
23305132
41770226
610522
21899417
57570231
1402040
759881
48308444
50570152
4134966
51462336
49665126
2520241
33313316
18265944
17726
5720104
10991149
25617723
361588
200282
37388889
53327099
26279476
428994
52297461
879245
36462574
7118287
7802687
170447
37483215
57744214
38328398
1260556
22358639
13612929
53586358
1129400
51663526
20413071
318294
35775110
57653051
850934
46264824
15946674
37911197
3267361
555358
7705093
1907640
18933383
11499193
17104647
57149271
33658960
925736
12181447
41094319
2421208
26009142
1818205
165331
12416765
1850025
31637094
1441353
13995904
922179
89314
32455390
24052949
34021194
19547938
31646252
30818338
13902952
49613086
12413125
33882124
25188486
26619793
40942642
33853080
28942985
21896740
49664150
39808098
19563900
24655533
36469836
31832978
4066613
19807769
33628293
6540648
25958257
5921480
49065906
54915465
15939176
30818637
5949140
2070229
30829778
49612678
16847879
53884073
26123920
13903037
2254357
30818709
12913399
1260221
1171
1052571
46806415
1230569
56753217
1837830
398493
27778631
1250078
590473
327803
1054566
2330597
23452847
652730
597476
4104172
5629066
2673834
58711667
3653726
1130951
56067306
29663614
270906
151042
50501881
411562
3556316
14322444
1809113
14308145
16264661
12185843
2051798
4481195
8906036
983601
917868
1826033
9435784
380406
1719952
2466507
17077434
11797804
10485277
31994535
32639223
39275628
16759434
358999
8366559
9549311
51388883
6908619
18134289
13243925
1996367
23658752
25429959
46842956
1047161
46842976
738307
28545
925519
928216
744504
1338683
1720724
1865442
10260905
1930406
161388
30795401
1091767
16122539
25407
36983
49632241
4106285
858507
9032406
303405
1007243
26334944
46407896
40849944
4159251
25727
192230
2887701
3181897
506639
54226143
7931
58632079
500948
4491358
57442907
6487324
4807639
10550174
39726999
12153317
6767022
58757675
20831654
5995840
22551584
22554939
21723604
19044561
502499
9627657
36207944
21508430
18010358
24003514
8731797
48582
26716006
38587552
35605738
30978391
41012184
38606045
21836925
51461509
8543348
20765159
51461505
55592312
20159106
15003593
10591034
9087019
1152126
500004
45388878
37324211
32293536
50892477
49931550
41800139
23229674
9801073
7874514
28132967
36251938
3874975
28646010
27655539
25389677
3640966
42638967
3549243
2039930
34463090
7514372
4332018
10407166
23167397
53155326
25313215
23762941
21853153
24015905
34333919
15221630
31359711
33391377
2019238
6306937
36942089
45430530
38980484
37305324
31112876
31110303
41341760
42497035
17325030
47675330
44301349
49253220
13805095
23626815
2156814
28309569
29069615
31274574
34344325
24271712
17742682
32165548
44286728
41989740
1686657
25985377
14804462
810141
58560809
18121641
39740527
34543357
4979784
9651373
55289434
2324714
17636860
43211084
43105035
17456218
28023783
570040
39223360
55267887
8281504
45133899
12067892
14553874
24311225
37066395
29660037
52218795
32898112
2162459
52276649
18132527
19555294
27139990
1137937
57926164
22499288
49032122
10787207
34168889
29030547
43493565
26251368
7142900
14513637
9007218
38870086
40387170
42005608
35255216
11532716
49003266
47541408
23290116
21004450
48997705
11436633
41491898
44599156
4878050
32777735
17601516
393149
17580313
22692497
37133947
52059329
36745551
23190630
29645954
8889856
30799151
30107355
49068333
32743347
13068381
13067710
25970784
2383217
49003160
30847317
49003365
37357241
49008994
15731518
12414363
7142554
54021423
3702065
41358518
12406864
34885357
48950159
17863993
5716349
54971578
24344399
40334598
58344748
43708719
48983055
9027903
261471
48983128
48981592
256723
45239192
51331072
51309620
9927117
13197577
18019065
35521428
18271037
35027881
14506468
55957818
15414494
11205322
20111114
23245437
15484694
58073961
44855378
8683963
56087390
21009973
55958238
43804459
9916413
23172718
58346876
10254556
48983264
14513492
38731304
8091391
48983186
14513732
8922702
56403944
30835289
42764325
44599399
32931123
46934766
20343155
48998015
9714491
56085654
32777138
18019176
24866652
5631048
8713581
18188873
23557751
23290148
15982564
19789804
50915901
48983307
54644163
49008956
48990489
48999043
48990686
18749370
49031850
54041817
7609782
32934154
42911990
15982576
39448331
46238310
23744191
41358172
34206495
40341504
44599270
16796037
44599203
48998314
536001
56085504
32852803
32881420
56085779
31916783
42421676
48983342
20501310
48983446
58373925
56124881
47680254
48983608
32810289
16808149
40772224
49003541
56087979
9731818
56086022
11307480
30836538
2301550
44599903
32851718
11526508
52660606
46477570
48983543
43440390
47659134
21608845
38851249
44172833
55090073
26466479
57708179
53482264
49148723
32080755
181504
28256545
34402812
5335272
34414895
34929737
354746
34680399
34928046
3779256
32401692
32401897
32405041
34928669
32087240
20696074
12432822
12432909
28330961
34403010
34415163
34414483
34415282
34425371
31978995
32068302
32457715
34929403
34425599
30535589
30531447
30500234
34425860
34894047
34463753
43392416
2953219
34692132
34695228
32402070
42646753
34529356
34526462
34529228
34588841
34767084
34534815
34929988
34929242
38088429
31978816
30554978
34674452
2970526
21620894
23384944
51569314
34674673
34766924
34674335
34907686
34529809
34632828
34632488
27804916
34928917
42646736
34853758
34530026
34533318
34529508
34533394
4637510
34539289
28105908
28117767
27622735
34894182
1479982
34853621
34799611
34799868
34799950
9897438
34534344
34929073
34681161
1558204
424367
42081580
42109351
42109416
42081649
42108861
42081250
42081671
42109449
34311331
42109256
42081286
48047632
48057208
42081815
38992215
42081860
42081981
42082021
48057255
42082067
42082110
22099577
42082165
42082231
42082768
42082992
42083152
38793829
41693648
36542719
47056805
42081376
42108936
42109191
48057313
48059828
48059741
42108894
42148284
32615781
52114556
47603957
42108879
42109232
40177084
42081409
42109123
47095498
58588356
51247377
32178376
29205115
26264604
22515425
12445181
33814423
21384217
58580724
11678035
43862173
27364462
23006542
9788431
43862748
24654128
1179888
1179913
36749789
49132897
50741527
34144776
26860166
38050400
38076111
17077659
56854030
56190693
48698580
58657815
44816672
54168905
35693996
22716412
55837577
55943089
28503020
34355355
30173681
25095077
49550128
3831071
20994191
12284302
34762710
5406328
38101835
48827826
24919346
32716108
26336249
34149494
21807758
20823278
57104061
56811091
46793156
28330839
34187292
37989120
1190850
31204278
6071041
46236750
32260894
45082493
17096980
54382580
37577431
36207945
32230593
29482193
8302008
2332677
13658197
41825367
6249585
2900
26942876
26008687
17815480
39768639
15241860
33486779
14126000
56845467
49352099
42728668
36908655
20323287
40256522
44913194
25336691
32893170
49352531
52128007
23343134
35801644
30616332
14139598
36446483
669687
18628153
26247015
36520898
49321156
33486934
33486904
33487042
49313009
36852023
49360551
49796305
49362562
49352195
33486715
41950778
33487070
33488115
22357361
49362143
18553664
32365562
31732701
16312239
16308403
33487014
40010366
18632939
15555602
5421396
49513522
20231327
16309236
10456271
33487037
13776290
40387600
33487572
35914757
14182374
33486991
33486970
51038728
5388051
187432
4913207
3374926
176931
2406371
3206372
33517212
33487558
26043830
4942535
6229368
48336924
49321299
39295526
17638010
6744757
57114825
156732
24911681
37768598
23104863
43520564
8868062
30439472
5586623
37549927
39577108
45519206
18922542
49542672
10959298
2578690
2694220
51039161
36251849
12465195
27495058
6348882
4805118
39167216
55626725
33516982
33487022
45517921
49364192
19933320
52224046
21172220
4761348
52041370
23020848
25741802
11860041
12132858
204639
1190923
44490227
7624954
7344926
58921383
40214908
1120771
392438
34706502
18012286
18032715
18027464
6658859
20081989
36412364
53632609
46425283
514783
23591181
44490466
333488
43393497
54164787
56806329
40774912
10609757
13373343
525856
44925637
8405013
1202521
21358560
13879162
55044779
1426906
5954980
36775552
15465388
28203730
23490228
421020
11119054
3697510
20185550
3565320
14520313
22515186
26019534
3597689
4313089
45030940
2400758
31311714
26313152
54409444
6332278
18680239
33255847
19925095
9489442
54446034
35150181
45369283
21564683
19660734
41165793
20681050
2766365
38232811
12047872
39751638
2069715
7664453
29395266
22260531
19326896
58744444
12301052
23776348
45187313
41110152
9631840
42055415
42026905
43176668
18934361
46539523
23821222
40001230
31231069
56045518
42048143
32985723
31747501
3991866
24283852
24283863
24283871
24283877
24283888
24283911
31976552
4040488
33709304
48619932
15021680
50409779
210897
25763319
3080762
25411184
2094195
2933110
2109330
52182998
276527
49451
32797322
3436
35632156
3877787
8937649
1733156
35797360
16903590
13359084
30312
1272800
28030963
1028515
8217
5380129
29817415
1466910
3144
3545953
31783409
1523424
3017525
286327
42058058
1871172
3826544
42980599
2794623
14864265
158100
33042980
3180643
26962940
9875521
37413
1807421
20958
21436856
903991
1472174
18685440
49696
19650143
36817177
4757932
6445302
55066
4934593
27970920
470014
2671380
85818
4762040
3649527
2535101
13811356
69874
41910525
8742168
12720638
36692953
1660022
48741664
346788
3676978
21541882
2018890
193608
50522082
26878294
142995
19341074
24164425
2127650
5975027
127254
327195
8492240
418880
21513165
481128
1366582
4522556
358021
561315
26942519
41100856
28198821
30462717
26211820
15831000
2179065
12594177
32996513
9375375
31608340
50546325
41741273
30491911
31448027
42911630
4155362
40718884
25452099
12005311
12153985
21272192
41724253
11504702
48729456
28836010
43514045
56856671
56774442
981637
8449462
34290996
58031692
38889737
796059
6900824
30235834
21516135
21861534
36593371
56047522
13719015
11981071
28775116
42329149
48487695
46200811
55695350
5162035
25347848
10183787
55858385
48796001
14747890
13747660
15237281
7765366
4083754
25199384
569595
5124367
31530499
43404008
25763141
42453525
13747410
16431518
441453
2476388
826709
208784
12613203
2643012
2194953
48613934
38751
45563796
32893180
47316938
39700014
39665110
48937425
44553919
46848353
53611153
25596690
17532103
51564522
47680366
47252756
54212946
33698614
51022616
44058714
48984989
20024708
42315816
26070557
55317913
19633701
42765369
53090945
6874049
1606205
35698268
21288194
53321154
32509644
49403673
19151244
216262
38882620
9801146
1470347
2649736
22042583
365780
52650651
37306232
24848752
33419809
45229906
8147179
21515940
6081447
54068894
19203827
13692373
44638795
1222285
17116592
51336916
5619479
28545000
4156540
1459651
18934965
4481770
40701755
53043512
39522333
58437825
58464407
32834692
8877168
2924208
2700440
731773
54138977
10187024
40617839
27119297
17231741
27944545
25389613
2147223
46181530
35208325
25102198
19075182
46903264
42265741
57957331
18113570
18283045
8154656
18405908
50266644
24241564
24373075
6521621
6990883
39572267
331020
3504645
56275946
22251739
1979279
3358792
34664560
15236973
46219798
13749975
9483328
18643715
4476596
35588864
355753
1108002
17193520
37337974
42955251
17456104
931556
1368476
48500953
15820397
31742711
16686907
4156620
34553785
41714955
34321533
39037404
1015766
39202099
48500890
32727786
22683082
50705928
49225021
18935434
28173980
12667567
14374103
46217701
38035714
2008248
36295755
34443939
8684052
18935732
3817828
13661659
3377931
28085289
42482299
12426445
30096360
4224773
54731434
34475196
1708583
533442
46790159
3636283
37673614
3499610
21511838
29650462
19388068
31805771
39016128
3100589
55530180
55373440
39973100
30703125
58665239
45234439
42536207
25589290
26481719
34846194
18944081
1349733
52349154
40604870
45648959
70667
8222183
186359
25344742
233467
57037979
485796
31765330
45281813
43232455
49070099
48958144
34519075
52238242
24031417
22021785
600087
23110036
57249603
48867189
9675034
50128606
17944566
27150585
46380708
1156292
46451070
39191058
23211414
42073650
9932287
7710503
16314710
52203164
48720106
33649233
4914646
47939470
46736934
18306570
7412607
2424605
39061875
8183614
22208190
22692903
8394687
48949435
24500711
23998233
26583554
18532502
10849474
27240413
34685701
31494976
2220269
32444519
16246875
2266988
55943007
30421322
1075003
38156742
27212191
43892277
27459533
50593281
3631214
13461377
31572796
2036080
4240488
3525423
3518806
26177393
9998221
2011339
38069335
42702032
32522065
42963788
34017003
24321640
19456419
380334
44290517
10653048
50535688
56774382
23929582
22875983
13920119
296974
39241153
8642420
10849767
9088551
2067073
46968805
9488173
15130127
37132931
4567590
13950950
13942807
22381550
5031834
31450208
365559
22119296
29782359
26620407
48287485
37404470
25682891
28319848
36934572
37424951
27500459
17734198
4468459
51467390
43336876
30961981
23153398
32013830
35205631
42095270
12999282
46255527
40126444
51540178
47807559
8106258
2695387
156773
32727729
55174488
7029836
24989675
42091770
33354896
58475069
44054874
21699959
48565869
56748043
7354493
21193410
14344148
30309895
36008967
49525731
5047350
17155503
32495465
4855658
53233827
47885259
5100012
35639255
57900842
21276783
13478498
32428604
49173764
14624943
165344
30726684
38543162
2795826
47508325
541389
49698570
14000930
57313769
27699676
2331217
3115098
17895189
24385256
43972961
51948272
22847485
30180622
58209006
31351065
48077200
34854129
37533775
35581210
2245780
9260446
31192589
43030422
42304214
40862609
43953308
45372293
29141804
12037095
29559811
47726814
34581342
23344003
21010182
158148
2824036
24885074
58845321
55550719
23301
47700008
11490452
44288780
55002118
54653182
52007609
31471623
24249605
29315252
9971534
34397245
27269118
9309313
10655912
5166771
18411788
31361306
23274685
23316745
27879962
329006
38831206
46339037
18943937
231877
2578762
218708
2783351
175417
16804841
44804737
220632
28157480
38365671
3228900
488569
349811
25044268
2517913
1204099
386519
6249
2627964
4075738
4075450
14706356
6487479
286321
36549321
58053955
40956538
41616958
55664545
1547135
876255
22372421
2469248
13050911
7057338
4644798
8324086
895368
45146
10390862
1553120
31790833
42034815
3747
44364819
13100866
52378053
30797574
11551989
40601008
3833695
31803478
2613978
1980416
21368780
17186
164494
1564929
3585614
34038431
6853329
39229
26092568
55650903
2611670
896120
49761
14495904
589755
55651129
8965926
28368
54253797
23916699
3771090
55905084
11144386
4357001
3548726
652988
2189529
4881735
11140598
3346273
16792341
156720
33083586
50599990
32609841
10708593
209791
1628328
24064416
47234792
51541808
54904644
20057033
22105310
23915791
31365493
43914233
6684177
52929555
51532794
49141180
40126852
209794
8370884
47010829
4324699
47620972
39285669
28326718
6900845
24550387
6114433
20389237
1404353
1402463
1963923
19340623
35672490
29991398
1437235
17705445
2472625
22778808
24108840
8412339
36082577
4372159
2724012
4632809
2114156
24074572
44100483
8553332
17571061
1192305
2370788
53606150
1651717
15914332
41157071
53810462
14206086
5276122
3670866
43890317
12057519
45525318
5267064
49634509
14716135
33109
23770249
2733675
33346894
57647283
13244131
12953265
30324173
38087043
50580622
56024347
15296329
45042336
36027149
1800558
3192516
177092
22206295
29498044
57233998
43853871
35030959
50791445
223063
261128
54948386
972564
460615
540943
964630
3288598
26280764
5620190
44103965
18734771
39184783
27477352
3410264
5988043
32126830
18448751
38832928
29052228
196971
3029260
22319522
29711869
908660
38200354
6081505
43397800
4700183
826216
49399421
31441114
4322402
25879538
28765301
1720511
12612212
12229840
142131
950130
45145
48443559
3255291
2556034
1695906
484254
17539
10945255
3008091
14240521
21172177
26235145
142142
17685051
101900
50659821
36347820
2213763
25762715
2022213
23053
53858837
1231526
14500263
4040738
24714755
26313
1148525
24714543
36384471
7961225
1118840
23533161
45229676
28927
19555053
11098174
2768085
2556015
36675611
40705460
5962524
42959802
3267736
44232300
1034511
31110202
4943626
2671314
3681488
166136
3206350
28734467
1705511
2295995
19988567
13310604
42253
3771060
43808044
57625144
15270086
50292266
8190902
45049111
56982936
577053
637199
2948178
669675
17460357
52286308
3118600
6898858
34055690
55906881
1311951
22185946
1760301
54994687
50294942
28476914
20557509
1299404
313845
53279262
54265196
5149355
9582652
27321681
53587467
4851611
3259720
44635680
7309022
12656117
10046650
18208306
21462612
922505
20832090
4986804
5856528
44518759
53375072
10939658
4851545
56199829
19058043
22113059
797887
41224221
18692476
45655492
28174
4236510
37187554
33130292
25112132
2189256
3955851
3871309
24208696
16345871
24331087
478167
14395146
15661133
2701134
3778
29364933
36458974
26325113
27383712
28444939
39053889
33629609
27990764
12512562
300595
346772
18025626
1250251
26704422
24310774
416677
5262858
13073319
4083803
1221228
1111563
6744835
425002
169179
27155649
3960329
34753814
18969691
12907808
45353841
32008836
22585894
8128943
36863830
25452964
54071918
40767316
16567321
18123396
54224675
24708120
4087550
976531
14211376
5655064
17405110
1866206
44770854
44723
59060858
50061647
3173112
17905412
38570790
97845
16089485
4692150
16567286
233068
337353
20211917
1269346
27079141
650909
4319538
16909238
17116069
478970
20612397
18934904
2246544
28536765
4256520
12070179
1949450
23718280
2796354
39784214
50891745
17526722
45039322
18302993
8851985
1708944
29081350
41356813
7217678
22937058
8838846
58343768
27500605
45363420
5387804
5752181
20617154
4071997
32244195
15656189
43204340
58210484
4658644
11539150
20635635
18293143
1644982
20018985
3835049
12640130
6731084
1010494
1700100
20021283
8703112
2302514
13157655
16845449
41115946
51046897
1674342
45102736
46666340
25008091
44234764
40053436
52977719
23887732
31121561
28836625
45673890
11944282
20619319
37426392
30570598
4207911
10067215
3543701
7040363
24221417
13113344
18269007
28847674
3437103
1608987
23957569
4748617
20061545
23534602
42674356
904443
10450559
9192926
20783988
4184791
38721413
42136536
21704475
53584972
52345954
31030040
7113944
1375531
1853276
54517958
34953916
15481604
44500218
5548958
43506102
623686
20349155
16761943
12805720
46665674
2792572
5728377
26336225
3225176
30306484
26143506
2953306
14468774
40283430
29726536
293991
4699990
29575318
19873005
13683619
15695872
18629502
8544532
4700310
55968271
14013538
46572604
13871782
21648731
52768641
2869346
21083200
44969812
3197853
37059545
31685322
994649
51396023
3216623
10454981
10236
10982594
5246983
46460495
3558310
6795600
3388502
19902679
44382509
1728122
1695035
56000450
12690257
1087745
57027
35221180
199035
11119390
9844735
15457845
1247901
25483202
36964950
21301483
4389080
993703
6232856
20245037
752040
45707964
48581239
1223424
1052135
641655
958052
40474939
3729249
14473878
15696593
9357617
1378166
42796605
42796767
42796599
42796911
13632416
782392
1013539
15598656
31036887
19017539
337542
527943
41257045
19151674
1623251
42368276
30533678
15734720
32134118
40636711
1885672
25766740
307728
30699737
14139374
41399619
23692315
33524353
21305995
2025396
435063
20731486
1010814
3897595
4357120
22915254
23184451
17511951
2311336
6335518
27211708
32827330
27004596
11265546
4332851
2127374
12745090
2226899
18542393
417934
7424750
26798011
19591977
905145
6502992
15695242
43923886
26063832
47439608
41121740
4250783
1656760
170898
29307224
11279606
5549155
49645610
53584725
24209073
5274765
26667808
2271084
3203629
100623
3452036
20304726
34432586
28103481
10146799
34289892
5728387
1707938
34045302
15682002
1833304
16017163
24703027
10176340
52340783
45052375
42032995
28825877
2661301
22021031
1277015
39094287
44349584
32845879
284283
57368395
53057447
29201362
351091
42173303
21391751
4352677
30131890
26245866
27461135
10457510
24148827
47639409
288276
9733745
1462876
7945684
26172259
19437485
31676840
504357
47003158
27546886
48444739
5813818
26522845
48589354
24200895
20074281
34275747
2469123
33139
48404465
48404501
48404395
713
2475896
2104830
17960514
27904054
37606777
34644256
1365624
443212
20816
1093053
520593
2485960
1508243
105803
30878100
772013
28284
48633496
187553
50757890
20854014
45249
992525
398810
1986808
47084086
16960713
1105256
2937454
99794
37661437
9378324
263768
8295172
27566216
164460
13029312
743794
4340352
48269758
52625201
45092796
935515
1337370
12237984
52410293
41567044
598669
918938
41732519
58506071
3237181
171414
47796549
10695850
1851103
21028052
37004368
42931220
30496749
12904
11731576
261161
2879653
33404314
528679
45088464
13338259
5586111
2891117
1649959
89587
16871072
3148419
47088672
51784
31786743
29780013
3738045
238244
13029410
15950526
507648
28751781
45097232
175607
168313
7883779
236268
2484559
3298772
2009015
1154830
4668411
40772292
47783649
2929406
41679
41687325
4130045
2808812
531362
40100778
3070397
1743077
42842497
24226726
187337
15934463
68459
3637808
25598803
337862
37084003
92028
54952
32863360
55557
8878119
1592887
30268
1394868
11904309
27566118
18152904
2363287
34299371
660850
5079762
1254931
1596027
1258941
7723785
23219749
4257911
2549332
2261519
55817338
55552548
50139917
15271
45206870
50716473
11016342
2735622
25572376
9254477
7672525
6939126
33319525
12118703
7840016
43991435
286578
29342174
10342930
8939020
11365968
9605485
7524921
18911716
15965521
14393058
44048591
5761393
3127324
12682561
4877703
21851177
12449876
19124752
44602139
385877
23759455
49664416
33778385
56183458
33832238
56678279
39416417
32308094
2556875
56288757
458499
4985613
27928333
35281629
19330337
469578
485226
16070200
25683591
18039001
3517589
1904337
11856314
610789
12829835
3030181
1899829
23470390
20748299
45274436
13536810
29123
1958462
16920
3348350
23241698
5465574
54186633
10483232
6190251
6520028
7512482
43480298
37291130
1187311
853832
57078271
72717
2889648
12680566
2526582
1385766
25154746
4476270
39089943
698226
346755
25154802
21195116
29824007
645139
43342432
889639
2628057
4842020
15967932
1004008
202311
21766677
5510317
7082881
24007403
43071232
42325907
2897680
4880312
47571988
24515769
464119
47369663
9924067
11306
2112884
10438439
8612764
11270885
11270152
20250365
33768132
450307
1539290
2804505
31244175
34697893
2889751
31933815
36485231
294441
57535
30713569
17477796
17727869
17188
4144848
55843137
11851855
5118075
911672
24134105
15299080
10308920
1936537
30109665
558750
2575602
20590
1551981
8090717
1053030
2346998
19688
54796255
7819348
2473220
30724333
2788896
26200279
33378172
12105194
4720390
2692616
57078309
21862082
182837
58121290
4522868
49236889
3011353
8280463
8233911
5007318
731287
496055
849986
8489018
232423
5662676
1201359
43389485
18211613
19558680
20298912
29109
18922270
35520098
51445651
2755912
4916685
102392
3342061
247601
12817496
30806
14934822
48794339
32169
15056340
2570284
12781902
35773358
18587056
25154733
15440345
20451641
33955
15998635
2778728
14210099
2978739
1970608
9524179
20262480
8489440
35749444
57608889
23921806
5139914
13821890
47877620
32383765
47077393
662193
3707628
2978909
3707699
33080361
32861861
35750018
17425179
10220013
27964210
2583243
7753849
4189701
27144614
465598
533484
29095231
800222
5620618
14523624
292242
41573062
9165081
23515456
37127801
239216
30088610
1249749
36306189
18675856
6988552
35705364
5750499
33315017
6179123
237495
17606723
1272412
31398769
4703877
49297846
51678199
56910813
4375705
40746
4724890
44065971
5498814
2093407
23155343
9634115
34338169
42504176
41279678
153852
31306690
30608525
2368154
21122519
9391536
1357045
320498
2368264
75885
290279
21084005
4063251
2609612
40920077
3846103
45150748
31464379
4166591
1344164
34296790
24770596
26705941
8736929
17910574
34900000
32727975
31664360
15042168
24747714
2812958
18197718
31899397
12840831
33712216
42885134
41722507
12799096
34044702
28539183
3517241
1682505
786016
10136
14693144
43145728
35814269
29203027
2325864
4239005
23777463
18370097
48474528
22769766
41902674
48708998
19009230
19151448
10240863
46532350
455220
9854390
464877
46694890
6875699
23624126
3620743
30604849
12866416
42365268
16077360
49142184
51136320
28256821
31640999
30263721
3526346
17373006
5720202
14832515
15318873
48155902
38482305
35480692
72896
33517500
570749
22526294
22358403
37447771
2862085
49217329
24200863
237494
20017952
22536663
9646204
31898211
57680998
17701922
32689929
27655092
2990689
2570241
7391961
1811158
11486206
4716097
39060006
988751
4691922
38501388
53108519
1429193
2596491
26174788
11486445
41933520
5745677
47113160
297265
34936221
3663653
11925029
3761693
10218448
18755320
4239129
49289986
9072691
19998812
32224976
484241
604658
5012467
2240380
2100046
7895115
310342
3765027
14449786
28633450
34504702
28174565
35767706
25218908
1967506
27017563
47137356
43523586
13336525
3234557
53134631
4565774
50070729
50387552
3148197
24252982
12890814
6118940
535233
13101094
1298400
39000674
1187277
23277149
12964397
33038968
51116230
9954360
2922837
12850960
1219145
23972680
34849879
12130825
21003413
45526631
1448057
255521
10017808
8568807
11025173
51447837
29020741
2920499
16329575
36306221
45039676
24702350
2527411
16187147
1710079
3484358
40126413
45419359
13852352
6903069
7097882
44023575
556228
28036375
8051999
8049742
756611
7823099
8746936
35624944
30859139
8302047
41815383
7920117
19952436
7968952
11450702
9921237
3029793
2960682
44529961
52820017
30196385
58565962
58565838
1976438
37920872
2295889
40836185
51757582
5398809
37613813
41332633
58566080
9074870
8825185
879930
11763465
51693328
8626223
1674887
420561
3393736
3080636
33165192
5542744
1963187
38268412
537930
34638696
4910782
352927
3173246
7145951
26282360
218672
6173504
31899020
420576
11271100
1263741
408290
27924229
4506473
3294178
33383655
3300050
39417205
24657816
48455863
1753261
14018594
2384608
40359099
26576770
31078199
9662089
17323525
23884273
1024349
25203671
53955723
31949626
19378082
42949807
17037018
17280318
2588902
17328652
52186529
41184459
57349944
15621900
13923798
24746540
25806642
17160274
17438575
8968986
31939848
195129
29792844
18702340
57724518
517386
915972
477225
411477
50610706
24659645
16993577
180705
1551204
393642
49123438
24205368
23481555
27334700
855030
7134666
2571269
6688256
31485180
264361
8489
4324277
61345
1549748
14262120
32572189
31619792
1274808
1878793
17437519
31576946
1459381
2838079
517878
33543260
714104
56721159
23918116
166080
1949337
17315703
7793672
517371
158627
22852250
42870891
791733
3137354
1155143
18903690
32145865
25644974
5729302
26022294
216755
20999515
35713040
13078240
41618350
16062077
2056409
23748317
51743235
7192606
39035273
37907950
8924014
23151132
57291503
55363494
4885808
3600342
2749924
28030968
37387345
1603511
7200317
2404969
1946424
35022540
69317
32054305
44548625
1888777
178257
5148043
18177752
34377865
221962
31436836
25301879
2809225
25661927
26912942
162546
58255307
15596100
157820
9294142
11636453
47840638
24444669
54402236
11005392
92310
2193441
473535
19455395
1290163
14602426
42017459
36729251
11132342
42468907
28429607
15459626
678387
37277640
1595404
4651402
31312600
8228639
39212798
31302632
45507892
36681813
48972423
48516579
18530457
20537571
9629684
379318
2694179
4724578
8116999
11504003
27527078
18814908
13642999
50584273
13286041
9869831
2799070
1480879
8109575
210119
21488758
40625387
1100845
11300498
27576441
9362260
23333
2624317
4637141
33808143
35530602
858544
32487749
2341068
17191149
19124677
19946174
286338
56450748
43244107
56228113
2347994
4607066
3401042
609904
54551313
39778022
39767040
7589423
22354303
41502911
181147
4195678
28058108
25056605
4806331
42839682
24618053
42296855
41500402
10508476
54184868
314182
770474
10033351
1397850
188937
11252905
10240883
57477581
34848597
155025
21480043
289434
43408487
34732268
1248109
253661
437585
26940228
26292131
46420351
1973545
180716
3480073
10912741
11012076
7643744
4076302
13564103
17493777
560478
209332
32298881
2847891
20345946
20494126
2724274
17881783
24338534
2181028
85762
43294086
6110329
53552374
1165275
378537
23664
23336
23193
23295
48393672
26975630
48457395
636108
69313
1120048
753916
6193
169180
324994
46903219
52368113
477255
980134
47586128
1619933
13366106
3531135
360231
12688251
44541334
44806166
48444809
45273647
45433716
45281762
18578839
41460692
13693345
20124373
49092273
47746686
53924881
49634292
46219084
46314687
45158369
10494337
41822656
8263176
2086384
48451077
319657
9424422
46725597
4939651
45543696
10054027
46828815
44114049
47190882
25337146
2996290
44619797
7763496
16063325
22431956
13950435
16158197
13503456
3578468
56518591
22298687
1658929
53026672
55379019
50593277
17086273
46354160
37107961
28095997
28519282
18887796
51803125
5089448
40229697
1145010
1024131
2741338
4909283
10816081
18329570
50489556
2070173
44966903
44556344
26171620
41819073
22247302
1798741
7343761
44591227
15953239
48549913
19080931
44138955
48511199
1990771
45386658
25689054
1988234
45486853
54266497
47807909
7903579
22563861
1873661
2082783
65467
24666301
22790978
52277763
976305
649298
7250868
46800169
53882423
3649845
47748291
601284
58921903
58979053
2790063
47956663
33740154
44843492
28465086
4255239
36910700
54563599
44517406
13092179
20131074
7913127
40118247
36615992
7716518
47346770
44583000
19685973
15949753
5138967
34005099
45318661
700942
40721426
44794112
14618796
771562
13137979
6749235
20340671
53257253
48377242
57585216
10011004
45002483
1040193
43839647
11880202
45357390
780457
710187
23970909
20900378
58462358
9338319
57548250
58079626
40436097
42202721
48573534
26296115
4242410
22036471
4697697
2166557
1162259
5376124
44227447
8838494
9261337
48603806
51025469
25114520
21864151
42623157
18434623
39413584
486365
22145851
26643100
31316105
49233663
49204567
55774300
46425352
182075
28755276
3735500
1270068
48454273
1623938
48507869
22754130
46295934
2789856
678255
56736105
47569234
23295125
29897718
24494126
6164105
49226762
15570754
11740023
44860429
41955369
39307871
40877912
44648518
3682591
3761950
47319062
57544988
48462181
1814725
3855845
15700550
51847031
9894534
45114771
25832974
14711228
3008100
41963132
25967261
48460273
53096632
42974638
38701458
42969158
2451474
1282400
47574883
1238064
40200384
58689745
48442950
435519
55818690
22673923
19064809
19642269
44336432
21236725
44341690
56658191
26300644
48412054
45468572
7790659
25781518
40966728
58299531
7791033
47874134
4444301
3155399
1368665
14856862
7717848
48396782
43195272
45064232
15188419
331211
14171328
22519985
31678398
7785395
3132357
41287558
4097065
53465504
44558006
1423170
22064260
11272394
58508006
2803355
418073
25557440
39374409
13372518
49754811
46221342
2613188
56188914
7812016
32172234
7349608
38365236
45054151
6071706
11091583
23635344
20904268
7460839
1742595
46528390
45661500
983011
18814639
55918423
1092440
53465382
11289862
14906206
44527368
46807188
7187724
48552829
7484754
7344764
46432754
26298695
45190011
7024814
50524551
54894
45284186
48581802
51498564
44993837
5173277
303137
641019
40439449
19871585
48606881
4126306
5282768
21716253
6528254
49604260
23572969
22303171
4176551
55116895
7855007
36865267
6212955
54249189
1673865
23605363
1206720
24758264
6636322
52684892
3647646
49151754
1018300
11365603
38623877
52652888
39607256
333633
4120578
31433098
40855065
24551879
43997408
3652153
39304899
614874
3366912
37699639
9075104
615643
6259320
2642796
13860772
17444003
55749569
52729448
24753581
30626254
39596973
11113244
12765670
17325025
12296703
1018499
4142398
301728
2536581
5205150
3366880
29027628
25959537
37679288
13488005
3854878
55962195
49311742
1439145
3953598
969224
478364
36267064
1478210
42543067
45286295
761089
20915312
3847721
1044040
54702492
38573031
36548291
1018482
25681155
30954277
31372308
3231202
3718083
28832678
47608547
14479423
3744298
11255487
3167963
831170
208721
9271528
50409892
22430584
12918089
22630517
21493507
1014111
967561
24656302
24885029
47903326
1968690
52648154
51494628
55796756
3826406
4290813
21718106
22320247
38661286
992702
179716
20549342
1799420
7586726
18786805
39338279
24076697
30544264
9218487
12015958
9013813
7384025
317238
13854018
2281848
19182614
19580651
21247683
5132251
566520
19580206
21248166
45524498
3129467
19579782
13346402
2681098
953327
11293812
219145
6029114
18545658
21257364
25885554
30825286
9334710
19582713
18323879
42186540
4470885
46497941
31447129
3727545
21245304
47679477
2244648
992734
2181194
4961906
13301558
360726
46498221
42137202
1087648
28855777
6247753
40572657
28846445
41367291
50089828
49235577
37753858
40617271
28845798
26869391
45168170
36549032
58975773
48876776
45168171
48140341
45168205
33080318
48705851
30102065
28854981
20936835
36949653
37227291
52171753
36942597
31003766
41609009
38292765
2903177
36847345
38210228
28835772
52865501
37690827
58849986
58853471
46782890
58858521
37690803
41057504
2108786
32985519
58535251
58867428
51219012
38042532
46206971
50880398
2296507
40058907
40762927
55589771
36798191
16699367
5999235
37796507
50930455
58875834
51839154
51952938
51806873
55740699
58885083
58909100
46635388
52268311
58829308
58920692
19566893
50807880
5810488
16789763
16782221
11825732
9819646
28362507
50543273
40222474
40222587
16144332
58928399
51806224
51851681
58936752
55757089
15515854
54536108
58947233
51520196
32454008
45168178
2398362
58970335
49115320
58986161
19937066
49104107
38069940
33610181
45168185
33506009
40571951
45168168
45168187
22138309
45168180
45254276
44490196
43962754
45168177
45130690
45168176
45168169
36601157
58995821
59001414
57329288
45547358
46920511
25180223
16262012
37690766
38024831
52071612
47745279
46547074
58475316
58128800
38008280
36855668
16805514
37297108
59011313
47576594
18110071
51805757
45187404
43184586
50880195
18832676
56103612
52043957
920344
54456719
33239364
30866507
17277511
43953753
55860448
55860851
47599527
52798028
45150711
51523246
51107923
56551599
57704355
2893489
15972344
40217878
56241369
47385109
47318483
36094064
54671477
48217770
38604201
35114371
52140779
59019901
3673908
59035533
33587105
2523231
52295773
29419822
2254751
47605419
45260574
53826387
43961385
45168179
51297487
28732393
45168184
44542990
59053945
52202598
33426641
37690797
38782269
44655201
32060925
35830071
2650280
35262612
44613946
52730265
45040502
52696140
36803739
57301571
2384637
54147053
52666825
2867150
47641692
57800159
54193391
393551
51529934
47971179
1489680
1592660
29736778
58675027
52569768
46592576
52308820
54729559
44626971
49576522
22685072
46471524
43291327
43291147
2694958
50883023
56107522
51810734
9673217
45426505
32230405
36837670
38042099
3991369
45186071
53607454
50162947
34255168
56488244
2376415
46471596
42791858
182822
52604938
53537827
50402274
41484608
16112279
58779066
50546524
36081806
37100935
51246123
50414321
18138668
5197166
29514194
51838790
18543884
35896259
54697007
50603678
46526679
37970104
43464935
29419965
34513729
48314578
33127408
3673870
25186668
21244409
50879813
8758924
31954755
55836547
46178534
54747427
6268141
36182075
34374626
40512978
38013180
38013178
21244359
33619477
52821352
16649298
46526912
50143738
37690741
49602739
46387802
37076720
52638606
50827715
18451343
52234508
49781132
52654733
43249440
37690852
37691059
28374319
58822898
21629537
45517607
32052612
54146845
50963836
47725527
58832892
8718556
33332551
11215402
16611125
22828614
148060
3497974
1692748
3478532
6866802
38005023
2902521
859122
2902499
423431
2902535
2781842
2772483
2780933
2781064
1421087
2780915
2773799
2773762
2773778
2781099
2781170
2773729
2780794
2781000
2781830
2781876
2781073
2781800
2781121
246805
2781239
2773791
2781976
2782184
2781986
2782065
2782001
2782045
2782245
25141634
25141667
2797048
2797089
2797225
2797271
2797429
2797065
2797478
2797531
19082769
19082740
2797942
2797254
16564749
2902675
2902630
16601110
2858604
2902614
2902624
2108791
24884148
2902619
2858562
2902625
2859237
2902634
2013974
2902681
2108815
2858620
2902719
16535054
2902622
2902655
2052289
2902684
16495626
2902653
2902658
2902642
2858940
2902616
1404867
2858591
2859088
2859017
2859004
4988544
4988616
2859126
2858710
2859176
2858893
2858907
2858908
2858909
2859258
2859215
2858679
2858696
2858697
2108795
2859251
2108825
2858427
2903041
3078
2902906
2659701
2903055
2870352
2903035
2866064
2902893
2866094
2902888
2903019
2728609
2903021
2902880
2866987
2902900
2867341
2902882
2866881
2867096
2870411
19093657
19093757
2870176
2870373
2870478
2870495
2867350
2870287
2870440
2865924
2870456
2867172
2865764
2877787
2877751
2878186
2878375
2878385
2878393
2878298
2878022
2878528
2878478
2878457
931735
2878755
2878761
2878762
2878534
37019407
35831510
35831476
2878432
2878274
2877977
82859
175754
2108537
637853
2879746
2879860
1522699
2879854
2879830
2879792
2880103
2879966
2880152
2879901
2880043
18649893
18649955
18650019
2879990
2879948
2880137
2880139
2880000
2879978
2879803
1264072
1522372
2898835
2893395
2101873
2892279
1591633
2891006
2898771
2903080
2893422
19136474
2903169
2903099
2893471
2899529
4989444
4989469
4989486
4989511
4989591
4989684
4989701
4989718
4989724
19135640
25149644
2903106
2903095
2898697
2890968
2898851
2903089
2101889
15863269
3072
2903695
2903295
2903699
2903601
2903703
2903386
2903706
1532268
2903315
2903710
2903712
2903305
2903362
2903716
2903324
2903721
2903327
2903392
2903340
4962565
2903397
2903402
2903681
2903479
2903350
2903562
2903608
2903573
2903592
892537
2903320
2903598
950327
2737331
4971001
4971762
4971812
4971222
4971620
4971672
4971896
4971860
4971954
4494960
4973543
35951443
4975621
35951497
4985049
53191245
2916576
2916579
2108699
2108711
2915812
2910103
53191309
2915817
2915826
2108739
2368655
2903813
2108721
2903820
2903825
2903831
5679875
2916597
2903832
2903834
42727311
2910125
2916590
4990197
2903878
2910043
4998991
2910106
2910109
35213384
2918033
2910058
5008696
2910124
2910116
2367173
947736
2910064
4997250
2910071
2910080
2910084
2910088
2903793
5008213
2910091
2910099
2903841
2108754
28017
1302326
1522349
1522271
158142
2918105
2918147
2922083
2922091
35833537
5026180
2922104
2922113
2922123
2922278
3117389
2922190
2922241
2922247
2922260
2922273
2918144
5026391
2922156
2922172
2918119
25006
396203
5039137
2922368
2922377
2922382
2922391
2922405
2922362
2922399
1880852
3111791
5055242
2108845
5054864
5054603
5055268
2108868
42730228
5056156
42729826
5056451
2108879
3164917
3164923
2108832
3164965
3164973
3164982
5056129
3116343
5055093
5056605
5056219
3164925
5055135
5056042
5056428
5056281
5056283
5056364
3164938
5056175
5056680
5056685
5056736
3164931
5065366
16312380
56674057
56674188
5065215
1283638
43074630
5069107
47484124
5069198
5069243
66382
52785050
5066383
5066196
5065476
52791879
5067067
5066966
39169424
5068045
5068268
5068223
2014096
92385
5067581
43074655
5067113
5067249
49228683
5066790
5066746
5066643
5066656
52784957
1522504
5068993
5068989
52792009
5065696
5065867
52793580
5067659
5067628
52793708
5067268
5069289
5064499
39169448
5064769
5064757
5064853
52784231
5065012
5067411
5066042
5068840
5068912
5063615
5065992
3117495
5067754
8718541
5066614
5067809
5067954
5067971
5068000
5094333
1522473
2146163
1522510
5094701
3116557
2859445
937771
3117240
5086130
5082882
5094833
4678476
5095140
5095930
5086260
5095871
5095275
5094755
1800046
5095008
5095041
3116599
5094630
5094649
5094665
5094881
5082711
5119675
16528934
5119641
1979
5111669
5111655
27298905
992530
4116974
10373670
17779291
3342903
250882
967813
16079328
13731762
3089791
9682943
983904
983438
8960524
10768106
16163906
2098913
993381
16164511
346222
11048579
10575017
992626
1354990
994505
16164987
1374631
983444
6652571
2286716
16216013
448302
4149506
16291039
10397398
16291933
4183321
447793
16292765
82490
10834685
3737347
3737269
29775649
10610617
10835364
27743102
217772
10806798
2308428
29789617
970666
29795485
933736
4117029
2283094
994471
10795399
1111758
8517566
206634
994484
979452
29962952
3719646
29987144
4117384
613611
994531
613622
11250228
2749281
19544991
4243416
522868
35273829
6437674
914432
32585915
18828832
3737052
35273952
13067914
936409
21324663
10775941
10575844
4377675
939579
10835002
936434
19545142
3842896
4243413
35274060
209546
4220182
3748239
992202
312335
21147505
4243417
983423
33587801
35274147
10727745
27298101
1516371
4974044
1601343
1254481
1524607
1524612
1529621
4974032
1524753
1524626
53205844
42224258
31274920
37640581
2289476
39374
55900781
55883680
55877721
4735779
4738373
55769896
933767
977778
28568686
14485522
14487205
14487338
54670006
55770553
55053362
7175685
49928185
26434080
1215724
1244481
4876747
21160349
40458248
55883075
3727914
57113916
51119464
41940112
37867905
55901552
40683730
2416419
37149855
37511827
3467832
55957695
42529650
55878063
55883960
42256136
51294361
51309385
51757408
51187366
51158878
47662532
51197582
55479639
52799912
55512912
55529543
51151699
55532850
55533305
55533595
55532232
55665321
55691023
56502229
56502378
55666072
55769188
55595414
55648451
55602507
55523970
55504345
55486277
55489438
51152029
41600205
25448620
2902508
2902480
2902524
2902563
2902593
2902479
2902495
2902596
2902591
2902544
2902582
2902578
2902516
2902553
2902537
2902503
2902577
2902603
2902514
2902528
2902549
2902597
2902505
2902572
2902589
2902559
2772522
2902541
2902570
2902491
2902602
2902557
2902511
2902488
2902604
2902641
18437480
2902716
2902694
24521633
24589882
29064329
2902825
2902700
18502792
2902758
2902801
2902810
2902687
2902732
2902843
2902690
2902864
2902729
29064603
2902848
2902722
2902665
2902754
29064717
2902862
2902812
29064792
2902668
2902671
2902733
2902805
2902638
2902704
2902741
2902750
29064962
2902839
2902854
2902803
2902857
36537698
36537718
36537752
2902818
36537841
2902756
36537853
2902707
2902824
2902827
2902815
36537901
36537863
36537875
2902648
2902726
2902644
2902833
2902891
2903058
36537922
2903062
2903059
2902910
2902895
2902908
2902914
2902903
2903042
2902897
2903032
18680489
28148513
2903015
2903051
2902912
2903043
2903046
2903061
2903029
2903063
2902885
2902886
2902785
2902865
2902778
2902800
2902748
2902856
2902706
2902746
2902853
2902744
2902791
2902751
36563959
2902872
2902837
2902832
19030568
2902851
2902747
2902713
2902701
2902871
2902710
2902695
2902784
2902789
2902814
36563969
2902863
2902721
2902841
2902828
2902773
2902797
2902813
2902836
2902753
2902727
2902845
2902847
2903083
2903078
2903198
2903268
2903092
2903278
2903093
2903077
2903250
2903273
2903098
2903263
2903164
36563997
2903215
2903194
2903119
2903172
2903271
2903260
2903112
2903191
2903180
2903111
2903173
2903181
2903209
2903216
2903253
2903211
2903086
2903187
2903103
2903108
2903732
2903736
2903738
2903740
2903741
2903742
2903747
2903749
2903750
2903753
2903629
2903755
2903757
2903759
2903766
2903767
3619978
2903772
2903774
2903778
36579903
19526571
21281945
19526042
4974836
36579914
4976196
4976540
36579938
36579952
36580827
36580840
36580850
36580864
4976784
36611607
36611615
4989865
4976648
36611635
36611651
4976305
19204604
4976234
4976222
4976831
4976430
19539469
19525277
19538773
19527024
2916587
2916589
2916593
37033635
39566421
2916595
39566449
2916635
2916637
2916640
2916660
2916666
2916670
2916675
2916695
2916701
2916705
2916706
2916711
2916741
2916744
55332996
2916746
2916802
2916857
2916859
4998573
36875681
36875708
36875651
36875728
2922407
11178102
36888225
36888190
36888204
36921405
11421317
36021915
36921339
36921375
36921242
36921276
36921304
36949672
4616953
4360690
38230663
38238953
36977006
15949402
52033713
169197
42173374
36968874
36969542
36776206
36791781
30462972
36779260
36792604
36791442
1571800
12553094
15048544
932765
8209053
6486725
51197747
29614527
21474902
11632794
28502651
937766
29418407
28581674
6061056
30257587
902233
199181
1580233
56686207
30463553
4666507
10149094
50677317
2484254
16065341
29420003
6247216
40223439
2069487
1571940
3240022
1522361
34059334
38681584
22555250
48560072
1232857
52771514
428580
49528938
56017856
51616030
56009708
19065477
24471529
52884024
44839293
31391131
23146268
447814
910918
4529191
4529199
4564320
57578342
4741755
32451990
11216535
21739745
49519248
31728570
20647020
21754032
4741614
11216653
56451241
58350684
24008869
58328012
31968218
20057251
4564415
56017889
19141410
20634704
58348409
56017905
56017923
53099715
19385259
23762529
18653648
49860080
57813882
53436767
52891598
1120837
55533612
55532880
49212979
24573336
4406119
30885204
40755733
38505332
54744160
55314030
29560833
57943825
52738821
55540036
58743706
57943849
32420215
56017956
56017965
56017977
15680661
28141094
56499085
15680675
15680685
56017995
52738908
24471729
4528896
50658551
15680633
26010846
15680695
50055825
26606485
992211
52738957
13222892
960926
961124
992221
18780871
15680722
53178708
20882274
15680743
56018005
56018011
37328888
6850735
56018021
51278142
41229964
5671944
23909695
4536556
410983
13528996
28141075
961108
3192980
49528694
47975941
53899874
55885346
29087520
55914847
19065175
57813841
37522427
49212902
3996146
57204460
57578297
29114291
44122992
55577400
55652389
55684877
1384666
39417634
6721080
7090708
55232088
983476
56451179
58328003
58350677
188229
52655437
46216269
53987749
54450566
54724282
53924680
53466285
3989579
40580952
13301464
960890
14748610
2384639
13529988
74331
18641439
39940749
975051
36871002
31666860
7116205
41259053
447203
4166273
40976203
3954482
43767631
36136482
40244494
40336547
40462783
41138201
40461574
22847801
16623457
16091266
207845
975163
939170
935542
319150
336103
939246
939182
943383
943630
943639
943662
943678
217810
319545
958996
975166
959030
961260
960522
948341
960583
960596
960826
960925
961138
796244
961157
961172
961184
727108
961217
975168
961303
962043
962058
962075
962091
962118
962136
936462
906973
962152
964215
56906
963160
963195
963213
963403
963466
975169
963679
963711
962638
963970
963988
975170
964004
964023
964071
352631
964083
964116
975172
964134
964174
964704
964703
964729
964752
964760
936346
936378
964775
965675
965710
967488
967511
967532
939201
795403
217882
319153
968133
968141
968155
214077
968164
968172
968179
968762
968837
974980
969038
969081
974908
974939
974942
974952
142339
975183
948419
969070
953026
975003
975020
336128
975035
975069
962148
456662
939244
82780
336123
319141
943374
965698
983493
948415
959018
177174
974931
319122
56568
90117
864424
964113
198476
238841
715308
943660
962130
27279647
808626
5338093
7276042
11097664
11097691
7276057
11051845
11051842
11051840
983401
983405
983406
10044100
13973862
20423436
20369357
21615712
20369432
20369526
20402429
20402539
20418671
20418831
20422283
20422389
2836892
28700430
20422507
20422603
20422764
20422900
20423009
20423114
20423220
20423319
20423479
20423590
20425133
31102330
20425200
32210535
32211315
52791723
20776375
20776475
21895112
22120764
22124137
32293131
32293166
33865185
40087580
23681457
40094759
5365511
22498825
35026197
40113766
40123379
2075136
4266054
5365534
21441749
40843363
41842120
41854384
42009831
42748943
42754799
43689925
43950969
43964648
44287480
44287490
44287495
44287506
44287538
45559989
44960312
45564898
37890657
45601078
45656014
45601098
46782814
45601124
45601168
14487095
45601191
46783084
46783212
47472309
47556172
45601242
45601262
35010425
35010654
41966652
45601337
45601362
8382445
983424
45601374
45601419
45603356
45603392
45603446
47570772
48209647
47574543
47574578
47574623
47574647
48209696
48209991
48210248
48210348
48221740
47962829
48221935
48226159
48547304
49011575
49528218
49528596
49216832
48361236
49529339
49529447
50100055
50112073
46380626
50148165
50504678
50652487
50652942
50668061
50669213
50955026
51072693
16874125
51227133
51293821
51294019
47571590
50785754
51295471
51295643
51301299
51301471
47976526
51301921
51309880
51310415
51334457
51493917
51493998
51494017
51494308
51494441
51494644
51494830
51500848
51501092
51501126
51501182
51501226
51501446
51501623
51501807
51502530
51503111
51503211
51503257
51516805
51516877
51516985
51517289
14896787
51517341
51517977
51518046
51518429
51518452
51537588
51537785
51556223
51557054
51563020
51563063
47719639
51574978
51575041
51575059
975075
992565
51575088
51595918
51595948
41255314
51575046
51606548
51606849
51614395
51614988
51615036
51615398
51615424
51615447
51615470
961232
51615982
51616026
250873
992572
51616081
51616145
51630164
51630178
51630259
51630292
51630314
51630337
51630360
47725139
51663564
51663612
51703202
51703229
51723991
51724045
51724050
51725450
51725711
51725745
37515882
40951130
11124204
51738547
51738615
979453
51738760
51738816
51757457
51757526
51757886
51777563
51777638
40436029
51811236
51836581
10730655
51836615
51836625
51836644
51903429
51903451
51903477
51933157
51933204
51997781
51997795
51997860
51998268
8382494
51999333
51999371
880686
52007903
52007918
52007927
52007945
52007956
52007985
9429600
47976628
10527343
52019329
810175
52019358
52019383
52514901
28701195
52019423
52020068
52020120
52020220
52039583
52039606
52039643
42120784
52048474
52048482
52048498
52048522
52048549
52057576
52057614
52071381
52071403
52071479
52102189
52102207
52102225
52102251
52102273
35877597
52110764
52128609
52128630
52128652
52135883
52135906
52135953
52135978
52135992
52136034
52136059
52157025
52157121
52200246
52168274
52168326
52168388
52178635
46651211
52187779
52187839
52200124
52200160
52200267
10439649
52221987
52222031
52240223
52240272
52253096
31154716
52253123
52253163
52253185
52263686
52264448
42130672
52319469
52319524
52329285
52378317
52378331
52378344
52378352
52391988
52394883
52395806
52395851
31350649
52418330
52431411
52431432
52431476
52431501
52623497
52390344
52759876
992586
52530567
14754383
52779151
52779170
52779185
52779219
52779234
52779250
52779931
52853277
52853371
52853417
53075082
53075124
53084928
53084982
53091780
53091827
52397250
52401352
52401456
52405478
880677
52405703
29153384
53091909
53091932
53091972
53094397
53104418
54206971
53134676
53144610
53144687
53154601
53163163
53163190
53234343
53294475
54207259
53346445
53369366
53523022
53536822
53537338
53810176
47531757
53810252
53810329
53818065
53818121
53818192
53818222
53827764
53827828
53827897
53827955
53847018
53847059
53847113
53847194
53847326
53847419
53855339
53855381
53855483
53855556
53855619
53890794
53908563
53916045
53979089
53999338
53999356
54096631
53984949
54145525
54145563
43500794
54220960
54859077
54865823
54221554
37449298
54866314
54892406
54988304
55184024
55205467
54368685
31013806
55427144
55456401
55456705
55458339
55475986
55486970
55500587
55515710
55515905
55523663
55550496
54223414
1157828
19345823
12868737
42245910
10456360
14500122
12588051
477278
37701371
4933913
1537936
45520491
27689384
31454526
31305368
41422644
42686851
38251319
35873938
43752786
1486318
15164825
45641393
36865590
42989238
42781315
42781400
31146206
42761360
46548346
41675734
39376183
57759018
57759041
17450218
57758876
57759043
57758940
57762746
57758990
57758889
57762768
57759007
57762827
8074883
57850393
57850394
57758906
57758847
57758864
8074674
57758916
57758861
57758978
58488407
57758971
57762543
57762553
47503397
11035374
57850450
57759027
57758984
17318928
57759060
57758879
57758946
57758956
57856429
57758933
57758851
28915306
44733635
1238822
18629636
18630913
44485632
49038116
42940005
36605602
2549194
1247082
57629101
58470588
4129776
54630202
10438937
10450806
4229382
53311012
10031848
1955957
1246504
2275886
10985150
33503356
26854177
25950624
35113828
56319448
32553446
52089014
35835864
26167204
40753831
35835908
35835910
35835912
31499094
35835916
40378793
35835955
35835956
33169795
33030105
33169810
32932719
38074454
33010292
35835958
33168474
40173604
50257654
45168175
40192847
45170102
35835795
35835799
59017457
42551986
46769826
53653732
33168709
33030103
33030104
33147559
33147401
33169930
33030102
2711415
13636842
42228934
34237185
1068209
54971225
18030657
27834320
5185723
46678472
55890074
36158820
49177882
30497713
27091746
3829005
16512942
17962873
6558590
36486034
35950388
46590417
39416220
20127258
42139659
27810265
6365636
26338496
2594620
1150532
30770218
2601742
54957376
18726534
4167130
14940135
8195494
19941230
21518606
797304
38216008
4059023
429700
35130341
58865580
28010520
23266481
596913
1260225
47423878
264303
42981160
643872
1225632
398847
60429
429624
2609462
14064991
40523326
1676048
4325491
2611971
4040405
1919686
31989451
1995918
8498167
17762376
45638306
26398411
44571310
13753558
2870721
26677447
19871707
47711053
430722
454403
21675233
8532668
26076145
13430765
548122
3765147
58582001
22554980
48317971
8514295
16984813
45138227
41460554
33179123
1351968
3100204
22018198
4241130
536846
38260416
11570936
3469699
28223359
12992586
26964245
51002645
58575446
28973563
38755390
40332603
15860279
10588834
40130447
41915053
16137133
1057788
44190015
11007681
12431
20321689
21680578
8283008
46846474
36255640
26926858
25624112
4615077
216895
39936559
41459135
573861
46505487
7059064
15413835
7344222
10219559
22419840
55725219
6851770
93521
45233025
45464244
3844607
22243381
4502286
26484675
1953627
44171048
31110373
336555
21843537
52081933
16391553
22284048
17174
49448936
35847782
4111712
1651761
20521511
18168682
2993016
40813638
57631953
2936161
22624363
18366
33558264
33229403
7073965
11576428
11603530
3931543
31747262
48902004
10013866
30857966
43066864
548297
27309746
44501585
28172574
7392043
3809811
58663717
588602
24750801
34005384
11647367
19571579
49939362
2703582
4557672
2534418
5293591
13430549
16264786
3618088
19332482
18559997
3400891
18622271
54574994
45026774
14740448
1674531
797262
51703639
17995268
18983543
18876426
1619857
39099855
17383783
1881490
16181006
30721987
13336054
56394373
33382289
24700856
3645130
3213674
40288444
3272423
44519328
2449497
8840679
2848526
3130543
31463412
51846950
22978106
2748145
25578717
21512595
7987185
18233517
47622156
56091604
47615485
4555947
6422823
2582836
661012
2417102
32603505
47946020
55083878
33019073
12240522
19778769
11246715
44070314
21577339
56459875
39054101
6087782
2273753
1048069
5367330
16748673
2958346
12676919
12402435
18484830
47081924
1445931
2789245
43339302
17414595
31510112
25256397
41185461
4094719
56540024
485691
18851454
22062683
25693592
8080270
47470622
52122375
41027064
10442845
25435264
16576271
19233731
43391392
4086271
36994521
207781
5560995
2849204
37688351
3205016
17813833
33805369
1395835
1793571
32259701
53034
5752032
41861
8951851
3927467
48580486
2315033
188213
1620022
21597153
3099107
31638589
33699443
24042913
1080678
51406854
46391663
38301715
18720583
34356662
30889926
14105582
349143
142799
51222584
36048850
8236343
2147067
57287562
57436413
16779521
18949501
1520173
1479991
6747966
19194044
54012575
216901
1025246
40880079
45540859
3764216
13329709
19368896
20263150
24845415
35593670
12449887
13813397
25106969
12911702
1619085
3359563
24369574
483628
58580136
2541358
5384233
57169462
50844238
8431752
19433597
3560784
53267884
26491015
2873151
6562963
13799602
26862754
46556518
42113681
30810138
9966005
26593670
101571
26875268
44174652
16884964
50844543
935823
27274760
22990499
1496660
40847712
53250708
692908
26854193
56331592
43626690
19379172
52289693
14203644
6711016
50614496
52413824
47089052
3010038
5548513
41812878
6675113
52161126
16674425
770481
25675799
46117
13914780
1053173
25679761
25675697
2312166
29040858
25677185
1682935
28274458
1281473
304312
25676529
12627636
3011629
25676204
3221640
12781426
21921280
23063503
8903246
9789442
25675523
2707629
22774435
38785997
14988950
35802881
35684189
43333884
38020672
20124309
2581331
29421914
1078399
2889816
30237212
27673217
43951569
58914122
266391
12550199
674860
26317646
7377647
32422141
41723839
29642791
50342953
31332308
36607498
3844390
57204207
38911824
31095126
51281844
9176082
30525798
27032233
31336199
55922521
2264256
34629192
937312
55922581
25872369
1002181
55843749
7558251
2029357
55922475
206471
189721
55734926
30713261
55922430
24650455
55843028
644305
189686
13823029
22076402
10118
56669672
9503235
59013586
4331175
7319287
531719
2600032
20898769
56662878
56685974
32046022
3110677
30005520
783309
13586056
49260011
13222961
28992940
56674863
28907978
56678631
30005230
56678877
264787
56669831
11864402
8183424
25796872
59014601
749697
20750628
45472355
30758511
6109772
2155530
34867192
2027938
9753162
54554384
49249841
13640604
9052867
11579492
34517693
209913
22986519
1343893
48374734
4826906
19389322
11376798
14139873
32943372
2671364
45296406
56454596
1245096
34806685
4759274
24530142
2450554
2532204
3830125
43473363
45670045
45665525
33009797
6550356
3227667
40534232
1254237
2490429
29417637
57322276
8487022
3411647
50343788
24494759
49437839
55463702
34929685
4195832
27800978
11556918
50574297
2306777
55601164
49442608
11700886
13144698
16719845
2309046
36918685
26915747
8439684
57917295
55674559
49184199
52318959
29182918
3300750
12423672
7675221
24492756
498969
10736251
2970761
31991282
57773184
2683489
45421337
30790500
33010885
54812316
158058
54037142
3134035
48799279
8222630
17528
31451693
55037166
39454316
22117982
37682831
38776412
40586174
41189291
10708918
34586690
41167730
2159915
30782311
42038116
40885517
32902053
330509
5419420
40999607
49762043
1243326
13784225
57868820
38744031
24518438
57453547
49656650
29652763
55288759
1425480
26332592
55659284
11691081
10793357
5420155
50277874
51683403
49990784
32286993
81898
38232184
54033348
50377065
57389137
44810878
50115892
34133989
30784299
897747
22986652
4998541
19402151
50390939
46463476
26349336
3503488
24534857
51239706
3234526
2466637
30847873
8359124
45696868
55214908
50305230
54580103
18952734
34590303
53462052
3473233
25946271
55490763
46718160
42947331
22089794
51015556
35046386
7625989
14568470
49642174
6870890
58996041
58968950
58888666
22881143
31089252
10241655
48349489
35520132
24496511
16472604
1568233
49600124
26479551
384781
28986035
29025463
47526926
4174473
1983417
19460560
8196184
29017158
15705440
45223052
57416205
43793157
453853
20810410
22948148
26788977
16385558
46411397
25535646
51245117
53547359
53457336
43648426
6792685
55182837
11647700
31575182
34993036
6737258
55829128
31567337
17964626
33701635
46411451
883879
24547218
5988792
846252
58395406
16044
57403890
50502975
37913122
55524389
47798254
3957052
43598893
48350009
57440918
3558429
48926482
19945256
8285632
41401375
58922838
12599831
23194145
9390154
12534380
55183388
1327048
5695697
53445905
48945543
23406267
58969187
11990724
23474762
55003256
48805366
31561321
50616198
48898614
18147925
47646691
23967386
49343831
12356528
47211688
44201858
43708518
41252860
36208178
33010263
12917996
54631472
7487702
210542
45515065
2673776
55406632
12032622
9469787
634436
473146
26743647
27889026
45662079
41708876
15011583
51342307
7148717
24480566
41485411
42190541
39218754
39184029
35774816
11600416
24502246
29022381
19402345
47184783
6483199
7048672
6786528
22971446
19440261
7049223
13428062
51627915
53398731
56292435
35988852
21383475
24493969
29020046
30590200
41989661
38915863
600739
36874726
15713938
34959641
26916989
30794529
14896057
47750072
16129449
49643316
9396325
1479945
12556700
6297301
33454436
8062613
52217606
56814612
21874528
55114734
3656148
55925668
5304322
9059732
26860028
19001383
15781
7332998
7688035
1946688
13824311
46857206
25567545
19374872
36684885
34909040
37013824
40884996
4636589
53581702
53702558
51592947
53616019
47235513
49469629
36159550
77127
43590767
34825905
12734790
9383138
3489151
50589545
44571115
44561854
33414895
40606431
44392636
57695998
44600194
43014675
33672421
42650826
40055988
40634387
23882463
50589200
43331791
51440050
23800422
41197580
47264380
27479231
30413345
44260655
16278033
57542969
13701759
45512571
46627421
34825317
36978820
3456136
58893115
4070099
57471111
669981
19948393
37666407
15111035
41199158
56565171
14845597
1445265
53264914
53684615
21581762
7897012
41199482
47838186
58906469
7937296
28357739
19919319
54512183
24015723
53336646
43393978
37570837
31575362
45239144
27793603
31996630
55943786
39255970
25699939
6127814
39137051
41433020
53468182
48735546
57403124
41782963
1448932
18588568
14604168
15617599
50890533
52148851
17257788
46398798
8599873
26507463
17590592
47890443
28208710
32764411
12120307
2089973
56949187
5565840
28358226
1718332
34447454
11578253
11053078
21250161
49997316
3429736
42886405
8127919
18515504
3833003
50230239
10864017
27968480
42770531
28727326
47529670
26141460
71878
1325927
32608441
49555448
58171688
41176767
5512259
39397602
37585144
1027648
32836499
32943515
57542367
57578706
53211417
4599402
2504061
23124159
40938939
34954263
57677863
48561623
6457672
39468172
13152159
291966
8397973
19655491
9425695
51301346
45227636
43893337
14332179
44253707
31465303
29140352
468297
23668022
43415138
22276288
29140059
4263787
22530904
22349986
22383102
39037760
22354341
22632765
7322320
79376
331256
45030849
13283604
48818087
52240542
25916305
51753006
41991745
189928
3031514
2143563
25702716
235938
311717
41247926
21975063
41987346
53140335
189690
52944827
33534449
30696541
3576151
189915
8410308
1271029
6161042
21653868
42061410
58585038
30258377
6183414
1547361
31464954
27966281
15998
22773425
44769565
51631802
51211346
54587043
148715
151329
209215
51144494
6458844
17635106
51176792
22846797
22846687
937871
51033096
22852272
51033579
1535707
3909107
51541869
30122064
23772112
32531482
34287345
47366237
51615096
213016
22859427
51197446
24419483
50598286
15002287
16185080
51424300
314401
48462755
22801651
1997237
35682496
508339
51511520
1598986
27955796
34279249
18249939
49264832
57598827
15169280
42650
22746408
7955221
34276100
35644261
15910558
50712857
51955690
20609722
6153225
312964
46692315
54767984
51665197
57444249
51953181
276030
57452991
7940042
33104108
11294189
34278848
7933211
7939875
57452943
57843318
23475727
51893849
56140902
51054998
51162261
15882299
51934535
21296681
52763307
50546730
360141
22643102
26471770
36210351
3054034
55138111
20180411
55901196
180347
34280800
34278671
51017827
52594268
4302791
54339327
4626232
37166345
30257223
52919756
57135372
35613865
51300436
276044
220695
51882492
51203900
32085592
57466736
166565
20439335
349463
19986091
24023513
32623398
28094792
51896050
51364734
51510901
51217971
57384461
9017017
14450516
2557008
48777162
3897952
49262881
53197368
902181
51797950
51166513
42037896
50991006
50987143
51235649
35681278
51504977
41726209
22773671
22801288
51921588
4261233
35615042
161565
15725610
23482092
51903822
51225665
51082587
2640599
24042239
27535550
51177075
15136477
41730173
25675589
25675706
44391296
34535405
55883179
20172542
189965
48995933
588263
12022715
2685661
15213698
34166681
35624969
29055008
5299541
22239168
2451070
38023785
57142951
2151148
42103853
204033
4155072
34140040
896282
204632
21617057
158401
32018374
6070376
50150391
7714420
23104311
43667
2445034
902136
57423634
57444181
48742157
52725529
30883583
37959589
6478223
32018334
35308304
41656403
200495
34793155
34117555
49677400
36910632
1524982
33636173
20849103
9644277
3128745
45250190
34424506
33061899
35719408
33898076
44170098
24037165
6436685
14020553
57384610
4729117
57427422
5624091
11418828
57432333
48707603
28826494
34244694
12281
57432153
35153181
51368279
13945311
57428552
2164595
2491642
5661805
14850237
33179249
57467422
1826263
875475
57402921
57452896
209368
37075561
30247770
44098409
55720052
29438319
6284014
53677698
20572503
34738558
32018395
51362597
52475945
33605325
47954253
48993018
33453924
19100767
52478887
20539104
11528484
13373837
57450774
34885135
162090
28226201
57417428
43605139
44375104
46220753
51610669
42788874
35645747
51205779
42053059
484031
30319824
57451031
41229874
36973605
39854554
36590966
30400884
53866636
44120452
7202752
2006306
38842661
32265009
28788475
15417358
38739240
9369644
46788231
3939521
9770842
56646090
21807313
44306039
16344542
26004196
20196652
39305778
15658546
57853928
13208169
26631782
193208
24258675
38746873
17847974
20067668
47698699
34800190
21966972
15669357
34790878
20560209
32439790
35455615
28414515
34322422
27420415
58578067
27926247
39160486
23432806
2210381
30240212
11344367
53967027
51147804
4459395
4466642
20482618
4357646
12482
32685593
82748
1398934
57444694
149455
4878
1045422
9918791
19944918
38304253
15463566
231699
58656985
39657407
1642296
40199469
51809621
47259440
46079
4197713
266414
57424515
376604
10304513
57444549
58291043
1770417
52256804
147858
25293929
1924551
44078686
