38890
14541260
33017018
25646039
53815472
35353877
26242611
43427
41751262
50283749
41301792
5973164
44130688
23500505
1125112
3010875
1723628
14529483
11501917
14245848
32818565
68140
53296445
10526566
41550553
54098179
25577815
47864200
58687979
58858617
166380
33802674
39270850
40390498
53643626
665333
500948
4014603
44817531
25214567
48483301
8243937
889726
5318004
42001
38973180
15522138
8177105
13360851
4368966
18400577
14738913
15654603
4576518
30635101
7777698
188094
23638
50650
33615960
20653168
31071816
2219220
24417795
28902157
22478048
45059214
30388766
37541861
51030981
9041863
23206350
3997493
2642796
4740982
2364455
4370036
4370125
4370018
58800461
1130097
4370004
52823070
10875676
1540711
4597674
18930968
9556852
3104334
53037512
51859663
7172991
49505200
45617387
30548990
58886345
52090945
48835217
488730
37665564
39580391
25922191
31065727
1227680
26141336
20803306
30405243
36332758
18797385
93829
1134323
2338581
52777355
31443674
3086375
3406613
19967277
684040
932897
44432921
11635760
57376469
20737471
8239144
6227790
13411300
4513339
441872
25516263
492486
2350163
2432238
23748305
51230956
598704
51087060
10099846
769021
22617127
998103
380532
1631144
77060
35438992
4136144
2654847
5281480
12924448
2679032
4502
830651
49001977
35911437
51153357
41857353
12911652
21024824
1313984
496995
20698768
7005392
40578335
20188813
17580984
149307
2887610
46416037
4627439
8338259
2454708
23211852
19911773
29343046
288262
31836335
1026901
8957
1596974
4145863
51171186
3218783
54001845
58953380
29698161
1914048
758905
45314746
6263181
3295601
7499232
50208334
12326459
12327567
3694845
45063760
2092057
5482977
1804420
362464
293885
16403515
2291204
50708946
31153460
2642277
978997
192517
7482808
614085
6104628
22406877
37926891
6012335
548739
19526030
5219699
47190810
312268
4915128
19035615
553628
18263923
35741235
50177657
1616138
6324689
166826
216908
2440535
299967
13072917
52141066
33978666
8731629
39482555
39576587
24065580
31845142
642328
52440500
26279603
105222
13025479
53069051
20232
9507953
2797422
1108774
39743243
93825
2565857
46174
1772649
13844257
38999618
1775454
9096236
47272134
33457394
29098971
159284
1057064
6128122
2820412
33293566
395889
18441713
1608716
50691676
62304
179628
920218
62313
726049
9674107
24354
46843228
34382035
15158793
38322873
20700053
20811122
46882757
12721713
1154853
5617513
1186840
25465863
411765
26194
51897188
6233389
37011797
566975
2796300
2091870
871579
20104338
22733563
20765003
3224745
48541646
48172434
23149582
32977591
54021693
4571089
34948464
7625133
11516662
36772719
32450455
5460692
2340490
334955
42503038
1007643
2909281
57408679
43815417
1913376
36294209
3452765
9357386
55191186
20160294
9127632
2537522
1470331
51299313
51529492
49162176
30906179
49159269
49780593
27492898
44707607
48444540
55931886
6920635
35942883
13478480
54568999
319610
8553751
50550012
39337116
58685900
42940
54424157
38260038
35049854
49733889
21167788
53452258
23826998
32000094
53354629
8145410
749788
38045209
54069375
39207238
19364849
48483838
790808
50349553
41163070
46439815
2730533
46840954
35038842
38076
29880293
168986
49921046
49219918
39269199
46984631
18101603
39269279
50274456
11461412
1989020
56237498
54976874
15806009
3541535
65132
11801835
8125499
50238405
53970843
12936761
23420193
49780148
50529615
51066217
48050134
39288495
39392026
49810360
49813299
49293529
2436363
3630374
49781126
49781138
49781596
49781600
49781605
49601697
49292515
51529881
27493016
35039952
49633163
26305461
49557494
49516442
39984881
44961465
2686634
20445291
53316821
41439747
31351275
48264022
8355163
49861393
20097070
43868891
27919
52335682
52399962
49158055
52506202
10869371
5635076
48756720
51179574
411782
49557171
2747470
52841665
53363521
44057611
40624269
277810
52974301
52240704
44055899
49033936
38523023
20433613
50533059
4797745
7985514
4521427
15791844
56450772
57126929
38036756
15236363
2777285
646842
7090906
24128922
28808092
7842233
914098
8504195
28646624
1137144
1970691
54069873
312439
1399190
3109661
8868378
4460
10388309
28843311
35911445
11339988
3954
859981
8894516
18601295
17970466
29834362
8420153
4111
23526104
10203313
6928882
4584230
45784
46745932
11344743
42576177
10582830
946929
2065799
2312640
9580771
2186993
24446858
34808927
746495
25658641
434188
1006293
23969712
480700
20611922
551450
1762628
50033811
38380954
11594369
11709317
5314955
47285767
2447768
1009199
42325019
36845407
1106830
31040311
8307294
2285013
11894889
6352441
42057374
37102865
15360151
43253804
26415811
525722
18259841
50992773
22947583
28564320
27900884
1984610
47192472
2146034
511626
31144433
20756967
27140749
39150695
16565278
331579
44305878
13097619
22562859
7955
6425322
28268694
22810768
5629357
8697
8255258
1158125
45461558
33334030
49256303
46557481
14341419
22315224
39619
1029022
48845429
54041957
3470484
2051037
38255399
564380
34634187
10482389
3840121
31643950
8156507
8631119
293676
53307338
29221300
24801892
18526787
35823031
2192496
6599910
26245162
15620079
89242
12891
51382451
12383
53995681
32672803
3661644
50591385
803558
37518608
29071957
21003747
43858552
10443283
58630953
14094
35029495
56930559
31529144
8142925
33966019
24896405
42277447
3479178
6520671
52966974
15991162
2381640
1612722
36315057
44353369
2723752
17181487
30965725
33548237
1127940
25211094
24135147
31985560
33233736
45389775
21451766
884805
52242380
49435114
26080977
3016399
25672736
27456094
27456286
27460882
27460930
27456459
27456863
27460950
27460957
27459241
27457008
27458835
27456923
27458759
16770101
58742475
22714697
24520406
38610814
10813955
57044077
13402281
12054042
27720533
18267886
33965201
2564540
3693303
43318261
13475684
23400395
32908006
16482142
18906
4817599
38939487
42318629
40439442
6563587
24704614
315043
1078762
31792769
31552410
2769113
2154572
25731645
42589894
37959176
12993572
13515972
23048210
39124671
4152953
1632972
9299409
7737653
39032553
38975888
41756826
44524545
33980770
30031381
6609299
10931846
28333458
2652481
12139505
1749134
8715575
14136041
10977940
51388795
1068768
33533216
39950774
1857574
1111019
23647
3479299
25008405
11040192
37903929
5523586
216104
8253098
167540
542744
30911957
2161878
50532084
13883765
42863440
33691299
46275516
27975505
50871925
32793668
14570400
31462586
1357514
40427167
25207831
54375950
30407298
25271931
25758
55764851
10205458
26068545
200646
40379477
42067613
31001609
53576321
513091
10095073
12918117
53367602
9007251
15141674
55123599
31570900
20727645
20497041
57313623
47656176
6006708
27783
22810498
22977267
50035369
2108774
1129005
2794604
9509772
52520385
133176
33161940
50177303
841429
779824
24719493
49172614
38686504
12594118
1707931
39782989
6173922
31001884
619632
12139197
37879288
57956800
58734840
58734908
58234137
7011824
32473
34217148
47973429
1873971
21647820
2347765
1265269
6476735
43478312
34445482
18588727
20732820
27105
38135215
74154
12330887
626067
14002
31950201
55092696
2526456
14499993
1676253
2370921
34524359
264765
8349656
5787655
30891242
11839180
48036893
35372106
31932415
31202547
36591692
32898703
48807280
14932159
25747726
722672
42401627
37658639
3902606
38398925
37517661
38065067
23830082
41639184
20497431
37696632
37724748
32826371
42841555
50758294
5976318
21026476
15860399
763533
50302335
2274379
40850094
7362118
1692666
38205844
38306357
30874722
27163466
15325578
74215
14522051
48922850
18509998
1696077
50459347
19210425
24537929
57863371
58110581
44855053
14540333
36198576
849770
20367260
32955700
1198160
1301543
37564976
2072416
22576474
36231456
46549338
44204122
6439042
48629072
52425057
47442017
27879377
44807402
26525006
40073824
23276824
46672907
21131801
54234401
40429591
10061821
23276232
54010164
42652788
36057278
8593995
1784374
31193071
35021808
2017243
11999250
4760263
1021445
41904215
6157134
26562028
56354259
47290570
6639878
56136980
42193249
38029018
32851666
24823442
28169529
1835511
4564483
21145044
14099722
2574869
22879569
16780796
1506332
43515777
10983473
19695163
49984305
55322654
31339564
46726166
2272402
203104
14146903
28131241
4995
13298211
616415
645487
810090
623130
8818842
913985
87003
5012276
29150721
23029816
204899
1937921
20248259
6233035
305401
15779870
25686721
29203952
29356375
25100217
844184
20493
12631416
20091106
12756427
1116600
2252626
9538186
1375680
29001953
25698890
152659
28894
27760875
22785779
1490376
3613601
29201532
22620616
26985989
43835636
843744
2022334
59018
55270456
33977191
51759942
1396301
34982130
31213588
54477337
51760202
34901337
17837035
1372732
17818125
46287345
9230761
54076901
23349899
11134605
19898809
17354792
34809573
3400190
1484425
49002199
289860
52277349
28326718
38862610
580
48782005
47487
48944856
1947920
36197961
48381
5267
40676777
51779233
8721871
153774
55561850
52913121
43947436
7186519
38869556
49203606
42186414
11569539
5904871
12527335
42718949
363092
48134895
245434
56936955
36049960
54320963
47608547
48896127
41914285
39334935
50737844
5180
2751872
3038
43180070
1839
1187
56746642
18504176
25421323
71268
706999
902
35741423
24568072
13464959
52050131
47772755
58076521
48126947
56135961
11092324
48950296
47856613
1686272
21347411
5659
417846
199040
25162865
10257708
733929
6271
16090759
241761
5736171
85029
7746249
40428285
4133285
11960085
48999251
49896217
48248326
40045124
44558555
610329
49059554
37605500
36680
52625201
38403118
33177861
40913419
18388283
7794
44503117
55296319
15642090
48623453
37732235
1178756
8339883
656979
37125569
152969
53013804
56824574
2275867
31295654
40611538
46644932
13849906
936085
50791773
14624
53076456
1964288
6756239
52754183
30897833
8202165
58662878
1570072
710202
49072305
50311973
7981894
47305230
286069
34410870
19555
4653948
7922141
242001
51937029
55030481
4062960
35696465
54537321
2016067
1403587
55297477
363430
51934343
6722725
1246630
56095710
46830895
43939378
52837586
23568658
49301338
44969338
58298982
45413683
26786438
3173180
28756
40542804
2945180
1048518
55573246
31491
48458437
60875
49312720
57406725
5653017
3406503
15503387
3306963
7183730
164548
7371134
27195188
26446535
5279341
40174279
7266679
43317198
32789082
25383607
25383507
13809854
47527
31251910
11991929
9871209
16112368
29155096
13878463
944638
64919
33443721
12305127
43514962
11034502
29013335
39562
18963910
1404353
27290438
510905
2931691
78534
898161
54962
11650157
794561
28637561
51143
12451
7940460
29382860
1786604
1276100
21062386
78204
4319474
41960512
3178175
21599341
23219171
31775293
10185698
6549164
29056004
44044
1365774
43613282
54512571
23084
328274
23263
48201744
14500263
24458151
10285944
52794196
39799214
938894
182779
286454
22679533
5573115
59413
12516292
43936526
152630
4472911
7934659
238112
39474341
20609863
72585
4886627
25383635
55949736
22939
24489
3445246
1653925
5435566
9079863
52657328
49342572
50724262
33327002
55503653
53991267
2664158
48520204
53790076
55823152
57780625
50333728
49885288
51084847
31969872
51215300
3339367
50791779
51297098
52907991
57507652
41232
21348562
50013014
51860534
3591456
49418115
39098
784621
57243717
52160778
48583145
55121627
48249441
52748480
57642278
54477794
49400436
676502
56310192
51167783
46545942
102847
28481
53031776
2178434
42906061
50561501
52588462
49226157
24293838
58864698
53759905
50588414
84400
21957147
21957389
29674831
30121972
27508715
27298101
48216910
34251053
34219383
53906877
32472017
27813468
28989319
26698079
27344571
29010898
21957488
34193553
21957518
21957546
22359207
34344539
34344544
34344554
34344562
34344570
34344575
29321780
23637692
31340804
32849586
31607663
34215717
34205187
36662090
28203648
27279647
34364784
34364782
34364779
34364776
29996502
27581815
27438537
27705506
29668120
34200131
34215535
22441254
32653585
21957618
34193031
34219774
34083877
34083454
34224409
26356594
28562339
34215635
46257518
23336105
21957667
34196250
28208881
27915909
28792329
44651817
22852525
34438900
27671509
26063760
34056893
22377314
22551584
41042729
22299734
43973912
24845319
24837678
32032951
26386422
41857352
27211535
27915887
22414608
24264739
26392512
32735498
29442547
34167399
51156821
56410805
25742231
43241691
25382229
22415823
30479614
25717698
33383713
27653592
26146651
34013163
27283690
51896757
27372559
31800086
42470988
29379513
22440369
25053608
44617236
27374148
32006400
22478216
50587295
22441000
29759476
26244142
34700802
46319174
28205340
27705405
29567967
26761083
28034684
26876792
34418108
22440830
29487728
33853949
27326370
29635049
25990918
26151103
22440511
36347345
36543294
47014954
28044858
22441362
27651617
47210167
29570614
2547010
5059719
873965
873819
745725
19842425
873754
25060870
5515460
873940
470642
658606
52009929
970559
3030113
2290181
466599
351394
2880968
873854
197528
873698
470648
40158763
2704088
970716
351422
351889
482780
873947
2341575
30262
44911864
44210836
873872
2703671
30501434
526903
873522
2735695
873868
873599
873844
2290361
13639935
2290387
873833
50239422
2704144
873893
873716
53014376
4410260
479108
54250590
2290404
3018033
635379
7399614
873934
26386980
972042
873996
198603
656373
351409
873661
1027992
197207
7890833
1234444
3901315
46583098
31637158
2822702
29425499
873880
745086
972753
197189
21715398
4455454
2290498
387999
873990
1281927
40687430
86820
34684510
1612600
48550955
45339895
40695634
53368843
4390760
23448158
17780895
52563356
681568
2547007
12658744
789425
11355257
53773838
774502
9712273
55980248
3933830
40382255
20454705
1588841
3291366
2673451
58902618
49408289
22013260
4298660
30387479
1853778
46221955
1741027
1741105
764533
807902
764614
5440635
834672
19587932
775263
5628883
760736
206687
40932719
4107459
24550396
1766622
3312366
28972952
34605676
8580973
826467
777268
40695880
54285532
774404
7898478
2851077
764643
31948970
1782310
3688203
28706924
740561
5693489
4161892
34629603
4647532
760730
15638655
55563843
729900
871458
4106763
48201018
34564906
38035015
4187559
933589
32373441
3688869
7173741
33383114
5163894
1778150
57398059
51317367
12274706
1777439
9198927
48706684
838544
42557005
13706536
19871830
17737546
17870272
1033433
2653867
47986604
17417840
50865560
37361886
1766840
34382650
18047542
1160141
54029906
17051408
13793229
53413142
31167341
50899559
593498
941923
41392354
5076773
24493142
47665036
53345171
34157712
55823640
846054
51440095
17776831
51199037
5259953
11084814
3411121
34442159
765292
55602882
46299102
12728519
25961892
789480
13302135
50966804
50885756
25851180
631710
1304805
1601533
47257892
41685822
10201896
3094392
43531836
9828052
6076253
3025570
6195887
50607568
2920417
2807448
43789744
54207831
13114237
6038692
55182595
4167333
1355700
3300289
38856867
29402982
40655036
42478293
18682025
5571750
5643965
40767189
55082248
53837246
977351
667196
36799789
47401906
29686611
1025718
48457228
9361141
36172635
41616956
15911980
9583640
49204690
6922993
18748415
58128006
25207021
48822343
44919635
43422362
53882423
14220236
10518059
12640115
37131939
50571493
7776573
6948556
54563599
4435012
57058572
40309755
52955595
55163082
35645642
22305422
53384718
42307766
31697885
2632438
26526088
54213226
1154221
30944095
58645985
57625935
45295473
37573969
14111115
34847294
30595271
23854148
41779645
56593137
8409476
3903789
25546376
19833089
54182822
21015553
20845472
18247348
6446769
11371107
3007856
35178539
19105502
25221493
12720295
42233461
1811066
17795038
4486201
17686503
13697159
51568271
4489461
21247166
56773226
47800100
11692445
3387783
44778097
42231
24055988
40850116
18744801
41302762
53467752
46615453
29686577
36899008
43970208
6275930
51044193
44817234
24640834
5247034
29407574
8798309
41336487
2285868
35681165
52131042
4261485
47596640
20501785
30807984
50995575
39007567
20033225
1718853
1396266
48602668
7057536
56613244
4064464
43724549
47972591
21241192
7565093
24592348
50145306
20302266
51899423
49795988
54015044
33386318
56629526
14591746
12632957
58713866
4421651
17322397
48610825
50053183
3274061
4272623
41519671
52495758
51758796
25253955
50387175
13789625
44843579
45468572
11305204
21077468
47131033
43497219
54541552
9059122
19673937
53578123
55409585
26278120
11305248
58519487
17643161
2848286
43198295
22868263
55089508
7475253
1053155
55556786
9775965
18877204
43567626
12018787
4762209
973296
6554334
19782669
1517443
40849320
12449713
2439093
7485375
48549427
49853513
46367661
22072197
17723400
2073269
44621920
4392398
27607861
1578359
2965672
18733535
36463855
45501034
48461272
10131339
47365448
36337249
2961185
31234090
20667742
20658385
20658420
30101960
20658380
20661110
20660684
49722642
30101781
30102199
20661867
20661333
20664375
30102034
20660940
31234101
30102281
30102141
39556162
30102119
57645415
4276767
10569872
52922331
51587268
34684337
43405714
17134309
33286412
29560969
43413389
8377310
41919078
58242883
14289682
58502876
43640928
3230759
34683835
57151016
51458086
58346959
51363292
57316443
41721420
20660631
56211102
42607550
46893109
53448775
26466424
4985946
33799080
51050351
46893336
6242974
17434804
52148685
48477239
34860863
2669439
58666815
37972942
36520327
55868271
58504024
49292835
34662643
32889766
49626842
58118318
39743020
18363233
20660745
18683438
48762980
38163660
42045081
34661234
3977590
10328125
46497138
37972998
49273226
34928789
48246659
34648187
49455272
18893435
58153457
56030210
27460142
49664704
36571110
34622346
48564127
20660842
33623644
35118873
51909382
34620473
42329332
38810956
12872534
20661031
52998362
15840962
50585194
38794601
8899030
34338342
10344162
24630594
46759963
17342520
49278031
37558994
56845247
52599678
58361329
1852405
38352577
25754272
3729332
34296447
55611416
57716134
57587126
18035930
58427371
29593584
29593689
26024425
24374551
17287396
22666808
4291246
49420613
19859246
12736965
58502247
34603052
34608709
44381931
48540637
34602985
5755931
12028435
17186415
18333986
17019451
38554875
3634131
20812856
52906381
22406489
46846384
51065845
58069981
1674369
55426658
58580010
58114387
23511391
48963201
35368123
36976124
36981985
43516263
34591865
51050163
33487881
36953004
18015419
40371530
1862513
12036427
3803380
50220979
37160709
10721459
37675691
48258512
49435155
38669883
2314644
37618233
22981309
33623516
5932221
21673448
1055793
35644003
8146294
20661185
24626874
40793163
45701246
50490044
54768913
8109635
34575812
10083256
6835753
50178420
58339188
13490669
35272033
51561223
4134055
8002337
46781647
4853308
17133231
10193506
942491
43771598
25656559
22392990
15713239
58320603
26700541
36774855
28129453
48815758
19496930
33224346
6882912
10332826
56121128
23788643
11987693
7908157
46963467
37364533
44514703
42689159
50405756
38145512
24454232
35402095
42260271
58579391
26024700
217594
10084450
2295068
3617439
58143565
48677518
47563346
47563474
43640824
57317215
53907888
8396216
53850010
41966982
37611255
23167778
2294847
38891573
46394070
59012650
30404959
10473898
40602251
48119533
4840567
37427343
28349634
7832605
16861357
49999785
26679155
38886111
47807553
43569094
58136802
23920499
10196539
32147504
9440487
30072056
2384191
5347577
52719219
52214710
55054693
18043691
30715608
8513436
42604687
35871518
32014025
7799378
34442233
7722823
34813318
19841392
38459540
10586270
6881549
48833164
38283418
6192634
35927777
42361765
29639360
52029639
26024715
41431120
43516432
34437331
7835596
2763780
18084242
2347885
1611373
43933143
2819788
35672193
17472023
1280673
13053013
6079718
4422508
28758257
19671542
3577676
6144037
4368218
14497677
9687705
1808883
46906118
3812997
737905
33277613
732456
732362
2247707
19465328
7415674
12557133
4004351
21888481
1657346
16208756
7592582
10724521
2296559
33809236
2635032
2796159
542652
2583297
7818361
1968921
1380178
39182326
11449099
2942770
13390541
51841948
3776242
43558209
4690548
23045765
2519351
25803468
4414421
7709768
27954240
4379729
4368142
53671981
4368004
1333017
10587189
1099464
20582255
810431
3176178
14450665
6750567
15751595
50972055
17908527
51213082
13231567
8799882
5542625
44840838
33789760
5392317
49782727
2206768
11895178
14087618
14087947
45457517
53363170
12560822
36342524
25277659
15753039
24449765
27527910
13987437
11896485
14244580
14615306
1054928
13460292
18180097
46788995
1683995
12004853
43663967
19519055
25079373
5636629
401155
774144
53948803
944875
8644068
36520038
20371327
5609120
49595721
14159751
2475751
53170285
21527133
15042013
12005987
47724682
14259138
33094679
31152658
10867950
17402145
10869558
15432121
239389
14138151
25267122
51332586
13139979
17164656
16018818
8178922
2250971
14541256
16794409
45493219
33636318
45466834
12163987
1580154
21045430
6122794
17037775
9770355
21192785
45486440
11662394
21209667
9537177
52762784
13476864
56905196
30404380
10868279
21220976
21222312
2257544
14703953
12291448
15063945
15637220
40783865
3052962
2370842
2251428
46787911
53495652
13445330
36425203
57061920
9223758
13195996
41568022
2311362
48918607
14002038
36029456
53159121
2056828
10747528
12083999
1539960
2150129
45455924
42067358
9054249
15569567
46782598
12461038
45464251
12083898
36057709
4902113
14672145
23831747
36974389
37153758
45495782
34771806
28342026
9472238
12419622
14825318
1452409
14571086
42073694
51220368
53159112
40022512
3347310
10849479
16868231
28072231
53155094
11972650
22533219
18518015
11569648
50971480
17989129
5008317
45251121
13428834
45449734
14689815
40784448
2282521
681575
45458751
51550799
24897953
19119392
3046263
22725654
20610468
54284382
46962604
44638228
19537526
13628215
57373834
877256
11629729
2085296
12419087
14345397
17596603
17596546
33636200
46774427
4343109
15718387
51492765
41577677
32341908
15058910
14935313
31003070
46520615
15047567
31722570
15875824
12182814
5490708
16763511
12292243
12325862
45496331
5020722
12477399
12399983
16036966
36987987
39309027
17036154
13533045
1929700
1929794
28009987
15998628
17888102
1543774
18395739
17986845
16798655
3045056
12084826
15858961
36055918
11882204
45473919
3054054
11669687
13473317
18018155
40646553
5450319
14287222
13198054
2505020
12082750
48871130
3708919
31693616
2124993
13197541
7252604
53118394
45464807
15877412
36948649
8022423
49979034
45464621
3536752
14893367
15734774
50716063
15699696
50053617
12417817
15767494
8798268
4658483
31945701
57690103
25034377
36327396
36341988
48827583
19119498
16210362
34553847
36574871
4567014
12420471
58905768
19958191
3368915
25188597
56478351
44146805
14018160
42660286
55113856
2125060
50548112
16075689
44839093
46517097
58734210
12995486
53868102
53410460
2596918
2474059
5587811
2225016
31590459
36424317
57283004
52211130
25018615
4330009
13246070
25008180
12005728
826556
31353329
53178605
34860047
53425146
44073418
19357171
12342890
13197423
56413218
24746172
14017394
2113996
13429531
13443752
45223088
31448647
15783332
41197407
20271488
2179839
31550271
41257955
11880247
13630256
12439476
31367992
17337160
36519826
37333367
53289070
37328694
9056359
21867180
10776117
45493719
52820949
5114688
24581637
5093746
17606948
41443439
2904615
851890
25136892
22076973
12420622
3442495
15412029
1543867
3018881
25412003
14316500
16726426
39909408
48848273
39269148
1544061
16068464
10699359
14003391
883109
15736604
13262159
22146521
33059857
11850377
37721865
19344158
7853473
49042865
981615
5491363
53127594
15840184
43741960
14052124
35706568
35706608
2251229
19554308
41526582
56692474
19538033
36984983
20708173
42664042
2311197
40618342
14892591
35879709
31260585
29372144
15857917
56606598
41147932
15047995
2251018
19284302
2459665
46789697
12478148
10748097
17787200
3176062
23773734
2311496
55101633
17611425
21146628
11832979
41791980
17889983
40681348
41223167
19986453
16742939
33639250
31733267
41336126
24029784
25264889
25265873
31627106
30046872
47148701
42604618
53852740
2001172
13659612
53915269
3292179
2564101
41686042
18328126
32577237
52695411
17480545
33878168
2878185
801754
2024999
52695495
47805321
803380
34678776
36246497
24962404
34678542
57256671
555120
29959860
21951950
30493028
30492995
1989637
57266473
25335186
9591319
54823544
228766
4121526
8358101
3012803
9523502
50655470
7455322
26786141
33985683
58698928
16971323
34645992
36247158
9098327
39020815
23723565
1137807
12811972
29427482
6389608
2302152
52658371
54773435
15613454
9875706
56285516
47664450
25146654
30911400
12835493
47576578
31048466
5963176
608799
34614534
48943485
53753101
17119527
57263837
2021287
49577446
34605878
14844423
3079616
876833
34608703
47513584
51414722
46696410
35613537
22092687
54753353
31494112
25556210
49833573
49854038
1659724
1659766
538671
57288584
6053337
34035812
2500595
23764574
18971312
30857223
13676683
39311118
2033247
1517562
57255110
50733084
48040831
41617045
50803130
37214162
14037617
2428523
40217745
34564691
34564655
54773669
34542194
2508361
36291124
31208630
45629075
42221636
5414614
56279337
11695881
1793234
57143745
12567092
2131435
14823803
51138529
34312705
2559408
23574478
11782853
46194503
46579179
51708042
2982395
54552914
46685414
50123840
2214460
23284520
2287325
983668
33072775
2287377
15816225
4401063
5494632
44322772
977546
57275063
32617710
2288569
9917106
6372381
47101859
58723798
52237028
939587
38653280
28023107
43516457
36827569
57271629
50414502
25250175
29885541
52152136
519742
53021553
2997272
8021451
2109602
40077258
34022917
19406023
19405922
4394258
34451279
40525206
6397814
2265941
598258
51138496
44613114
45075498
34447697
4901481
7139178
57261916
36193445
6183649
48547760
12766287
1545648
13707020
15003160
10173747
9961303
57140881
9076272
6270839
36018256
25739737
27504379
52440533
3104923
55052948
54030155
24909838
53924881
57840491
56905950
3133192
56993846
20446176
33492223
58914320
58376710
57792267
6097857
58353182
58794265
58921903
58857377
7322901
43779734
53924884
57980582
6446168
55163921
52551941
33861886
20572438
57669296
53987047
58710832
55052879
57246274
57830094
57848004
52562215
57745268
57276567
58195759
53122933
57614420
53874147
53467573
3136950
27359923
34911660
5188717
34227237
34270521
18371194
52749291
36158900
51598704
57966987
36829250
30970350
8076881
8366089
4201016
30970256
50838002
1596852
57966888
15228679
35760811
43716157
4045298
5868205
45665979
5841368
9621670
44838163
2647662
34087137
6697522
3537242
1909502
15269528
23185014
44836230
50740871
26334098
21720273
50106036
3387221
49726136
27140683
55498836
30966157
4045043
10046094
30966700
3950475
4361884
1889654
14230641
39637532
14204023
50900343
35030422
34611949
44840342
2193055
11357031
15208469
50858083
4741936
50094612
2461422
911727
35760852
24077640
35554613
14326716
50081260
18371500
7276807
3040357
14573316
17211617
49148279
36035966
2482888
35316733
50220651
7918775
55347924
40883623
6091321
9527259
25037650
1296487
18793433
21279624
27588249
5810240
16847363
40843534
40844467
925845
3399556
51070323
13524258
30795441
50763272
28273137
508258
15183022
5627793
36590966
51093888
12818849
48608070
44973208
45671841
45095893
42564035
44115838
6074736
10309887
42963086
12194372
42927096
39997866
6604848
6196538
50829612
30965084
2173432
42963031
44832665
14101977
4240930
32157915
4381955
14627006
55341779
2126864
50056764
2349026
1045004
2025059
39548732
30965219
52812270
30955237
17576886
45041972
55333222
54267696
9621847
3674522
5444229
2179566
23813324
8991562
2112153
5770740
5521304
32552745
47061648
56787518
50582259
30965987
12654604
14117526
50837835
16182302
12818948
44360481
31069697
34612110
42939592
25022310
10363234
57967446
29099088
2397363
2017677
6697379
10061393
25021648
3912555
26233382
13053800
937811
1820023
44275062
439891
18118796
44838274
16089297
6102836
2367812
41675979
37158040
2388190
24221301
31636552
53853385
41449605
9584270
10303893
17590286
14498641
48534529
3420840
53848867
53844119
3037911
16709409
49650527
34678990
53843935
53843932
34742573
53842346
5816742
53839760
53853376
17933717
14666590
57511332
1975770
53853398
27775027
53842329
24734755
50636950
7503662
53349635
53836796
53843959
5767448
52720191
4648672
1988233
53853370
44080879
33240181
53853389
574226
22684836
9575269
53844269
439569
2145741
53853379
17010581
53839736
56145541
31592030
3536725
53838091
3512143
48589000
39656146
47119138
7452269
53842327
40546529
53844131
843182
53848863
53853366
11939628
20954012
53839825
43123332
16362670
53843880
25486564
1018068
1018053
53843976
53408038
5159782
6265178
5598795
53844303
53843955
48465317
48458402
17270901
53839834
55992133
10896869
53842352
49400615
54252422
32539705
53843899
541658
53843927
27880038
24892088
53853401
34355881
12943388
4697454
53839732
7044567
13849747
53843906
21271942
53843985
6107158
53844235
53839712
53843895
47506560
54100403
18737402
24794587
26255748
30976520
1403159
53844107
22875437
39334658
53848834
53844164
53842262
53844323
4863400
474177
30204976
37982024
53842252
53842277
14075563
41667186
8648100
11193275
52690690
58809185
3842913
35487375
53713645
4623524
53839763
53848855
39826536
7576622
31807261
35111617
29966592
50820675
22034657
53844225
53931526
26066810
1608605
28305604
11794322
53844103
53842299
42257649
53853383
1951313
14597914
38216204
26720110
28712336
53839755
32444480
53839811
2042400
53842324
26252591
53842308
14164788
58754367
2465497
8632927
53839856
53848877
56886250
42665086
53292802
53839709
35314773
53842281
57526906
21535761
20976147
8544961
17836562
30996063
4003918
1614365
53839775
21612033
21572370
53707680
1236127
53960570
33125795
11647284
21314351
1045119
20109012
9053320
1019659
51437062
4352433
53839852
53848872
327344
41808044
12090194
716839
53843884
26038843
53834306
5366823
33536413
54030158
53844057
10157536
1229153
1287350
113455
36613133
53834218
53850576
2568715
29564522
1029611
27087475
1179730
38793329
53842249
27793814
22853837
53844239
44026313
45236991
53844160
2348720
31458385
1968245
6195668
53844297
53843940
20083140
47761221
15892739
1359538
8872282
17037221
16949604
53843874
20886492
53843919
53842315
53931688
56013977
53853393
53843912
53842291
4918119
16018591
3422173
8486443
4185016
22034828
25710122
19090834
33915884
40781220
40721919
53844153
39792055
13221513
52676648
53844286
53843968
53844237
53683778
4617900
53848857
3025692
8643127
12198529
53842240
53844276
25573023
49873615
46258423
52266408
1452498
46440256
53842311
2492040
8702972
15743250
18556981
55890776
6112007
660242
53839830
653011
53844242
53844279
1573063
42152611
34864314
53842340
53848852
35783189
5688324
1935627
43944380
8548275
3025722
53850563
53850568
1617963
1063819
12369205
52719983
25573666
23606949
46888707
55712926
39825604
28002038
52116400
17836650
24957571
8087137
3052162
53853360
11995063
1331830
13221438
55765952
3561195
54092798
46513648
53850548
27610028
53850559
314421
47459704
24698439
1935656
18116967
9370001
53839767
53848836
53839748
53839847
53844264
9715761
30181261
3034010
53853403
45864
2927146
42867184
19729567
32822039
48442415
13920709
43972870
4416386
43972869
53839820
38069126
38079625
52696884
53802156
53843946
5376849
12393209
42508883
53839842
53843892
58845421
17916601
5980095
25966714
53833897
2527370
3614758
11514030
53844148
55790536
53842285
9557551
54614031
42109045
53931816
57174532
17982023
53839753
13940388
8557763
1101321
44389424
53844308
53850545
13177394
4435608
53853365
53842305
54252454
45181017
27730581
50820560
6044199
33241633
53853533
2593588
10685260
47599015
53850579
53839792
53424910
53853409
49931333
55032310
48675992
53844292
53844257
52317894
43650637
4435563
42336629
53901203
5115787
53844317
52982574
1027836
14469689
23975352
15177414
19079639
53844255
55912752
55765541
51189921
22534568
53839661
48284793
53839836
1632637
4878843
21759262
4435530
53853527
32298109
6811745
53853933
50407896
53844284
7731580
53853061
4435437
8355023
50956845
21269541
22739932
48388763
661246
48382174
8887225
8911332
53853530
54252485
23057848
54037950
5635914
1632820
27651959
17862372
4265659
53848827
42095025
52684159
30190335
53842334
13596103
53839817
5015721
53472870
18795607
2497720
2961212
7317138
34004891
17360732
5680831
12095821
4814673
43299910
35828206
52041518
9344247
1739273
9634360
51549421
34227107
31282842
3534272
12428391
1365084
25154846
44567394
3494065
1233572
1934218
8234511
20393611
35540806
31552805
21633243
3476318
2155486
3503047
26184207
34323937
51531534
1596917
49497694
40596532
33392899
28244703
6951827
6190989
38882666
3855453
3643824
59041086
46596437
2705223
4106077
10955428
55477212
56301525
29378249
52061383
1598551
28947287
44148255
12374722
50080445
53707748
3787460
15146726
2803006
2705177
36243239
3697442
1634562
23704110
51458027
2232965
29860765
43760369
566872
7132760
46529795
31173628
35466480
2421860
22991648
2173949
2450700
3983969
11131531
45466632
56714928
9580173
21044509
26462262
15796061
14819950
44148201
13128936
29338205
35502498
47358612
25663735
20626924
897478
35092504
18537302
8452288
39078347
35389165
1532704
43242069
8467910
56077035
36584185
51002757
26259261
32857704
17541682
42883156
33798412
18666703
35764931
3972578
19388046
5377342
55699721
4924563
5588041
28883944
21429052
2189408
981797
18105269
14574550
51521629
8466107
35715592
24074617
2576391
8557773
1738386
31987024
4409068
20769891
13938583
23547111
6389068
8648651
14743012
17045201
51040597
3506486
55496908
49174555
50978057
53664482
35525414
31987233
38792761
648116
518069
21084732
12097523
49579194
11199808
26400762
33498061
18164171
640533
28738167
22198654
50987710
634326
31574662
38077669
34917339
28119069
16430022
55174245
2847754
588214
31454437
3981913
32107594
18542343
11434528
45334061
17520568
22066482
8513706
1825382
9225460
8142938
51067177
31170737
52969818
44003325
14983834
52620968
51028770
26806322
1745972
26908324
40060894
52929522
57887837
58202485
58834410
1018300
37026545
532322
854413
532325
532323
47294662
1443842
1018499
3142071
858606
36548291
1018482
532309
532301
532285
7572972
1854814
2760814
16773926
4674162
2474961
4733927
14618597
47560448
2095947
47855030
460252
16805206
7974238
7875422
7973645
7974905
8055760
2097796
4674242
2097820
45587625
7213847
13572143
23211150
34525900
3164143
11125608
14225395
2958235
1401635
39589883
8198883
10848619
14529537
1441730
47696373
14610181
23470663
37642502
44973248
13602025
6601628
38061643
47459255
16804983
1956063
7876171
16829809
45587649
15107482
22951942
14623922
45284504
22875184
53835452
34476487
7320477
3392104
14697272
2109864
459591
7975240
42604296
7213888
38061687
22162864
14617046
25272149
22163165
22952112
7304477
57817034
16800222
14523900
681532
681577
7270402
9291498
21955057
2504244
21422050
45587750
51224155
52194820
5654151
45587776
1633910
37377717
38533535
844619
362546
44992512
14621259
24513955
16805301
2103382
55933272
4672978
7452707
44547824
2109801
3254527
4673091
14595828
1377619
22318759
27195707
14595743
14621544
22946021
28631172
45164926
25271993
2103729
2087110
21960613
16789821
8132949
50863546
4814724
14595728
6896320
53851281
16773798
2689967
37642436
45164968
19386397
38061717
22946444
22642411
7877098
45005259
45587891
16804874
685739
3800394
22874780
16774007
1628823
1829154
20181749
7877158
2103600
6069148
45250210
16805361
25272181
14535383
4674510
10848346
45304503
50371157
14623681
22946604
1418156
4996587
4674539
16773915
14621107
45210195
45231585
21341051
735305
22163285
8056189
14536981
45362055
1631131
8633642
45224240
14472512
1170053
14535543
14582630
45374332
16640770
45224102
45210059
16849249
2178252
45042712
22163367
45233200
13965672
27564906
19731062
3800795
13990345
36456363
22465870
37642238
16798987
2109596
1822856
7670555
10848731
8035886
45006576
45242346
26923041
16800030
45376448
23087426
35105378
45224125
2102681
29857545
25111840
38985603
45154809
10848533
10055474
57821097
735263
7974452
22641961
48813195
735246
50699401
45209048
13876461
22163827
54823928
26889747
45167679
14535414
22160702
7830161
3134521
45304535
45165003
45296626
1733575
45296546
8133165
45296275
45167582
45400800
670517
23467315
12324707
13871116
22945653
25272093
15051168
16891930
54824944
3800726
420509
663171
459593
46205150
45029914
4957414
4915255
871227
5601881
26585290
7876006
45029992
54825857
45208830
22874954
26099912
15385934
4305902
38283960
24542111
4674388
3980636
519539
22287993
36322067
9797919
5325108
23384228
44936063
15107506
45243261
21943894
45304569
37642273
37642169
45374089
37642334
54826019
21843547
14623843
23470606
45128006
14535443
2103545
25419974
57256823
13572232
735256
735277
14598685
45242440
6602079
33400046
7039344
14523957
16829854
22728937
56935372
8036134
78880
7641495
22646014
22223973
52315675
2096120
45284643
54832345
675909
50735788
22640525
19680409
42604002
9033245
7325991
45306572
37785586
35088019
22734686
45008466
14473293
24530356
14582668
36002618
14529432
16640741
8036393
45296303
45042663
26920274
45115692
12743643
22163025
45145189
16805281
2206957
16026530
47422257
35975518
44547915
24678877
4734149
45007503
16800117
16799934
22642004
23087355
2103254
2103480
26583231
30928735
15108459
7619919
47457979
2088229
14617148
31446603
22163504
538459
21954786
2087277
2103877
7975019
15107525
3087788
41111340
7974022
4996916
8055015
15281192
30928626
16805039
14621183
14537033
2103881
24181217
45115359
26099765
38921527
24338056
423047
45361974
14529059
16799131
45382178
2954181
45400483
19731414
56288614
45400454
14529154
15644028
44996292
13944149
37642368
35624344
42603684
24514018
45030080
7973472
22729050
2524767
22223878
45198996
24543767
735181
14529260
15356354
55576823
45460170
45154716
2875713
7433709
3501514
45284409
7299909
34614856
23397356
16790091
14621456
7879916
53974986
56288571
35191826
1630505
45064459
35635251
45250110
45250172
3094227
15260602
45198287
19839815
1555484
47446114
24481242
16640719
45199018
16805235
45400739
45199068
14623802
45168051
22728887
21960329
45154663
639158
7300044
57919351
4674276
29888699
46271000
14473044
14529301
46271003
7975780
1114722
10729691
48508353
50275670
28846952
2181194
49151754
49476084
2272886
3784291
5416952
45317477
16733372
44823200
32894329
1849608
1599913
853888
40130360
3000093
49292744
50797012
5258856
34599886
2992945
23628595
27249357
3983697
26779825
33324714
22324819
20751475
809979
28046777
32114474
11071105
23630641
6467957
1580989
573924
7279337
9009428
44152035
11268399
1586839
3399078
10648303
4870777
6574860
46884197
35733284
19452016
41799896
1828681
19363963
3116066
2906487
5597859
1612994
23800341
22155040
28174244
16947591
28935016
42279243
11895609
12189392
40969
585226
58472849
1586849
24053946
5597800
30391110
34115523
52879379
53037756
22039057
4873511
46599573
11111551
5074291
4583640
26749292
8082019
913539
171895
43026600
29398703
39297814
37303513
18423237
2317962
2273293
1585845
32484750
2140695
36687166
20035423
3011979
1656118
33196287
31954954
760582
15163555
15375090
2382796
30558571
240953
41529802
1585857
23733822
7060139
9044034
10055024
41975063
18475290
28047228
41036105
5214209
949900
369087
51990624
40744545
11293812
36174770
23166476
13096070
39572600
5571591
8729584
55233
56957442
22548217
2152071
8393291
6264576
24041303
4957558
55754945
243441
6905556
11633005
42566408
25584404
5640397
1846548
25459950
859683
14837254
18561915
29182681
51456706
6100068
51991052
19931591
35784363
2382824
14323187
35141200
34627844
57923591
34627824
21301991
34716188
52012421
7895070
7388204
571107
35752296
16808813
54258215
39572092
6036832
17562270
4912107
1720938
54647877
14439044
1926830
52022163
28938099
44432406
39217282
22814744
20891413
23859679
1586871
22419272
21761715
9843891
52022359
4411034
1585869
3641069
1586886
7425653
17780458
38917745
13488005
10201721
39827458
42946922
629026
37555875
11341364
10231661
57510608
6897217
1585881
47249873
6621612
2809479
3953598
7102909
11065056
25161986
30741541
3754352
18677318
57879382
7520339
681806
12776863
45342879
55769896
56909175
56909132
4404788
21625898
978733
15069748
24379121
43696720
2336948
242282
41395916
6044113
9156022
19886713
42674255
2435860
996828
2028662
8854508
870529
24041279
475425
3135403
27213579
18193302
14466034
47517
7781606
19789151
40753064
2407898
7855048
28945767
2909015
1586505
52435876
35536188
11147646
13096236
11895648
1586531
3718083
24687960
35035679
2404037
2256337
11191703
2404267
1586664
57390520
3380651
12194942
5228026
997253
8003642
53758289
2382773
1586565
11005376
11895640
1586599
1586949
14370049
514650
6771843
7423236
3932501
38179259
7961225
4399634
6242575
52206441
2849571
5719435
40868671
11024738
55149313
14526771
43596025
1586674
43344021
2338230
5258208
40042776
4294435
6244916
6245046
1194086
35043822
10623615
1204700
2491665
1428417
33470887
30428055
18312794
53865960
42242509
7093648
20592261
2430727
4362140
19650502
16379875
12108187
12918089
56723918
13095934
37259281
16933206
8623048
10638241
24529994
38602922
1425862
2651764
17790199
21438307
40220705
2149384
58934
929165
10167028
1586724
589883
976840
13095366
1586760
5731588
926840
32970061
15497994
8062192
54638936
45383092
4792744
5838194
28472413
16399074
5965335
2013687
14267305
7318436
23979808
51581752
22689597
4021175
33901
41608940
40927909
11651421
2803726
5645533
1501004
54620027
58390140
51739577
47313797
39020527
39376462
2266816
1621815
41943372
21807139
1955213
5950276
35650011
3124
16296529
2906879
44311039
56143468
5616998
16314077
6158574
1362251
21950576
1414479
455177
3710466
54182471
325020
1277885
2701330
5811768
1396650
18086935
29593616
1484457
6936195
56589031
31313352
21697612
16575482
34783649
22232973
17341361
7986449
4427464
18483373
2010345
3286181
18398279
56024424
2265988
10794747
8195160
18506435
2266108
2266125
1621913
5323154
1709106
3038633
9797914
4482211
10194232
2266146
224303
49070718
9573286
3266098
19539482
12283839
2266162
10692807
32398526
32404751
32482657
32404998
32407773
4934568
33092173
33092462
13717508
32397779
32396927
32397466
14773174
32398029
2167852
32398171
13104381
27906852
17530792
31063926
25643285
42778673
25779100
797882
47514
8964357
23854748
538820
28283406
5220401
14424426
49474274
3567939
6515277
11611342
1616977
13677019
33483364
46348222
10148481
14024303
24511121
11530184
13310687
11530507
3984015
2096333
2108032
2107907
2108104
2108156
2108191
3238078
4640317
2051536
1579034
12957952
5447834
4303426
7527341
4303453
25227215
1922671
5811763
1533140
2499250
34783762
31908462
7128522
11530049
3893638
12011208
1287870
306882
25643772
2936643
3423435
49084345
1621894
19379318
1392475
471278
21091534
2039538
1565410
4024968
3210893
24356118
10148780
5245789
9798051
7680741
2265920
40038536
10211794
12963827
1202383
9809926
5801968
3307613
40162153
4528895
4662308
35632302
32159946
11582749
5615223
1818327
7053593
10939879
8002591
9343687
3093634
8020639
3518342
6298225
18899704
29342125
52142105
26457881
1770354
1285290
14341696
22331167
12964058
1552174
29746234
32080258
1374224
46463278
1384661
6160943
25527262
33432143
4287778
1831357
2374282
20719072
57686971
21435575
35778760
2026869
38717496
10696700
14990791
46696511
21295446
9754003
1507559
18646738
2343348
4132583
20455445
10862119
24358006
17042623
43364518
15481795
3422423
5103597
2109192
2109283
2109295
2415379
14941975
4072145
4072240
4072241
4072268
4072130
18992839
40774203
10777584
15467377
1518981
5591701
26093921
19907384
1089007
9990263
31364239
53911039
9754030
9005363
49373501
18950062
2266987
5074851
2268754
10829022
224320
34406826
2268875
10132787
24108802
21201136
2402652
2268794
19903968
14901447
2415376
8202435
12341831
26326955
56561883
50925395
12707954
33403873
2966001
25047832
298837
4072252
19676226
11554525
26327139
17044510
12114216
14788829
17589968
58008831
46310297
51992248
41868858
10414062
3560122
35981107
5376959
4072234
471192
39746301
10378389
21474025
9283176
12758957
15382029
21718164
1619931
2791573
3928903
26157152
26162948
41050078
26162984
26163010
26163229
57747871
26187670
26187625
26580188
46857900
20920999
31709167
26143608
41737459
12651309
1344213
27367534
22981911
3019450
57626313
57627839
1024315
57628171
26370132
57823568
18787228
10859460
10859405
10859332
10859435
4761644
24714138
11238257
29161571
11498724
54052204
55997248
7805702
12732637
4135363
3493579
6446739
9301973
13656257
1514344
4603713
2415374
35516605
2395100
2839326
13794551
1724417
557896
17676837
6903681
2912664
50277350
1187337
8009963
37133937
164681
13367644
11477772
22441650
10132497
26960936
25643591
1854270
43130739
1767557
24985139
23606982
37997242
5788127
1862942
1063654
6193005
2519226
7694775
7993692
3515205
13178508
698220
28672960
294629
4313457
8010002
47725427
23269584
9407533
11978657
3709962
39317071
1268839
12045340
14768720
10442110
5615727
13207749
23112262
25850586
8923963
1973564
4972467
15327229
164596
15730540
4025793
19221718
10828016
21478909
43218868
16829488
2415390
166014
20176612
20176704
25032747
2173331
49068504
18020934
1288642
1761758
8838269
14564162
22099485
4038182
50072049
3865206
11882170
11558762
7105786
3229408
19228318
13248494
19173632
1953435
12696229
28001520
1285287
15290612
2268677
14566980
33365528
4072161
28318386
2493815
6141469
6688567
28023947
3955475
301998
4181328
8924055
9850761
1222502
7221435
46786813
26464848
166760
1254144
1049564
8459861
1461911
44626088
57813272
57828271
11695492
52514550
56119090
56119049
52514644
58051807
52514671
52518618
52518750
52518811
31911393
2087908
55479466
42681375
42428351
57010933
2731947
1973350
1949853
11094525
1144734
52731888
57011047
57011768
56056488
42516927
40925687
42428380
56113766
56119140
56119183
30302010
47777088
52247921
56061928
56061978
47090362
57733913
57734000
57734324
2797244
16124500
40069990
42899470
43009841
868790
465601
2820241
34344022
59011996
58887579
31911164
40328965
43072109
40328988
1418331
32021761
56255499
56249865
31911236
43298439
40421916
43241407
40421924
42802159
44595037
42868443
52709623
42316915
30290243
40535152
40535307
2731923
22603691
26658925
41049147
41049134
42548898
13768895
9704008
57011899
209842
10882960
8080850
32000713
1611956
19282025
42868360
26091193
26091147
40758946
9969312
54755318
1949856
43182632
57776148
983400
18136205
46298131
29473124
57011961
42681393
40163937
21754989
57776292
57776199
57011997
42681385
48317392
57012113
24305930
38928903
40535205
40978245
2386911
608406
35184684
416431
33331852
40739183
2847819
28017775
54194344
43072081
57012211
49057371
29071142
37462986
5473827
57040686
42294948
26777607
59033370
48742330
9974435
59068118
59068250
1809382
1639710
9880182
13515967
59053678
59068081
59053883
59067813
59067880
59067995
40193081
59053470
59053373
59053320
37521998
59041486
1240502
57785164
18180411
37463002
59041779
59041820
59041904
59041864
1359750
57734572
57759485
57746699
16820016
14682521
3538896
29802605
40521029
48581800
33784766
2753131
40485358
32821707
59041446
37329515
57103472
40307031
40307011
40306993
40485649
40485654
23944323
59041656
59041691
57103550
59041411
40421982
41048911
41048932
41048919
37208491
37208459
1860157
18083680
46292471
46292536
46295776
46292603
46295506
46296420
23056675
5474092
59041363
49357955
1529815
8099403
35965855
2406859
58345806
23887706
3647987
58558772
23428770
10207027
34133981
24884394
1848140
57216163
3809916
1840155
17970483
563239
15769677
18913335
20370486
57858574
6611632
10546551
19387586
660213
5387903
26114068
10106544
21150125
23671373
5229661
38657573
53959022
1690245
48893100
4139830
3258651
61889
1728145
30733816
3979064
512512
23759925
57805865
50533361
36911458
2356015
29566848
27257302
19288064
22761309
2458018
27490882
3646668
53743634
162736
18571333
15430615
35646178
56270111
411951
20761697
12983320
57651406
1152003
6518049
54711018
54710618
9146657
49926523
50326547
29127124
15018
22022775
1759251
4537144
57019357
27111253
58405077
6828719
9668061
58451840
21049997
46192330
35277745
17052728
22770838
1697378
43449310
20723111
5635862
24260834
20505600
37338762
3633250
4954001
15995335
19268700
9405089
27653952
12765883
12416395
37294302
55989372
52425731
2586311
14241428
7430578
1207755
41706080
14961800
56080225
6949113
20588935
6126807
52801011
34543558
14921500
14429491
7383487
3065711
1956667
23021180
5386941
7190097
8939340
2756802
15202596
52167095
20997946
44531850
4062934
15758021
7097494
54366888
3433217
52518175
21983464
533206
16832751
6395328
44772528
4566442
4012709
1633982
12891586
38710316
17908459
1148992
26196283
29404652
4615920
31611166
35898747
40861730
936059
8210612
1449913
27206499
12908866
24673328
12590700
41069142
27163751
11345653
21567720
10328644
7178651
42889989
9330285
17490047
58345902
14617718
26858533
45335171
36356112
51336603
1591617
7188290
151983
185894
21469177
2191056
6396920
1026984
27419972
1418911
18182366
31828910
28120387
9463641
1405654
30133472
39478635
27652474
12929900
35291570
9804129
217858
40977953
10407886
1005964
11078164
4995290
34640808
21748884
1927645
5206174
240693
1170978
53735803
41020238
9365268
23402198
29004985
10946504
10948885
35936877
13745014
1644849
44543272
20013870
19997209
18692328
9600102
2755291
24172372
21543302
49343464
594717
23385649
743844
12795884
2904678
19554955
5942223
718507
2567928
43222530
37575385
54991096
37575487
36318138
2904730
10125600
54991094
27635655
10631302
35924364
2704639
1956650
10145982
17158634
17822734
39892795
7723926
2811711
26982624
23520318
36758008
24953003
8517077
51260
12318264
10669579
2904845
1919332
1919309
873744
33850941
23395169
1373051
2377453
20538774
1801518
51049784
46740649
8061879
24161202
58037802
23011904
2244564
25466113
48298472
1884746
1211747
848254
2830966
343179
1157235
24162663
19989669
2906541
29830233
20710642
23103356
51559227
31461966
15400040
28623021
21529867
43972854
2592596
24073609
13664796
25940434
12235647
8136768
33623056
28778853
9867900
22585258
28075326
29593787
31311129
1528353
14408410
43810810
53500559
4549998
21746104
12489896
31803896
544817
5147143
4709473
21686918
2407249
1924911
48991382
41678745
42989890
47863630
27029830
1248949
27728261
8767432
1659961
12711369
37521969
34694700
50607539
6881442
47863633
3023266
20982665
2866348
44490466
17204562
56236274
5703698
32190088
34657052
44075293
14339849
23080169
4748446
14372314
53258862
38051614
368910
54816006
179211
9210489
676910
14587477
30179091
7474706
20013029
30268354
7462137
7462048
17252532
4322582
24065513
2881071
25920941
9637332
18837414
2837719
7029928
11235396
3579392
29651541
20353594
6272900
4368752
10162537
1274964
3979409
15601579
18061659
14988379
11363457
20698519
11235593
41710955
1690359
3445424
28243573
22529938
19002387
10176965
10047126
6867899
5589680
9571778
24739827
12424857
2705547
48955231
56412019
2897809
13049433
5390541
13937733
9690908
14456810
8216619
24075281
5461026
28368683
3450872
2830619
1772523
2282439
26230760
37630226
21759991
8208376
18689064
35924454
26926253
2477817
13502784
1531306
16683507
23867617
3966666
55377540
19454960
6768840
2909406
3289776
3376146
15530718
3069014
2909422
22144337
5768086
1207395
20096958
3259539
12765060
45156172
7964374
1261112
10111947
18692401
5377564
6905141
34195269
20670226
50067589
5074049
598999
4025145
393574
28245768
7459884
24974425
1131025
8101777
4025205
57882535
20322421
43933350
13723042
4173609
3190686
4453918
19248462
42325606
1662256
18240273
169193
19981179
1964678
5164744
1936105
49667910
46414120
14175229
58599330
23675005
216354
53497560
29005044
50775008
36907131
1618993
19151199
21358560
2114535
38145616
10129040
43810774
52931971
28855777
6247753
40572657
28846445
40617271
33080318
48705851
42224258
12948848
11825732
9819646
28362507
40222474
16144332
25158006
52193743
52193704
56734151
52666825
3583044
28855394
33503356
23380499
23379410
47804843
35835908
35835912
35835955
35835956
38074454
35835958
35835864
50257654
45170102
35835795
35835799
59017457
53653732
48795925
33168709
33169930
2367748
27204178
53880785
27979791
46779645
3831752
8845939
18195037
52616828
18142776
29510384
15541504
56013945
5007888
18826947
44004831
25875413
15218575
3031629
56373939
23575855
53844136
40624593
18327548
24198988
58658728
32887866
4243084
26021933
54039909
58878438
1030195
13193455
9861756
18327611
18327668
18327725
16164453
34678258
50850022
3025648
19284762
1017962
54039873
12224347
18328075
12251618
8960283
8407262
4238526
53828653
52708127
17655280
40605368
53837245
861040
58878706
15906222
32645188
15525553
13904758
41696772
4454001
19590427
16996762
39466812
3489230
51653153
44891133
1267731
4125128
8373141
7260243
1275240
8387579
12274597
2427262
8477500
2624717
51638205
34620703
417675
51797273
1267492
19537792
1267412
17305389
9861915
58924360
38130154
13138678
46795242
25413532
10655528
37774062
47571430
15848953
20010588
19077833
7625463
52796163
50614807
49882712
52832391
12116873
51123208
41275177
58162397
33080015
58911236
36877348
16924629
4556130
21836799
27895209
5029556
3009568
34191472
8766186
3536746
49512359
17367163
54935496
15210243
16695722
6067807
2260901
14222136
4820695
2694448
3422614
4605472
13026324
34322150
51620723
37700226
40451305
14138784
13893964
23699256
21089333
10397639
44457499
34592460
57443136
16337604
25435231
2345913
7901769
9898781
2293614
45713626
1018127
21422193
45606155
15857750
23560960
9898403
3536176
16695650
51505071
706454
26891697
7005552
3694890
2322656
19277655
28293620
47572011
27411705
2257634
28017162
58838917
52707422
10180670
34576538
43972681
46531867
27566285
1069582
58924193
9162613
1063811
6524119
51640110
19885183
18743082
35139952
16709606
24119248
52695769
55036321
1183728
49443401
3422344
9861601
16507033
1366194
58659130
12809337
30864054
34555862
51689283
34314861
2279286
15524097
16689326
48135307
21344722
16492137
22948278
34365526
3270305
2150865
42547282
55822231
3707012
4235381
35962306
3536249
48550852
13281914
2364342
58965322
34373918
49469415
49640289
35493063
4710382
24241408
4436055
15858294
50349228
21621730
25132898
59070402
53973727
58843287
34383003
92311
32038708
43539593
23106631
4733223
34800461
44799308
54719598
8438291
12694997
53391053
27171640
47338942
52554681
36799714
34384462
16178277
15140792
58916344
15857645
1267740
17287224
49745772
879527
2150646
28813107
34419000
1410662
204819
36665511
14477052
1063815
16821884
58873610
58922298
16545892
35264387
54923318
13147689
51336490
52699268
3136342
6431686
38921208
22494743
18335428
50400269
45547423
9862095
23157584
47279514
9862467
38135607
15673733
1189459
44184942
25316458
11061801
30007715
50609194
16695500
48046115
34441322
34510025
15687732
16862544
34437940
24591291
364059
50144617
2522201
13606390
14562720
10143223
45603245
38136679
44689296
6600809
3025668
1245527
39986839
22562590
47777679
32181776
40733699
14346088
46718276
57622987
277262
22055207
37532121
26933129
42777214
56429493
43325753
7914639
9095203
15741707
23580996
11106681
39289972
54731628
23727536
13501877
47957102
57954250
17406353
31055769
1365811
5455427
43136758
29732232
25204078
58297431
35769512
1627917
14901450
8505884
5945899
19944083
11820034
58468325
16632063
175638
17265186
6747488
58505053
21796566
29927036
16982237
13415486
49017613
6768880
1159136
2073328
19557886
34248218
33207610
50102483
7656652
219761
6710186
37191231
35740250
58467542
45330103
12510214
28081325
4182553
49250383
54309371
25133525
23649157
480143
18400581
13830976
21614781
49302247
147027
26461296
15184877
25188072
7587223
2065712
44800053
17671709
11552929
45067549
26530729
58400340
4897934
1939458
2937493
21529462
3821864
15665197
8761205
36344464
711996
3655654
2931717
11105645
7174287
51690931
6153698
32749140
13899994
8750824
14719776
56996672
11722422
1951278
5317576
57752176
6060943
4153139
1067210
12941498
13757128
18159730
2977958
19805948
4129530
50713436
22476314
2240892
1084968
21051994
47616558
10444018
297039
26107799
842185
49250685
58766201
43800109
4147298
34903180
2900811
11125044
4917179
48870431
52203741
16865821
32059473
2677544
58467706
4545466
1606222
595145
1112733
24282148
23556803
19047741
45239121
4745968
13495825
10113156
14199931
7859945
23640235
3884618
21529260
11797347
4473599
4001513
2606066
617777
12765046
45004055
11051981
11052312
20514516
2405440
213665
837770
3011538
24972641
21490478
3725403
50507458
11026728
7949248
12295512
552965
696626
21968037
17749293
92523
4286221
4224972
668710
18915587
20973517
2171777
5086181
47742893
18822050
10244534
15425635
3069929
1907405
2578790
34543976
37591765
13432264
47013690
51251453
58967959
48675061
28540674
16371070
5637003
26448837
54626282
4301570
3492393
26684903
2103715
2286590
39650838
10051286
2260612
18207727
6962132
51382221
43336224
3000988
15544038
5436866
25069073
28341407
24041315
14356754
2679929
38784238
16410813
52832448
24140523
27236675
48995651
28426846
8776613
54153482
13910416
28822858
31332741
2073632
13409270
1648241
10766478
3222200
22943237
2211117
24063825
7302694
15293185
1606301
2144050
1632111
1689630
58554518
21539219
10409512
2110057
40342730
54561744
8228402
2656870
3676061
13856795
3461106
12696436
46532824
8865790
3516748
52959044
42043971
41894055
42566
3000978
20362042
38872033
5427265
7172777
13576575
3971228
30723461
49583513
31120748
9831570
19514265
52999026
29882763
9688913
17140
22812166
7414275
1094350
1671928
1641702
23970820
33765309
24107783
28723369
9430536
11103761
21391686
23153191
33665439
40828503
35943373
19667303
47708636
36754975
29172575
11889299
13501019
48995529
20731635
20731495
17625628
16135470
34508365
58955360
86604
3502906
291231
32533522
33678989
34508173
26833159
45158152
51352141
457314
5238501
32882787
17867527
36044328
49511662
1454099
38340996
38438690
13771489
27015236
3052975
6674690
2175615
12539451
22792377
2467284
3758700
10758209
10543014
25808423
56842637
24603285
49668380
6684233
8163362
6641341
3674798
11020249
306767
2740204
6064049
45477543
6308157
908427
57801848
33907840
26488545
43796674
10249946
12262882
3465002
24369901
15603775
17940881
2671210
21971994
8532892
5312690
21547335
6921014
4473522
46454463
4968235
12246212
1505000
1706901
6837635
55161075
18022001
19346963
3799847
28756463
27314333
4182509
14314003
33976831
1263387
1239716
6601335
3362709
22404484
4831412
13500970
45294937
7441542
2524286
2267331
25163643
5624593
52740225
605697
2825553
49665789
3880390
6710047
9256086
3105510
21265548
23731
47624739
5578072
25037439
553679
44969390
4872137
3949132
7346797
11471537
15293846
20299042
30862748
9453155
14466384
8943611
34588794
37572978
25109950
26237210
5126231
961616
13854154
3362237
22562598
17911569
28797488
2860674
3465323
29621014
47013764
52808291
58033587
31802451
317212
81723
19947748
50734317
3474088
329553
3671160
20973916
9607629
21980048
13092163
1196936
18199450
33712831
2947580
8239014
47572400
47621310
10874478
5197381
18044630
2318333
30647223
33070822
32406507
17546914
30577297
14155784
40423572
30380716
44377078
3515026
12342942
4174309
1545079
342851
4636561
47198640
47197348
1382086
1157370
5861496
31117841
52885568
3515066
17118806
55407740
45558284
13572433
8033091
23837915
6005413
30839887
38986349
2141003
2403542
6639797
21862537
14143143
16977033
12681180
24693669
291472
56646524
5109980
12430286
14139126
20324423
1988996
284139
10611092
29452338
34271702
19450493
9749236
60885
950025
9356096
19912212
12561056
18242141
46517855
57865596
11744449
12273100
40782363
775808
17920440
43526790
9749180
2243574
3253617
13439882
4230480
31995543
5857675
3479747
882160
2299567
238493
3100319
21391441
342113
14582368
5636533
3139737
7984958
29044095
495598
5116600
45173684
9089819
12092048
585453
35066988
17419853
19276893
34927770
9721524
24483792
39833800
41009046
7714496
25584664
2684566
2362255
5472952
56463085
476351
56959327
2545846
3420533
46818848
52458762
13860656
8793206
27397623
1355994
22579173
12704285
35337586
2695705
506682
9502303
1403749
13843189
9351532
26108124
44153629
36549035
672080
15413167
8701320
2890246
8381118
8793453
2838476
11121146
6742937
3139954
4672204
508680
8884972
20390814
44014558
13016351
36714938
3139692
23797849
1790227
21847877
9105584
418237
164597
27287720
5587769
3306344
5753978
10088265
2137509
24408119
51332
9175375
49331144
42779263
7714627
2168763
1025901
1888490
4802556
34633252
164321
6398170
42261806
261581
26356967
49362816
23065547
24697292
1239214
1436372
6539344
14233296
2448955
20826071
22586949
33555016
29493295
15452231
623150
52648468
36426438
36426504
49755315
46638948
2624679
54271259
37701294
50764247
52803166
52803203
58950507
46477850
39375034
8018266
6446538
6447575
58004297
37701371
57813559
47860264
3649187
58741462
5482472
58781988
2088919
13301400
58960535
20936835
19079366
14753571
14754562
14707384
14754901
26784889
4716700
14757941
14758293
14858551
14706811
14705454
14858883
14858960
14861492
14861568
16954874
14861742
14861796
472881
14861866
21525637
14861927
14862049
14862085
14748610
14862139
14748809
14873776
14873893
14873932
4219085
14874265
5024517
42122321
55722689
41355223
53431143
41963828
4698226
1672076
671262
470674
32263504
5671882
35045841
35045866
32998405
35045919
35093839
35045936
35045954
35046050
35046060
33060039
32998378
35046077
9527696
50753071
22037382
1128826
4153924
47350206
30914072
6902178
48654826
14703618
18690003
4550091
25702676
7189698
56811459
28915306
23909695
31549048
4536556
19429839
46892477
46892362
47278431
43341230
41635223
6448233
902164
51474724
14708275
37699639
58980330
54181978
9866953
51424743
28568686
40468636
55053362
42529650
26434080
57113916
2416419
58722423
16721711
40749885
17824815
43819962
58721583
47021524
977799
15796200
37849924
12326315
40006064
56853695
46197689
1591646
6805353
44733635
52771514
44839293
32451990
31728570
20647020
4564415
20634704
18653648
38505332
40458248
32420215
4738373
41974498
8335091
13855813
28569410
40855383
44811652
28811075
14965438
54474403
51150873
54352461
13566669
3264593
8949362
44805034
58706970
18786805
57973824
47359227
4302157
47372902
43390067
37678417
28809921
57445826
6003864
12198611
37679288
54668072
967488
975069
40750190
3192980
22320247
9434265
16625060
20422283
20422900
20776375
35026197
41940112
42256136
43950969
48547304
50504678
50652487
50652942
50955026
51072693
51119464
51293821
51294019
51295643
51301299
51301471
51309385
51309880
51310415
51493917
51493998
51494017
51494308
51494441
51494830
51500848
51501092
51501126
51501807
51503211
51503257
51516805
51516877
51516985
51517977
58348409
51518429
51537785
51557054
51574978
51575041
51575059
51595918
51595948
51738547
51738615
51738760
51738816
51757408
51757457
51757526
51757886
40436029
51811236
51836581
51836615
51836644
51903477
51933204
51997781
51997795
51997860
51998268
51999333
51999371
52007903
52007918
52007927
52007945
52007956
52007985
10527343
52019329
52019358
52019383
52019423
52020068
52020120
52020220
52039583
52039606
52039643
52048482
52048522
52057576
52057614
52071403
52071479
52102207
52102225
52102251
52102273
35877597
52110764
52128609
52128630
52128652
52135883
52135906
52135953
52135978
52136034
52136059
52157025
52157121
52168274
52168326
52168388
52178635
52187779
52187839
52200124
52200160
52200246
52200267
52221987
52222031
52240223
52240272
52253096
31154716
52253123
52253163
52253185
52263686
52264448
52319469
52319524
52329285
52378317
52378331
52378344
52391988
52394883
52395806
52395851
52418330
52431411
52431432
52431476
52431501
52623497
52390344
52730265
52759876
52530567
52779151
52779170
52779185
52779219
52779234
52779250
52853277
52853371
52853417
53075082
53075124
53084928
53084982
53091780
53091827
52405478
53091909
53091972
53094397
53134676
53144610
53144687
53163163
53163190
53294475
53369366
53523022
53536822
53537338
53810176
53810252
53810329
53818065
53818121
53818222
53827764
53827897
53827955
53847018
53847059
53847113
53847194
53847326
53847419
53855339
53855381
53855483
53855556
53855619
53890794
53899874
53908563
53979089
53999338
53984949
54145563
43500794
54220960
54221554
54892406
54988304
55184024
55205467
54368685
31013806
55475986
54223414
55515710
55515905
54223072
54222554
54221841
55919158
55915817
49997477
55931558
53985877
55932351
3737084
56273710
43523948
3737117
53986519
48946287
58661501
50577513
8519452
31931942
48827399
55914847
45429453
55927187
3737285
52391129
38560899
40225680
55937591
55937955
37867905
19065175
3810269
55948299
55955952
49287387
42940005
45040502
52443218
56827999
55980778
55972574
52157981
21416245
5916509
5916553
56981144
17219062
6694013
54514634
6694149
4726983
19063394
4674381
48697987
36605602
56010004
56004756
56016868
56017282
56017178
53261402
6694969
11112810
14748456
57733812
57723155
57726900
57845368
39908722
24899690
45423814
54484967
10478905
55973234
3748337
10833118
40825792
35013151
3727660
3411310
3193030
3331591
10407184
50067004
3727706
19241715
57116987
2270861
35081362
35081527
35081616
35081649
53303491
49928185
10488368
55512912
58605316
52696140
54060959
55883075
55878063
55770553
39750328
56036280
36694720
36448794
51198463
3996146
45280259
24799724
24799670
1218937
42310092
47088853
50961537
33486274
28836636
13167630
51310137
19577314
16969298
57780058
53575775
58842605
50961831
56346744
3865060
1374870
26255432
48701676
779866
44322831
2749087
23921065
54097315
28987418
16267127
2529211
2391570
32718122
43790336
55587486
57940553
6130928
8276189
43248028
26255448
58905969
2895307
48824840
30185887
43439296
9004520
36795154
28994544
28836751
2224836
54168371
54097327
52212788
4654699
56783343
26995550
28836779
3779103
657224
43422367
11045543
54097168
28836782
28836785
54097333
56286907
57862192
54059750
32221625
29684100
48882605
38785523
37893194
15586403
39452320
37105058
779903
49123152
36804196
28836805
28836822
54097351
58914925
53800765
11052882
13382972
57300099
28836851
54097356
49020615
28809249
1510909
5786826
28836864
50934862
51982941
57143118
58320670
18697277
6658175
32954910
42922698
47523070
28836876
5523804
33073181
49050847
51448511
51075083
47197139
51477128
48215783
20395477
53561288
24787415
29119228
23101990
12763440
51294229
6286819
2627408
51448990
36458036
3622421
1837640
11672567
54051064
27554979
1221087
54059729
34575952
28836923
28836924
22454273
56078342
25473531
24169775
55789228
56983545
2343883
1536286
44879146
5274070
47231050
5775549
15525935
1888138
24604356
21486509
52326524
48602317
43520690
18229389
26214641
55634814
3662844
37620824
650321
28929736
53771690
561873
51385313
37940531
49626053
22380479
20845760
49050360
19750198
57128488
24233854
72584
39259307
529843
55735014
1156141
20292847
25277031
52952271
962213
47135247
14927386
2262370
6181420
25976019
17176656
16774492
13263438
9889298
27191921
37526413
40349397
29742984
25946936
25666690
23345729
3898328
57840294
22547944
26004548
57863872
41689933
22002887
6982510
1815506
48671388
9056438
11801677
24765769
37039369
1781219
6397354
55051596
14387933
3700900
56092354
12514678
12202886
25165206
1750814
5783216
30159784
5314004
58929633
39904966
58942635
40807225
15131512
1852664
9962479
387243
9939271
44935768
39934592
960678
17426234
44372448
18310979
25122739
37620670
50850380
28121639
14124742
54097182
54092694
2072435
3664699
6729727
30697737
47573299
11045360
496021
3236678
41784423
37396309
36757278
1948939
7624069
57187597
43664862
33904947
186446
10958224
51253915
31420766
53606930
8010045
2652285
1722070
22665032
11782509
28482468
12804696
37618721
47792900
11981417
48736005
41503141
10421576
39289449
42476125
33605550
24707323
36951734
411623
15899225
19935667
34368243
52273414
32642234
6854196
9285795
5748229
16474288
3476624
54578497
51053056
52899662
38591225
46788332
26659131
33386436
48789601
43520520
31711004
4342343
47345849
3066768
50618789
44234093
39940829
2754742
45512171
28924376
182735
54654308
35175245
1588581
56329866
626023
9137006
12194268
54097196
21291452
428860
31057472
51138349
53580439
24959029
51651154
52158722
16217120
1770746
46321926
54092503
3356530
22408256
43517192
53452581
5562753
11678934
47231204
6285648
55385689
48036401
57148344
37427195
14241395
17024498
16732549
21239378
28964081
27959084
57856318
48670129
48955269
18899092
21019145
43663325
51682055
8334000
21018008
54093637
23810107
1879284
26019985
853793
27896224
5805247
16059617
57747454
52803822
38125730
11712344
11251777
6292451
46955256
18741849
15709627
11712329
17709742
456204
2870736
27179864
605524
146153
42363850
2441056
3097643
6711121
51895292
11477401
52995485
11817449
20649854
22310055
49131003
2472927
20688321
22424179
38581503
12987683
7070643
186138
1796977
40439983
9051115
47246847
3465656
7624870
8056632
18773514
37355773
37355826
37356160
14220244
44132469
43524074
14160969
53443624
48047392
20776529
7693501
34177870
24376818
31033328
31585431
12591925
44537460
57862936
15448809
31384371
27499917
3337617
654355
54141696
2445329
26388214
38869930
31089766
41714677
1679356
10379574
39793013
49012757
37003370
50616217
50477739
55990492
11678916
55894663
34189478
31383898
4186476
24281365
54399746
19935696
30568215
26153135
30983989
50641384
31057650
3968794
1174281
1474649
25792968
3226147
6092968
18773592
6286608
29635228
25486644
30984201
17131803
51683101
54093500
1499550
1597212
56699213
7870177
9935540
1173332
47793146
25556209
30865432
11214534
13315749
31314192
1929759
23213003
28809147
10630377
21010649
48566641
21323543
6169093
7781567
20057406
30387605
5772996
1158037
6687259
16518960
16524953
16524868
16438325
29166078
16525976
16525990
16526084
16526116
15476950
16526332
38741103
16526506
16526785
16526829
16526862
16526908
16530568
28912994
28913038
28913156
31720353
28913223
27138995
28913226
30387828
28913230
41173173
28913242
28913249
1158007
28913263
41713978
2830096
28913324
28913339
28913386
28913404
28913414
28913417
30388112
28913422
28913444
28913446
28913449
27334606
28913462
29166753
28913468
28913737
30427069
28913752
28913755
16438307
28913762
19543488
28913832
28913839
30427673
44342121
28913852
28913856
30427871
28913862
30427977
28913873
16491428
16491262
16491116
30840798
16490505
10023153
16438294
16490030
16489914
16489873
16489856
16489670
16489129
16487978
10969446
16487634
1905175
16487426
1130788
13951278
30841054
28913920
28913923
28913936
2802232
28913956
30841166
47020888
28913980
28913986
28914013
28914043
3931657
31815801
28914044
44349530
28914070
44625328
25877262
28914099
28914110
28914117
26340834
28914149
10036056
28914180
28914191
28914196
44352322
28914212
28914230
28914283
28914295
28914305
28914317
27545563
7580913
28916141
28916169
28916227
28928557
28928580
28928589
28936675
243467
28936687
2796313
2796304
28936832
28936853
36422581
30185205
36567697
31154709
3931696
25033685
44625033
11257982
35625218
22256826
27900956
29071162
48267719
29071166
29071169
29323332
29323347
29323355
29323400
27544928
29323491
29332826
29174389
29332850
29332856
29332865
29332872
29332882
29332901
2781168
29332921
29332991
29332992
29333000
29333046
29333065
29333067
29333146
29333176
3889124
29333313
29333326
29333328
27113809
29333361
1930594
29333396
1339481
28341716
29333480
29333490
29333574
11221839
27545006
30174623
29333761
29334107
29334139
27545266
29334148
29334159
29334171
29334237
14083699
29334294
41713782
47032000
29334314
29334338
29334345
29334388
29166202
29334403
29334475
29334485
29334512
41189114
29334544
29334577
29398467
1128264
20833185
29398499
29398725
36443455
29398946
29406150
41176168
29399255
29399277
29399284
19637599
29399367
29399378
4635274
29399387
38959825
29166249
29399485
29399491
27551118
27551154
29399623
27551206
38117281
27901221
19543890
6121014
36423240
31853707
32444225
32444219
27551221
29400147
29400164
29401942
29402055
36445072
2786507
29402151
1128315
29402232
5032955
13870033
28183708
180470
11265273
29402344
29432608
29432658
29432688
29432725
29432723
29432819
29432836
29432874
342237
24983781
29432906
11181475
44408038
10034970
2818741
29432955
36422450
29433005
29433022
29433174
29433231
48268878
38353041
29433487
19543790
29433497
29433541
31143670
1158240
1339827
11078995
29433715
29433757
29433790
27574067
28578885
29433836
3889970
16424827
16424762
21487190
29434923
41196945
41713770
29435482
29435489
2786771
1128150
29469804
38189036
24983707
6599872
29433822
21429992
21429949
29475993
36444567
27138753
20281242
29476085
38189823
27138640
29476166
44624807
3890057
47028607
48267494
29513128
30187867
11622702
19543530
30139882
30125743
2583979
29548965
40841100
14982141
44408376
29548997
22880490
38117252
13886986
1164098
23096443
27574144
29549348
29549360
29549378
29549468
16438015
29549499
1339842
29549549
29549581
38742427
15865163
16463431
16464847
16465087
38741348
29406807
29406808
29549684
29549689
38741525
25383915
3890148
36443341
2803243
29549875
16474759
29550041
24983839
29550796
29550806
1403534
29551030
29551138
16485732
2786363
22881280
16516576
29551270
29551279
1853139
25032556
29551385
29551390
1158065
29551762
41713801
38960067
35262328
29551880
29551898
34695337
2802337
29552004
29552213
29552238
29552284
2787941
29446479
38189816
16438904
16438883
29553461
29553510
10035612
29553660
11221105
55280997
41713791
29553812
29553828
29553835
21597070
21597208
27986915
49146883
21597257
21608589
44625003
29553947
5295330
49266988
36357107
2008501
3037677
9885492
29554000
29554015
36696460
29554033
29554082
29554156
29554170
29554208
29554258
13950999
21487909
17509221
47027861
29554385
29513236
11221126
19543464
36330973
29554418
29554482
29554487
44418571
1523507
27901200
29512794
29512547
29512455
16485022
37397381
58067145
16485715
16485749
29554586
29554595
29554618
27574150
29560372
29560370
1650279
23899364
29564199
29564285
29564416
29564438
29564441
11158343
27574159
14083864
21487979
1158268
36444821
1343530
29576883
27574180
14083186
29576966
29577001
7390577
28252575
2590921
11217735
29181459
17430515
36540089
27249601
21005235
44759283
15836896
12020536
43581700
44889546
25683745
56652006
15234661
2948405
35207083
2311300
53166752
38608010
11948878
1428670
53593873
2365712
36538030
27178033
309702
2479544
2479571
2492046
7778309
24020274
8046578
7795454
428848
2741589
24164156
4857087
8046441
2219672
6574118
8391923
15580858
24020907
2175924
2441737
2517783
8571969
49643381
49634150
49636115
16750556
39639449
2517809
33353300
3300567
49641556
55583921
871659
51058214
1994152
40563740
49643464
2924276
28847536
35839423
44383739
4257390
49636167
34267457
24852594
27653700
48667512
1179801
1173544
3512580
6044501
7208706
25275717
18582351
7797655
3156395
15731442
18591272
17511268
18684614
1118061
8899765
26919900
7135901
49641950
42242866
4555987
512872
875176
2985627
39849418
1467854
49643258
49641658
4006709
1981051
1755501
56279651
27868007
49643772
2927081
4312726
7043822
49641828
52081652
2316997
4268401
56630159
49644317
1962646
49641387
49641893
38742706
42439891
1966611
1967117
49636283
49641975
49622455
5116954
35828084
14815301
26681607
4666698
17712747
900698
31619267
56637216
22813846
2029271
43644382
1234402
49635454
18583336
14013346
3124147
33730339
34301321
5163647
49651940
1359269
24215538
49641845
49641785
4312656
51266113
15843784
49755471
52450645
1996424
17373483
49419484
49753467
11406528
31081397
19325934
30026014
49753691
49652113
20621955
49652490
49753852
49642289
7792237
39513103
39909316
28851892
54741670
3636783
3255562
2022488
49642057
1430367
4077670
49636205
7288146
2204442
49765039
2794892
49643295
2057993
9150392
2091420
2317678
2231135
20834
49641711
17375993
926703
55116320
20725
1216206
10832697
18455109
2459472
33925047
1735545
28838195
50641858
1444198
3009810
17377082
37579789
2470362
17249422
4011776
12462866
7448041
41246804
2003525
26085456
49641461
440349
13798067
3217470
59049384
1957902
3463692
1302157
3298668
51404409
42594954
49644235
2587939
28799185
1042609
2061129
49153903
28798298
2452994
58941985
28850305
14256985
14772189
32554813
7777875
7797606
4079234
16070689
28848078
49626382
2603952
2995450
2632041
41826295
35571278
506537
17074552
31353031
31678346
49642785
15730749
3828080
3850301
29803131
46896540
43865672
870994
28854252
49654656
39650173
2632006
3872482
13024408
851681
4257182
24033913
3862341
24008092
5736844
53048220
50642048
51663914
23485980
13931874
32944196
2034998
1304854
3400201
910079
8506628
7829353
39650606
34267749
25962386
49642852
1123875
17378524
29706177
29010776
2713654
17571442
28763648
49764600
2713763
7878830
2123611
2726550
2736688
33254668
17872678
45545253
3487437
45546889
48374150
24647541
3918423
3918543
3942812
39651039
872324
27937678
4592141
42275183
42276910
18482489
21848654
11516599
4854766
4590818
20904971
36057380
2476484
12469074
20885836
23478179
18949111
31997774
24737489
7280692
36763436
41615741
18489571
18097410
352541
21177379
24113755
9054351
24170630
50365010
32569356
37648306
28117700
19101081
23176824
16507851
16509322
6816424
1708940
1209416
46455038
6833805
16204605
57444135
2502378
3025604
25587463
23380471
24702673
16188434
19228597
9247154
2829400
16508375
34946963
1841012
9875903
18332975
19170098
44585187
54252098
40459735
21568490
3310426
12830079
15058321
25400526
50604
437476
12752120
39090181
901062
19082332
43979118
46560390
12669224
3518454
24142585
35461390
3148927
19646123
7403861
43943566
15652989
34375922
19198243
2486949
47153689
1518042
1257241
2789297
55071594
38919712
43266598
15278157
22693121
14439210
31990026
37735424
22692296
14700343
14061452
19140623
56570847
19257629
37237547
19179639
19498558
13247256
23177673
19156682
13658011
13911218
53281588
12146280
20203853
17597147
15460100
22832114
41968585
36508850
3511408
42338324
11899642
50955281
13301535
19184708
31167063
42642303
7628518
16968370
47781757
26014806
11996151
23177001
20000574
16509260
20074706
19283801
1385343
19214894
19270903
31341292
53578608
11357006
1461360
26306022
98275
55356987
31016827
2951953
11661976
40911325
655266
21598045
35509452
52182800
49786536
30314820
22034606
387500
14123100
4403422
11847504
10064152
22261876
6071883
20004429
23517706
7259047
5765857
1268258
45515131
4877755
20003745
3195196
271269
23807024
12987105
56938591
4189574
7487953
9258706
22784944
28158585
26391771
25390580
504495
3870948
30578823
44852444
36426182
1505956
27754776
11393560
6493525
4001324
183965
56947379
33774057
33774041
5766910
22536663
1619885
238250
5766864
35006655
1112787
4600970
6719777
36828359
15445422
5020850
9542300
5396268
57696352
37789560
2886641
761668
24741676
46925794
23324564
661585
41519
5766055
56874444
11816893
12555158
43955785
16577671
23202425
2503155
37060172
10366081
20003259
43132365
36400868
17872875
58793134
37308162
13167602
4639367
56840178
5766790
30862602
869980
4858223
657988
9519674
20754804
43030120
5766079
3139324
6786507
1900675
9330860
961605
6151908
2218753
14573864
13465362
51746867
9539347
57843630
9664551
3474975
7626743
2235169
47634311
4305644
38128880
20320320
2913560
3859517
41318434
7528864
5322156
56261151
14458653
13502050
57778150
14331917
3718320
1528467
27657824
1811634
563728
7274018
13885920
14647723
25086315
6924337
22649696
21884530
27930626
8748291
5782826
1091018
50227746
45426554
47669007
9952055
25034456
13831369
10293493
15010138
10293481
1784528
15010858
15011503
210385
15013011
44706819
3964732
49492887
48590147
1757763
22774082
20886466
4732308
6565890
41929942
51624378
12753475
25392304
25163400
4372013
1585092
1607154
22344920
8921722
8078684
28937040
31109011
52994301
14657447
1604816
31761967
20593858
6775491
2125793
11801199
3464419
1064840
49358025
57497987
13709082
8608584
8099272
26157481
3852404
32738418
8380737
45021102
11146921
7988703
27150875
46736509
12019156
3419576
12706857
2046489
13293216
18694928
11760149
38367028
32244084
481678
11895589
16899513
17070368
37965697
5489639
1938356
2529967
21743687
3296057
6937695
21743669
1892519
40607155
36750998
11628729
31808529
20951069
28005582
22859001
34784308
33945372
35475501
1836719
13891942
58636241
21855599
20957324
2054980
15342853
3476372
3720236
34856488
224300
4688460
6462018
51863718
50226212
1824836
22950086
508390
19821268
14122543
31860373
40858
3663289
2041081
3037964
5129726
2839396
4985628
4263491
4932769
5816420
16821478
41651205
2081987
28329521
1783086
6106797
22221404
26288139
908081
10013732
4453831
11857532
13662027
5808518
303712
29648687
872023
3038539
4682019
11522564
48596894
18152654
5118041
27151346
39230475
57574496
51070
36216090
2166633
8906641
3109122
12690339
11483011
22491755
3378926
2635189
1565136
2760958
2331297
23238482
233631
23406255
34890050
11282791
5078344
1921539
954231
7203729
30638875
6844674
19805906
36177989
9628193
10536559
9632204
34663710
1928399
1980733
17318749
1195300
14454695
5452697
1300778
16569377
3791271
26205878
3140673
24422329
38635705
4869700
6987160
1372580
1907770
9144140
52850872
21743174
9758780
21743661
26822423
31149664
11277734
40831187
13695352
6772817
34992536
14848511
5235137
39140
16773331
5207843
37641022
474245
19713730
15068567
25211625
1531739
25412886
4642577
854305
55016824
5081545
516593
34227089
2390915
38799183
31583410
20560973
4566642
17710184
6457764
2063509
22247762
25902958
54547057
36735604
42884381
9363637
2656271
15524134
41639290
30939788
19683347
42642215
10605275
41150
46599616
4370229
23387994
15727524
12947946
26195367
11157848
1300358
2956372
37498558
1041756
39871498
51874122
5087910
3200841
58578313
2200436
39625286
10196392
1650455
14356889
1545337
12703710
7096097
23122856
8211384
35132005
2179144
3810122
20490276
2258117
1966314
26530540
12282750
23149866
35489100
4292841
21788835
7966188
26254718
5297589
12295288
32236479
6020635
47524120
11551960
4112457
1211474
12123967
42504282
21563622
2923377
8914599
42599642
2783368
12496940
44277627
26527624
43647930
2585385
25163388
1190955
54152370
799988
26730261
7043844
33849734
10686498
25241870
16086895
23586028
38532467
4477491
418697
385661
16610108
20931669
18116598
4752147
16617601
3371541
3371466
3371482
3371491
3371516
3371532
6141463
6197880
14422554
3559700
3521038
1965987
3559710
8815697
14718234
2517513
30639331
18193964
19618101
4059082
2286731
2053018
5130190
12690112
49985936
34632669
1805832
717778
56777468
19871306
1181004
30047379
1837480
22245489
7270813
2882536
8120897
6363696
21508600
8379672
31155027
23183287
13745586
9386543
27293488
12663171
5778205
36493464
13629642
42347710
43593074
9335064
11488602
2685460
17785628
26459697
40207460
40071018
6316384
55665052
53646845
48541762
58249963
3791224
38931518
53006469
40030501
53072781
29002911
2209674
25211802
23971781
5576639
1531742
10065120
15970289
4355282
3367341
11713313
15795860
3390080
58254869
1876520
3374606
22684803
29801958
18160937
15864430
1155556
1916509
49067628
3219545
43457615
36235324
14417117
919337
3080682
28775600
1886159
12748155
36970075
578365
18848251
5434119
10400397
11895622
3791131
48802680
46664026
1372589
8921792
36688650
13182486
2234414
2415128
15301222
16160495
21162207
31703828
12807714
49966064
1860453
20959189
12416124
11364414
31254895
1165549
26616241
20480367
50250122
9324236
2355524
57152266
1162374
7931875
1826330
2079223
2244399
8117002
488419
16239927
2322902
6387477
795170
717826
1719992
51531969
16384773
8082812
1539563
6196217
25654089
37820320
3386142
27032782
16671520
3073134
10434600
21737233
10422831
6507201
31254087
26481832
51302790
8662470
5194347
25897909
1191117
3949356
34854733
41510
2604778
30557864
2808307
2062759
7670122
5784784
2679447
34248077
2808327
52671280
30471415
2597983
1932484
30335048
711886
30269772
17765922
24570317
6162261
33948101
25303792
2072740
2680414
17873793
35489153
2679811
681802
1753397
27926075
2934261
9023795
16794316
18400317
34265825
4127125
3966497
12529812
2062754
3339824
16794043
1210789
30480361
26943129
54556438
7842592
28411451
17785091
2434383
14684966
2679881
24570445
27935347
25121408
3997813
7637545
13320316
31475901
34253455
25369256
37528165
2608111
24503102
4674852
31714046
2396325
40159314
9487795
973828
14346669
1027166
30542341
2045451
2687374
2128649
1682143
34265726
2679889
30706121
28371877
2861047
9878887
671814
40910086
33947300
52648852
54607699
2306210
58551640
32945511
4423604
46642517
49064936
46328461
11993841
3720577
54550764
1582277
42786029
42786057
42729168
42786008
42786025
42729057
42786372
42786395
42786460
42786476
42786590
42786628
42786660
42786676
42786692
42787857
42787879
53850430
42787942
31926884
41948243
37339103
42972900
42972878
42972815
42787988
42137934
2239611
45382053
14232419
42972744
40977001
23156194
42963905
56547594
6917217
32762262
36378177
16139022
33881639
5741651
34359107
40232536
35841019
25177212
41029030
7983573
40943939
35857254
2239651
25230344
41696625
4765289
5741744
5551093
34049370
40543716
19602006
37342592
37354678
37342733
56837096
56828702
42137996
35493172
36326574
58876253
24696629
32999836
37596367
53551195
41030695
49771479
33942981
29506526
33131237
5741571
25700376
13864129
43397445
40763725
7354309
43237510
9858191
19107240
2239740
25231223
14371537
40686103
21799935
10124539
4212710
20937523
47493970
5357979
42084535
37355282
35083124
34936686
37355300
41111149
37355313
41992604
42046259
58545176
3962658
2239579
25231232
21373601
21859719
39579033
4871848
4870889
40542571
46289531
25231240
11371983
53577368
50559168
54237207
35913168
3798188
51408785
1582785
460086
54564975
37324888
25231215
34915005
42943848
42963391
42962073
42963431
42963524
29516926
42956713
42961860
42962039
42963240
42961761
42963936
4051863
37339635
37339852
41027768
20938578
20938581
49509508
6478242
2481200
20964133
20938660
14164045
21369463
28499068
29462083
29517067
38540441
40934464
47088768
52007407
48807386
22735861
41081248
25231251
40659526
2052832
57744538
32284850
31816507
32429598
37355857
37355985
54774161
37355348
40953480
33526961
20940150
1582555
56828560
34652450
40935101
39284981
5734615
5813522
40951356
34652474
20939718
53883633
39153890
53889905
44636920
7598228
58959176
35857252
40976184
40755473
20937534
20937590
41748357
16128300
33525651
40952999
1582804
21382303
2052742
559368
40203419
40006817
40006804
20964156
37339934
7514440
6863192
55681002
30508481
22797969
20819509
38667482
20937833
33354427
1624084
1886461
19132471
32856363
406840
5550931
39130691
37355364
23643281
1582568
5353898
41785770
24696652
9054715
25429099
25367107
37355400
20940289
51594670
40953314
40971040
57133419
37006299
37355445
37355578
48978405
46414863
56828607
6739073
39536646
41024711
14270074
42540453
14231914
2626094
41813791
48247303
2239772
45484439
37356054
49596228
42224368
42294553
44360847
2877515
49311576
4445598
37810155
1582906
25231259
2097236
12457939
41029024
6303060
39928780
52688669
56708583
25170694
14565682
9874573
14270247
3981043
37340039
37342563
39742303
6234485
3064316
40951831
20936299
1430921
20937397
40388671
8052569
16963757
291908
41029065
52679512
16453669
49602948
40951580
26915636
