102883
14541296
31459363
27573639
19887527
1392096
1892726
16670432
1187311
3280462
5289291
169305
21478754
63392
384236
651358
24400334
27353457
125296
226660
1631852
48656171
4265764
21899301
18935258
3063973
4649149
12065590
43382402
38137115
2009453
11073025
18117167
30680031
584389
1440536
11064
36079506
3434998
20207911
12372971
13216
306326
44523981
24083066
1432410
4392610
2434446
36400847
32024788
1348330
6415906
24897
31564169
18081194
30431633
34741578
4517698
238114
745202
42446
4799593
188496
36534480
35300851
35300776
32024866
22280378
28387
30876878
1421626
30676108
928
21976445
5042367
6978
2381958
773298
56248287
44941
46717082
12232846
928779
10438439
46716661
20981836
46717083
1466175
317501
154170
56150
19022
1809875
22649
19777249
47693490
47678053
7993337
1545961
1965727
20301192
1005874
61032
43854
113365
1052199
19039812
697733
25718122
247315
3012337
3654105
63778
46251057
213446
419093
60459
1974235
1853711
34980746
491578
2628057
736803
11273721
8997788
3662198
1196714
341086
421085
17948388
663904
849986
66294
47278
510791
36025291
9092040
510995
3576010
3044780
4740896
751106
984524
4741593
23044987
8087746
511014
51394776
41145357
403396
171323
730437
732873
2274780
8733398
893668
53802984
40862351
1592486
29675785
47579630
2999259
547949
45312411
35099585
710166
3999072
732729
971922
49333
35009581
1311951
48258936
45087456
34238291
6937513
23355975
1500618
3919296
13987523
2288777
34980847
511043
1589192
2426628
37828181
804737
41319204
17996242
11838661
1608493
34952656
34990211
37839610
526636
12865068
12864994
20666057
3297512
221319
6256328
511197
20757836
673294
39475162
474880
27988760
410804
54910567
47984814
547910
27899682
903376
37473881
24024923
38452770
6148441
549136
34989921
6148418
34953080
1415118
17644927
40903837
889591
10271359
860010
1805135
4108478
34952466
52609408
23469564
691626
31790142
855980
34980327
193583
34987468
905646
792644
547827
3055274
8810311
185307
547857
171079
24679939
23503136
1041023
32128954
14611039
34988078
34987714
14295551
9445847
4724667
2326978
2019798
35480438
4740425
7224456
11992699
33819970
511292
4723495
3080323
1938323
649382
548265
2177036
958627
868863
903460
903029
4595966
9468719
520196
37478104
10614570
1301785
240863
299609
542885
1706965
34981918
1360950
40758039
476228
1051310
34383484
34987291
914908
889659
12864899
34952830
32819893
889172
356999
2063902
232445
36681001
42526076
4302134
35073980
511068
905684
54299694
29406164
4039440
54135531
9769425
903495
473321
3469049
4713918
3192289
4587233
102913
53571494
57231221
1745325
8921111
34307401
35530574
520237
44597344
19678111
903481
54724614
25725314
386062
38106941
889570
764348
4741644
52687491
717316
2079352
75807
7746391
10845832
653913
8478
20781912
21806922
9346993
1366489
18842088
384893
3443136
352585
24200321
51184343
10399772
7972835
43582
50924560
395046
329277
59160
9376281
7895580
3362809
12970
1677048
13420314
855760
40600057
158226
17805391
24313929
2783721
804702
4933873
275053
1176563
1972167
9207240
34473829
54214114
142690
54201777
2203174
54209301
255114
1265342
53653264
52951710
45544774
40786
960232
22701997
4186062
56657132
28661
1459474
937347
1052263
979287
52881503
2891491
31141521
2484315
1656133
17967
30795401
17899657
549355
4641815
23883900
7803345
30822761
1682927
2894716
51352770
3315649
2357096
165760
33750626
663902
1462375
22123875
18550321
1244082
16292516
165881
423727
326324
13766053
30874633
1029178
7830
237460
344025
398416
52510
189828
1341369
43851
175308
991217
18346010
9912495
203510
2503967
728011
2975768
30000696
251047
47833904
294990
33817341
37208892
376595
240559
127589
24240272
297067
14315293
186228
276080
1695286
596663
3153635
3153779
21868967
38355108
25305978
2584614
56915316
10437095
1733056
28090107
2034826
3561546
3502862
26955668
55138596
40762030
6179321
18152714
568104
61610
26221613
16265044
1474763
306291
28000894
1326977
11655
21143560
25770375
27991852
204510
50354
56458826
319616
18311131
1548556
1745789
1052957
19224766
21538638
17687157
23577508
573
2109482
3759103
11674594
13251936
2555800
409394
8358730
47654140
2304473
35488272
228484
38744849
1003206
1235749
1379331
52991970
54205595
32305214
407695
15188422
230419
13550406
32081376
177793
49509342
12284
42561853
7044989
4726934
58362698
180786
31934213
58952968
8759562
51782084
3566097
18954238
11391929
42552996
13541272
7094589
253553
42368736
95601
3056180
19760
3332274
30710323
10306808
42906153
29174999
847998
4758232
21742
27637773
434232
22487
53066655
1100845
9323628
42581511
1037059
2677249
261596
30172035
25806
1492275
29431709
3469019
5501897
92792
57971639
395965
57683021
57688660
58431532
266899
55360808
983450
2604124
44788382
20301497
37740554
21455789
1252580
24510892
57874950
59016643
23572897
11300
12591475
13291712
4159579
21590329
3061089
18550051
17699
699441
4966559
33132746
17687
12829161
12042283
1007812
19541290
20537031
20533589
56232729
455773
4760663
35480692
15777247
1098754
3240770
1194760
56232839
1883244
3779776
323777
21378279
2999867
15247542
2671343
19697849
18410383
28066897
897595
353869
4618857
243391
33570327
22500921
33456414
43249770
628450
5465644
29770591
2572627
2738697
10969154
8957879
49304088
1106205
30384825
1409006
10115122
49870344
2158184
16757040
23369987
3009184
221284
1120085
7983699
750101
10232
39380347
46287275
5702463
639511
434103
9892
2231743
31002435
32116915
14908508
859096
605511
1255319
3947034
246176
6727454
3467849
9511103
21758835
5493220
15201
46821647
310864
582687
25409434
1628055
3461883
4911388
18456
38724482
3013461
12362106
7061751
33788375
50239310
3002191
57147939
10044813
13886123
3657390
397245
851927
22781
9106784
9527250
1519168
7030491
34023953
52906318
21312310
25524
9960212
26700
3067655
1941913
9005414
39845988
31938666
6082368
1958462
34215300
57429694
37374009
5946039
216180
10307426
13233189
3468466
246903
34298521
37179221
18637184
33969346
22757157
4906780
886895
7743915
170898
7154403
234523
1416993
1110375
5443665
27125272
216170
25022902
1710895
164432
25847797
25428398
1077491
18254497
445636
27370050
16143262
9493375
47697883
31657187
100077
3975200
46188299
14917316
20370801
7467020
40728657
6436951
1461082
373235
1996833
3998216
34358706
252958
473319
38274557
277315
5509535
46188458
29976943
23203
10744940
40953958
7169806
510016
22543346
25952974
8877150
2576405
506549
27578
477269
58735847
31771
39709452
1178
241787
494683
279597
497380
1808630
977209
27990810
9831038
3383953
4763362
19395812
24067728
8363
5139911
10837
2262129
47604834
21738163
23077926
190424
8667577
78215
555881
1817874
47586513
1456593
364295
29466318
3988570
10091322
196799
262629
76176
24805
10053429
25589058
37579315
12142041
26447
12178732
29048891
28307
14324827
328815
3159905
39066
57075136
6073156
40305296
13620318
38919445
21173144
39382382
520539
2122
18947989
842859
27693047
3301146
37485840
340496
4024142
481745
16784894
251794
13537675
20016707
190485
717197
28790036
47663700
47261442
44839678
1634833
1094458
2687200
4800126
55676052
1873093
223250
2445030
3150775
186746
26983318
6866874
609947
22105778
32677168
27898363
21946044
39492273
299859
12256344
481188
8469156
35806738
47257480
58160675
804203
1173948
33959
29612
10401093
1870665
39023949
38654921
5599006
729853
37826410
173387
55781783
54004404
44264111
1632214
36060326
33244271
169482
56522
2688034
30762076
87713
42022855
3552700
40542997
29991406
29991636
29991422
24749553
2636426
29537
24935
345803
23047
1345191
23713231
47566602
666313
169358
21317755
52912473
42877569
44554214
528491
152214
21073209
725226
56976577
2536187
6308558
301719
7973428
2579958
189429
34774421
3872553
5069503
18504221
5705
52973918
61345
5198024
24106558
37237272
1982545
58887918
1273107
32974036
33827596
41730066
54049566
54137111
2659806
44815546
12660556
41085587
28267409
42704558
36951734
59074875
300543
15503838
50164239
26915
70543
58256225
21599341
2466610
41182878
4330353
18640324
4207801
28142506
4206403
56823600
827792
19344125
1022321
36496309
54345099
28982
2255858
34388536
5066368
26912942
14277527
57165508
53578608
41417189
11636453
23848777
1337152
764613
188401
734644
346611
2392005
1595873
3122600
1204294
232844
331597
1421987
693002
1664427
25005
15282871
23539
4363670
4952620
2181360
6290771
939578
2235265
2792
8934226
26276222
33944016
714069
5653
29358535
25707018
1745389
7327
59863
173937
499429
857235
39228396
24856902
730906
37232
12656
4852151
44178
37519566
16312085
7949372
630398
2892645
13793087
4021739
3108937
80552
34074829
6365190
1722373
182727
1047584
3595285
315426
39447080
36797
39098
36606973
831689
24097
1931801
952842
1166245
591394
11585926
249438
8924176
1788944
1137736
31014293
33112023
6394087
11153041
685179
244629
25606638
39396833
40592503
31883
97517
491097
24709966
473279
31244175
197284
45241535
21920776
5453152
14440297
20082214
1538038
23774097
22849642
177725
14707473
33034803
2402111
2367207
33106906
14983819
208865
36064871
1764639
25508252
5506325
31133385
33106911
25810773
16314501
8920983
9461102
4106285
34810567
33476491
18956166
28123855
56268543
17974484
7036252
39215324
45473047
62385
7973413
247720
2672488
53086307
321651
763941
25351920
25350393
21749352
3864828
690655
3678523
56270694
247134
14534297
42029857
1239477
100627
663028
1906430
8382837
10158269
182053
8861328
2895231
1963588
339686
12905
51118531
8515411
8612425
37929475
31881841
44727979
227107
15348
56350246
2734619
35569788
4984965
53514235
3564042
42508114
3450741
56735006
19008414
13202950
99625
26105773
40110539
21494
1791712
44253732
2524990
14187513
1338837
43579809
880666
16210676
44545112
55989197
24589
55131824
45241553
28096558
4765088
270381
27195830
56270862
6569580
30926578
24220268
31284543
7971513
25078911
2649767
31124119
21402529
1834924
2894130
33702707
32340998
30904676
54062111
20974891
38373269
98352
1933111
1014743
39158
335755
24651342
3895774
41284633
56268649
25250158
892723
1671913
662828
54192345
2123950
2136760
6516933
32054306
1090534
35842043
58961170
41732962
55817338
31360442
3912778
20623289
35312751
25902562
13895240
7175817
8450479
2721694
27890305
28248191
2870004
13408012
57481814
173926
24446656
47280
15515980
12277634
12280374
47902314
23389623
3561094
20784062
34637056
1528061
57612736
15673722
50388178
20002033
511115
34998622
7806345
17692
394392
292154
2955960
11222203
184099
247641
58360911
37738366
548214
42852507
33093158
31175141
2259738
22370431
178732
19897668
7026348
186824
3937760
918943
23085333
15574040
57784300
22918608
331024
39272608
27157474
753844
33511186
15277486
25412585
15902716
6413372
1828610
21617815
21634478
6204483
3032101
145187
44610811
2556457
416493
56147496
13953745
6037858
7152937
33819002
5961234
544744
7893195
8146591
13780319
22089046
46909627
10108147
509880
27939529
33841956
31408452
4727048
7002791
20092265
3687249
13035643
15277073
22143560
27318698
54074849
52538395
58991178
48674185
38167791
41251512
37785755
144589
52901568
51191775
51851964
7630525
58741402
23658402
52288758
52548243
17583511
18732608
3867310
3183747
10568944
15431267
39804000
43313
5864094
1005304
28116099
1944532
41254380
16455525
29740340
8891448
2599213
41118
18584082
24288199
296116
391475
2310541
3602582
26513269
420431
2026987
2221235
3027218
1584992
21396853
44281046
4097014
38878679
1683007
3366106
11709
11675
43286898
6723290
56621861
35337586
1352020
5904688
11849432
39470609
19560460
35915681
31465137
14266112
2396555
2234284
277379
31111024
10066137
16254199
1473517
5993808
19590990
2865218
10761731
1427452
32323840
29153082
9580049
46240806
46402098
2636884
10177813
9564390
35507379
245733
5657877
22440503
1057428
33761097
893925
52310847
52325914
51805773
39292045
39306244
53923093
53576690
52508049
56241785
54097531
55240446
44190947
5179641
358934
2547347
52345184
27730091
54139490
3160889
52007754
56579654
40726928
38859012
53906177
55860434
52376302
53901395
56897739
51272281
27502884
58114405
53922128
58299742
58862721
53986
8042940
2175085
37064138
29338876
5064922
37914377
23619268
24857850
10897189
58717013
511156
24658252
58752562
51131937
288367
49766788
2987839
28326342
45097897
44398349
69567
44639943
1820895
80402
365839
3101131
73408
26092
6995889
7624813
22173485
3184822
24726624
152534
17253537
25669253
1627510
56808528
44345
35581235
9070384
14878998
9631840
45527641
14333666
21449125
28115410
6235157
4263443
106402
56043893
25544346
1051502
11832225
118697
8341388
57834358
65651
65662
87585
1120226
51125875
28115913
4114915
36704734
30697107
1405473
395896
19644
28115210
950307
13501074
22079251
2049749
2688041
21131780
5342910
23454753
662900
23922380
8770855
606600
23481965
60042
680062
13295032
8594
20598752
24214715
26836072
9138693
16306159
52239
1855237
54129701
30890892
1689547
18336087
44358983
51143818
25724894
535329
10323418
12261050
47960417
1861353
23815
30860671
27869730
18587378
38635568
40979521
53472
56357764
1023992
27414898
31734250
30950412
20176616
41409124
25152980
10769998
34002651
77041
39482653
1593617
16350783
3526639
4123743
2614714
32172794
51250928
229723
48424083
274455
41293360
50617729
45271992
9997079
23083185
3990062
80249
5541655
20528261
929709
229661
10160405
32131559
47695603
4420535
81520
861713
630584
1032530
13983419
2082314
13800029
40449
40451
11323667
5719915
17951275
633842
4491426
3886002
1839443
11196728
7291975
5138573
364448
364338
102920
1172310
398255
1252075
1057043
581391
51067
13676233
45461213
35903719
439227
2309323
48571940
164095
34375211
2941630
2941610
42400
56350736
19996292
4082874
22709409
24515
31510303
38355411
26766667
10149633
8340639
695978
28104600
4337094
1471522
43803
29434178
88548
6275104
19171691
25182531
39891651
4988
2267727
10934910
619517
3742318
15077106
5975013
31083241
57979
140272
10934970
4963076
38740322
6211442
61085
162958
21072418
18540038
55872878
51252240
28670281
14813063
15471258
11941403
3820697
53746322
61086
298449
591515
55184442
28568
319765
586508
1660681
51662140
11065701
1040627
3946908
56522779
1633439
9177077
1009767
4938471
28483530
39336901
17624244
1697489
40172612
1986782
337044
6885821
27170606
219855
20392176
17850536
1040971
1072573
808982
8118527
1717420
275713
2282988
22104594
3437474
1299398
4112038
28216370
32700874
2017783
10698861
219364
14882500
1092398
1721545
21024104
14285414
44808126
52436579
677130
8864225
14224277
415247
3013293
1147032
26215341
15496054
8452342
8412091
283817
2880974
666365
13588638
20774723
4128359
21010600
1609690
5690220
40359
1717499
2044733
1830721
18614602
30862583
146334
144089
1188320
3323231
28303039
54024
1688162
1685298
13012677
221254
3010692
22944626
3027767
1504970
315845
20719145
2614324
46782628
2284137
10772
579322
19098122
5162684
438098
3876658
47930157
1679959
881176
2020264
20402646
6760277
77492
1658881
54634949
35542081
3923162
612358
50762277
230946
21198025
37658002
20218482
1602548
13901408
3221742
3223340
865767
42231873
16746969
25680702
10128004
12468475
5254035
1710194
12734024
19555171
19348340
4801076
58792
2283272
173505
4790008
28176988
18465
2418652
18259273
1701800
12799942
19007131
298565
1378513
1144105
26023412
49682781
2697089
4430241
24702861
16027856
14575128
56656177
25001382
8564494
158925
39070170
38864294
5483190
916404
923762
17627567
17627580
17627585
17627608
17627612
17627621
2210028
2216683
49309
3573435
4285967
327672
439598
215883
21436
4312381
1073770
2389519
2576382
920028
634094
55940
192362
1306607
1697454
42999230
5634139
24622
4166761
36189390
23322540
913970
362961
52436247
1660577
24740
2009709
4935061
23004
52436009
50092683
646828
761312
25000218
19421841
509705
3043798
4877595
24698
2460481
3226950
3687502
791642
23531974
299168
4686368
25489
575443
3231088
792833
50706997
49308
54935641
2004447
35924041
891085
21533299
17696
37759956
14665874
49930477
20412859
2829677
2319031
49307
1715392
30508864
16736879
455771
18482504
14163800
4347189
14505480
1818366
7606474
247874
3436008
9792070
22993789
43216080
49682811
8459852
1994008
22679217
8570212
2055881
50279452
29354893
46991416
20316461
48640
958971
1389338
3024258
57987828
28202588
29355015
100669
2426364
29136350
537478
797821
29764845
45873
5336487
53654146
58996557
2589535
2775954
23588537
4509910
1183490
39748459
34202583
1779806
13237371
7936274
2856495
30876176
7244535
4793304
35423331
3849115
856794
6729973
6717908
17706700
20596137
4140653
42589451
4141213
4141516
1237547
589841
9063031
32018456
16586757
650971
3772362
5999902
1937192
3726789
3530603
12100797
1751250
3282446
26084099
7138127
916590
1960159
45958
18293601
24771011
17788204
5294905
34996734
199140
88838
45876
43026635
1968575
596403
2297825
88577
3923141
39053182
13621939
18862731
6271840
53374
589917
21341557
573491
1661434
3050114
2703121
29974
182259
586345
13938316
51676239
325175
329881
2110413
894
2365964
22649616
1393811
32916524
20302863
277206
8201921
876488
216613
37925252
10526925
7286120
42900970
4070755
29021
27113
32048534
2111262
18436536
36207372
37581979
584987
9530099
2333491
8269074
8790920
10951749
50611104
54562516
15328212
39524245
13116268
48574666
159184
4799484
5625160
5327330
1310961
7134340
26566676
7963285
57256288
21290257
43438232
435023
921980
50118734
13946053
57337942
3875869
34924636
34217053
20298079
50818807
43425
3528778
2445760
11162695
43166830
21465014
26054809
50087804
20279108
11056174
58485879
45410322
50139558
11155949
18503136
15547416
33644347
40649377
2591582
8139439
18837241
1944176
50137874
25207684
7702542
3053147
6313
5640210
1949268
47837218
6315
37047
1424697
1600670
2738007
6317
1292563
263153
1565500
6314
4992785
439185
5820809
22058
1692748
45703740
99559
6413491
40880925
11175690
29067
351417
934164
439065
1789233
100589
6316
40163138
319152
22759719
804126
450432
838378
1831837
1912713
310637
11586432
4758742
4766224
6462779
3635755
15683521
206553
1928686
1928711
2338651
247908
24162217
1928636
1928724
15683423
318648
1962240
1928729
5082745
16958560
2936499
1957300
46754
723799
535928
3022600
174387
17825661
5186688
38925838
7193551
16995
14901686
10607472
4953258
25217
1630583
10763613
215350
30216638
35538058
544849
3034440
58074546
290392
11253672
4194998
6266776
8422070
685895
1757117
2692103
48136499
21048842
815227
262658
38507183
21807724
35673813
38366687
6908822
28128359
43889870
54611055
215289
11287874
102915
21874196
15638948
43119944
23275
18484028
30891198
2039483
22286168
37007329
184030
24600078
40888399
42936727
26104
21686968
2917143
52315534
12471
4663696
28341859
2375888
323492
37800158
31660349
2706450
1016753
42220824
3768672
1828625
3804454
3857630
4264552
1572071
1591693
160660
43980531
1830531
193662
6308135
3364038
23209458
632423
15211768
7630
5510037
7763961
8344
1340693
8632
311342
1360457
6171642
54145770
1298100
3567861
1801475
1831038
31217017
276210
1356722
1261142
6633306
12922
4869614
57167491
4813850
311344
4166932
22077826
2361534
193965
360167
3063286
449679
9474359
33440704
32457068
2670130
20145877
2447508
1759006
37653394
1762870
1402781
632952
1607439
22673941
1507737
20123231
15122090
52806824
1114435
3150830
1831880
210119
14496518
3985816
69685
1856213
97094
1856015
327776
20554218
478027
9576022
54340115
13672971
21697814
15664339
3528193
21589875
22352080
174639
32456737
1303217
6259011
1855963
18502017
5509824
33275549
1743598
33484243
45158
4916337
143245
2251072
56400379
1946569
2759509
853189
3449517
189692
241617
51778
3899958
212467
18783545
43795498
44144227
56329
783295
27706
32130005
32235685
31117
1220177
8018602
29450481
633495
25953499
24904218
3530427
8884660
24791293
49509132
4140950
35892451
47269229
16270550
31886192
27606966
8576857
24393555
15122137
1884321
59079279
22666335
8560369
301496
29540291
519963
4276967
3412459
2866401
56531529
3954776
24480631
5356595
47556935
17452206
696324
24925225
35876848
19220693
8458281
30653447
10621538
44638729
27746052
237890
876449
5210210
35818571
33633726
57675143
14026240
53487115
13674692
38163946
22855104
11913263
197367
27483544
48500278
9810112
5979920
549111
6119336
2612206
1262175
1997666
4693186
33742554
3092778
1688138
27936270
54921706
22191402
4279149
1835579
55058281
2175765
14093939
1468653
434170
19297814
3305409
35876330
48757955
36576115
9492078
56922080
15532564
1609907
45122071
30235407
352466
30356
4842689
45082585
200264
15769744
49942
44244083
23775737
200730
274738
1678383
788253
20557247
7325276
8506515
19321167
582453
23834216
25296140
5987837
1035528
1129763
203785
5318217
6907
27908976
4182792
8328810
47818812
2012721
37134351
11686
212485
20492740
34388436
2018618
6711479
35110894
12393
974449
6726988
1117473
186462
28466833
95809
3564374
4083603
46105
26040863
4272726
5345336
157780
6352991
2296754
17758037
3368423
14763396
1481392
13982958
1799283
9199846
4929721
19008500
2626523
214562
5352504
57302964
1864071
2054502
15049058
11167139
55097959
552107
1027046
580161
2165599
158691
10683518
249903
20264959
889841
31597516
11271401
614337
46634273
14383955
797295
4782492
5421185
235304
6272223
5118841
18620938
1936524
71556
75812
1654419
51613496
47016248
8280
246574
5663918
54662741
1984670
5209768
10063156
3700127
9593490
2295842
539139
2719557
53156667
1089939
56393623
2264137
40451129
48489
1654218
19091682
283849
7298917
57749341
20040636
30544176
55826627
3660400
20511080
45589862
48789399
1836322
17279817
28012617
45936
31178
47059715
57898733
1623276
6518660
42614948
55133867
1905672
1324544
7934013
2426283
3064301
5079141
4346568
5910595
436616
2493
12382030
5140114
4849167
79373
245650
1947455
33931676
9978
1052610
40128979
13787
11048391
435721
26335002
13142385
172701
16905
898530
13504122
48738369
49972
10122795
2800790
1493917
12639192
51429008
31480
1918176
495185
14616221
1019093
25409258
21794016
58592157
321956
23210347
1609146
1335525
49438675
11840866
31910898
20646497
254058
368736
17355024
44379848
2093258
12238644
2266638
8711436
159178
15381320
1477117
3501122
32525556
1416096
39947682
2002540
40600476
21853850
41747067
39865011
16593404
40257985
46462945
41754809
28062377
42418682
39050179
2984938
37769865
51119109
36420348
48954853
36302919
36381954
37734168
37532066
20621536
37566304
39080689
37549635
36331516
58773269
37770438
55688225
39509689
39864752
44102966
40654508
28059976
22992412
39883341
42418749
21601756
40062192
47855052
36300614
36294046
40641112
36301251
50683710
36321528
40542083
37769737
29686455
36381080
37769909
37182393
36309862
36572001
48533502
39867579
47131232
36435842
42181791
2218843
142580
45463521
36803823
47638995
48682164
28353005
251456
1978516
4311863
5413890
897486
11150957
23083748
47378778
39179259
14906588
3669622
58444681
31275
27913535
8582624
10510197
2646111
4363081
158849
31822793
8983953
2118673
3343419
47044481
2882259
2381268
2795075
10918306
58047295
54015466
2892975
2394308
5104141
53511296
1904053
16974581
23898659
300184
58686949
1725585
8831328
23797095
6330872
52916041
48682704
40573990
707043
45671382
26279550
27913536
5170225
68667
50023
4500841
1767413
1834525
40513699
58033444
21961443
49904333
8960
1780579
10338
28417258
311796
309330
9060601
4130212
1178087
14211559
906281
42167810
6942526
32414453
5252615
23771388
2175303
45864681
18685476
18079815
708330
333225
31820880
91190
19156674
55935462
819332
11582552
5232483
597758
43742178
4101246
43314578
19606216
4723009
1020063
2279641
1240442
2336882
44044241
64695
537195
1119627
913782
3402947
24189541
21986958
41225063
1333423
8023119
5265014
7233002
340780
261343
428663
1377719
3156360
510328
19759969
51759111
1868389
1832135
12204111
670611
24189487
40007287
25831400
36388328
42428859
149170
44349608
45687070
53206947
1270090
30873725
18947899
10918960
35817324
48205088
12055142
45689615
270925
31070516
26699757
58493527
53626941
1825322
41372282
38522836
2307679
25542987
26210476
13517224
614484
4083089
9177274
46836148
1043494
41723229
2138561
26690992
4598933
2312628
23035356
1486259
7419828
3124327
46364209
15847827
10231109
9027805
48168923
376749
239953
3133616
33545656
34912694
33982507
4790944
13527705
24535515
37328605
2341066
772062
180337
27514641
3616604
31230550
11045901
21490880
18743071
5652788
8695783
545577
300215
34652655
21038923
35139541
66167
19233383
1529514
1235779
2210239
42657068
2240494
2240467
1863021
2696845
33828434
39721994
18949836
6823894
26935230
25213644
39548304
25309644
176931
48417868
196073
15734464
2647638
48489088
21474948
3148426
19038577
15299934
7217678
7272264
203637
28878
12793598
12156100
32233968
39105755
50497601
56983738
39199983
49975329
29052592
53393871
21113294
5507724
10300911
1184222
10812093
38252698
35731771
32295012
50797825
28960022
40884252
4109467
38792415
232462
29753610
52107757
55850415
31419238
26654243
23050383
11057677
979202
458499
26143506
4985613
38982174
27928333
35281629
19330337
469578
485226
22713707
16070200
25683591
4724116
18039001
3517589
1904337
11856314
610789
12829835
3030181
1899829
23470390
20748299
49681
4696039
20400528
16743556
23872172
45274436
13536810
29123
9247
12762714
12776125
40957544
3978412
5102790
244119
9755539
4315132
17604733
179669
38088820
29869999
27048215
993153
22696673
7159198
43623180
21059
41074215
276872
42486408
4433856
5863519
4897231
1892526
20606605
27113008
3122897
31741941
56082362
393904
1570960
17189319
12876730
5725967
19218437
773618
47680368
1150215
3660078
11306
13639512
20177406
13916570
3457815
58863
41441053
6356193
13755584
8625764
393736
17878314
37944386
2683875
1943811
13487278
19513
344793
4818770
5571847
26461432
1018814
3193700
15184165
53147698
4823199
7916214
703503
203680
23394060
34580694
38182299
1411152
1411161
102803
50222783
30210829
6556377
25081
24743
50515207
1693811
781891
23483
37010
1564475
4788296
49207836
5611579
424562
1983931
19523293
7295638
2848825
23538
23233
23474
11351089
731287
54608505
496055
3117750
324888
54431682
39426637
20687678
50774863
4275935
28182
1268372
16989249
203753
26690824
12017095
1938715
1666427
2905982
29920
161711
167390
1678145
797617
2315808
32369
307366
225873
30603530
5742518
57091071
43808044
33404319
2060912
170333
37103476
27477807
25973177
9350286
1732234
42579971
2356036
16075754
2041141
577248
2211449
177456
31103500
7517319
798571
405562
27577
31731737
30746
18985062
48834853
18765601
42130800
22963407
3951220
34900000
599325
22769766
58151566
726587
542949
464877
46694890
51114899
34517249
23624126
5316476
163901
22928408
237495
18575557
15368
39310227
2141578
994704
42141307
3062911
6895400
26685
20034448
296775
21302154
1729542
3657365
230542
28334699
154826
9274942
4700310
5277007
49787425
25673342
17902829
53342106
420489
10129706
4602393
2194126
32137716
19647425
565975
49892
34319899
32494656
20227676
27803078
2338291
14371753
32601258
48543017
9488646
230647
49060638
14723179
14920625
20429672
3636810
38091302
23466159
50155010
315952
22056917
3264068
18550455
3101583
18151195
18503129
50046202
15348203
30525546
179595
27646583
575803
22123590
46955042
48852428
26521848
204333
5169750
8305
8782085
31483317
3488651
35067930
6746777
26642194
10956960
445218
6898868
28162544
36667615
352473
1365953
10912802
4022808
41387966
16862273
16727746
43845658
667884
53768637
15533235
20176755
42947263
10779029
21252366
240072
45236184
21514238
48992049
25101808
25693764
7608013
57759857
17230784
22154031
2649044
53170579
38785237
1246414
37153464
21466202
10466072
31632301
43902798
3223282
15521489
1548372
22030001
45286911
5406820
4016688
49900658
44642751
72896
56910813
45150748
22306268
23630180
51411749
17770654
9501260
9502813
3829401
37780743
10755909
25142817
31899397
28085275
27196947
13819533
33601441
43374621
24899670
3851071
41607617
19481308
39006227
9037547
32179943
10348099
9332278
19973925
10875316
18006982
23835746
18465762
6244671
1299159
8535386
28172574
43432542
38539077
9482915
23851568
26384549
43998499
9503111
9503301
988751
15364809
10067215
16948699
26851804
1432366
30819414
43972057
39083726
9435645
233618
28158932
13255316
14926326
17770608
35096865
44662223
2960562
8972748
41190833
10597476
14690169
1898784
40262073
4918664
31227735
1833034
261396
8111088
11468720
1945303
5948253
56296491
28846687
33204960
7299174
1350293
21854
5719208
11686390
1986808
594386
38819300
34903260
276825
297479
7878118
47487
56891142
29516819
221429
15945431
41588566
4738431
145773
7196
48359065
48381
143335
14311611
45101818
75045
1527098
3841204
3984096
316410
32191848
995636
10543311
56428137
133345
20620848
3690170
10178401
4876592
9223115
295601
28992001
7748358
10573426
14508369
9081765
48382277
2884986
995571
6532813
1188260
74263
995417
48361
925715
21793863
1331480
8231648
13271682
10059597
44907259
4151763
1064904
227280
41677283
48384634
10832418
27782581
57820434
50014197
52084820
12267179
12662693
13510705
2853761
484205
2286680
11610688
48429332
366810
18133283
36033539
22532674
2018420
17616
7946782
493833
33765815
8838023
35652287
9895080
1609989
23077283
17617
2882854
48311098
8097563
1643103
4070299
13744291
1986817
49073610
5521962
2890298
21289
12267654
37758978
5631171
3432443
32374980
10174029
9997671
12651309
21994
4229819
6638573
17683366
1918784
17353952
7693731
23266725
21836
305109
625973
9893695
25147432
26111009
8439956
44455214
22520
9881335
351603
3004764
4207958
624705
10712487
491847
491787
491806
17837335
48134895
3064243
1428088
22642052
3903716
10832246
48873658
48873656
153095
16938212
48868332
38928288
621182
11686251
58718174
44885218
17660060
2545972
227282
38260375
4625156
49121625
32529897
32655756
32457251
9893534
1515653
491876
226761
22567973
47069448
18779063
226762
36823555
40676951
3609705
3499121
14552094
9313674
11715631
48776333
3472330
15753093
42003835
30862602
2038309
30718
2293916
24474291
50391257
5651308
4040200
3154072
25168972
36860570
3666492
29313782
36374608
8331945
21898118
9896484
12270125
3703995
7458541
1450770
181557
6427366
623150
233654
10178703
334507
33933664
187359
228012
32322033
26266501
2231414
175502
48946251
261250
17367962
87334
29580554
2925345
3058
4388950
3199094
2301634
42422497
23344897
24923286
31744838
7515615
44398507
19623743
29066388
58908392
2875157
41100648
185843
9760
50288713
2888430
12904580
11115393
264085
1046630
4325981
5872605
175074
9230290
184402
341983
21268570
5368520
705931
3842752
29435245
4158535
24020993
21615
14237151
22589
23817468
23817612
4165666
13863712
3602326
2005691
10588444
3363483
35764601
42478724
16838911
26042
54320963
4865709
19283071
19400819
445252
26974222
2888449
7789539
2046575
20396733
53575661
868996
14063048
11197908
10614950
3569474
1114292
44074749
753057
248309
476378
26752043
27562382
7281389
3010111
20110874
14529897
624684
9721437
97585
54083241
46902218
10018490
1833848
1902180
20819040
15293025
41908
5928902
330432
24673687
17892
5550409
8912106
47089125
3423601
1707086
26681002
3453719
21871884
1855050
9746248
30863191
47158945
21524318
6738308
7033602
40322326
54295008
44798958
58710442
36116472
27754656
8989793
6711708
397271
23233259
8718538
29244719
7886790
4568259
39559966
555650
7016721
1586154
13180029
50675732
8085847
47814230
8775637
42335212
3345681
254769
26566069
27293278
1519875
3606009
9560227
24095765
25394665
24379735
20907300
1616185
27576302
9545
8969359
13924093
2170113
59861
20265741
16624451
1091233
4083803
1890042
22739648
1348347
55408192
44889652
4824777
25531806
52565674
32464022
28463236
23428417
31493190
2149716
6338482
9308434
54046648
1330313
53080832
1512628
1025859
11882761
57870193
431877
1831624
19845831
47845518
512904
14908056
42335532
5721896
41885308
12795695
7042478
18912788
54093789
39140116
3668787
20053540
43482230
24533329
3844654
34438892
42964044
33545180
3156313
55752601
41996885
8895390
10003704
5679464
37998886
17887712
7660968
50891749
22055657
10044864
231442
58910447
32871561
34056766
10681803
42139922
34033422
317282
4580669
20685207
28819832
5639364
51586709
3205100
46568727
25202899
1857169
5619479
10896010
53256704
20927937
400598
30951006
55269375
7217838
32826965
12431148
25874393
478774
21029957
980813
19111605
2136854
9606881
43341474
28634992
47493145
21732378
40851
20978747
12142820
41723875
29444747
13433476
39930465
48037281
23259981
21226149
1851103
56589908
15602793
623379
43491
862361
11042570
838491
39278630
12692750
826713
38221181
240949
39418
1752893
266466
627957
40765972
19636090
24562
251434
10721277
221536
334320
1389423
8759095
27532241
2385382
7521669
168421
38054389
1125312
2279892
41363180
56589916
180203
449357
59157
32387165
505093
33692942
57516637
3288598
1409120
7082881
23219749
311305
49108816
20781999
38275418
41293569
51091082
6679056
307139
25035433
49661785
297724
12998
317465
496950
82285
31217535
25140
25335695
201657
75696
49535
3373310
26451793
2864
39206860
52415645
6198
21474906
2355918
571941
324872
25907070
16790280
14573421
58857179
14478375
4608241
3449959
2760528
4506804
1368885
4182978
37238435
46712308
4791701
43166745
15824880
24182344
38243004
35275877
3450701
5690494
43390744
28991577
29436647
7363
2030477
24842835
34363402
18256174
383609
12172847
3773510
3058250
5293687
6638201
1504563
50027542
53761778
183652
1690736
1254339
16421553
166518
50856
13846674
40465540
46029
1881621
2699400
1033203
42171408
145993
2523646
721235
47458100
21132127
43300716
27124169
28413544
30479404
1242905
38851513
33710060
1572386
5271434
9315827
347822
1572761
24499728
38233555
1004186
643854
3635464
30780511
1651190
26661855
1545612
29131656
201153
24526687
15514744
7551824
3092841
51560165
3496971
50021
232791
29419455
401937
51302033
14096840
37246229
16875690
18546373
494675
40956926
613965
2525856
7412739
39357706
30046841
46451333
128027
52067847
44749915
8795217
9591787
57785214
211960
8582684
822726
33162996
187557
155779
24538180
13341876
38589404
25716052
11367572
1150894
26188644
19722532
1468207
42480018
25447
3765347
37671098
5259993
3085737
2226
2711452
3836788
1530482
254294
1174994
53613365
14257451
27055846
1527908
40861481
77695
17761923
40693496
554172
680986
176884
1529376
3805145
15938971
8112503
4780486
32182335
840612
3520418
359443
40856754
18919785
27003478
1577654
339806
29762299
92379
50622249
1551204
4459843
27405138
184451
55642792
1531411
14167225
4011634
7148
1645052
4180947
47420930
8531069
42284377
30500292
8202685
4259402
23777713
39248671
659073
37339205
29466332
41631841
49413280
48403782
53163344
30722649
546013
39190318
2930232
52813
170594
1663283
3782069
1618182
26384397
1538554
4861797
2263875
16918952
1545767
674950
53693222
29923971
515973
1243735
4202524
5843994
795780
723612
497566
1625853
40853646
57494486
13381953
77691
21455886
13269942
729001
1041756
25598628
39131926
4604302
6577162
1264097
13756318
3822296
5349226
263233
55839718
39248664
40857095
4598860
46531067
201056
722906
44310262
26600881
2428804
1536498
55424650
1323446
1945845
27032460
311973
2707946
460394
16034054
2681261
45448630
2961961
4741829
429955
1578745
319762
3106155
35649071
5516737
7974249
7592962
1545316
844911
4088298
13766578
1684561
35713040
27232048
19759799
4644634
4545581
2786100
21269
38264968
15044726
28099867
28999214
5914151
39246927
3641629
6098295
1665142
4233136
1528283
3650822
707411
676361
11746755
68061
11746815
1556237
864229
1009030
5180384
517372
2664203
872518
2264429
2161338
218879
385549
14896810
1527865
1046772
45637458
11746904
3123021
498582
44313092
1943137
1547090
2916422
48609379
629192
1977313
36983
1953585
41669573
3986866
23791483
21855578
24615824
41436296
473367
27783675
27124734
27491785
38497122
11396381
20001326
19593964
37111278
14972344
26791
16871044
1639158
274138
1699889
35650663
1770599
6400016
52061037
37321055
32182893
92371
498587
1438360
838908
39590024
56451303
39189535
83008
29857483
39728690
385972
20949723
42117574
1543748
57005670
1054654
2281458
488382
8376406
391239
10325000
33899852
473370
31143541
49342197
6743279
4039541
52086
314362
3085836
408002
16875276
4279209
11491
43494
2895214
40857782
16875748
620925
21509720
150463
40472202
855950
770827
33150012
19641
6169246
48315392
34903115
34768888
6139861
53723
35720979
7861415
1957258
53817376
216003
29995239
49228295
17046772
55966147
36791036
54681275
3313367
26943774
35226408
2490371
3538425
35369684
55013970
28783280
10671765
16637103
31967388
52412294
53294594
1101552
640369
33375023
32380102
39124817
47917
50217872
6076115
698374
53069992
7580342
24297671
7670949
899386
41792410
41118442
50493521
5897742
59035422
59035193
59036988
26318952
72554
542704
51594410
4463773
50113632
27156802
37767093
1585777
5329685
250945
28730792
30876862
21753513
228357
8659664
8808574
45453165
7949527
357317
4245244
38059274
40400358
22812582
41922632
2209232
11172430
48313641
40284136
12711627
50195522
23001878
18531322
14901232
17380979
6435232
46559735
34060450
13029538
35520526
58862535
32390160
4389437
30320952
15379681
35523094
804964
24428543
54119521
205534
8323449
51217437
1523424
5130744
45008603
12626795
46637932
8996912
35806318
40509898
48104629
39184350
397917
27160419
12281470
86646
42215318
47678411
45241548
52973427
410685
20446429
3274379
44990442
254054
52757607
25226517
40454263
57168807
66252
50162164
39963351
44569013
543598
1072936
1072896
30863321
25007904
9643127
10513843
35757246
8410651
35815752
280911
1123484
3270655
33439201
29066482
2386182
1743713
52469238
6338193
49122038
52497866
25603866
35806374
3305304
39412
4048317
1138550
25007044
429249
30332
50461442
538393
1870891
2949160
39908810
57161531
54492123
46476169
40854458
24389
508324
33030258
51409930
1469318
40074658
41816010
49414810
24142638
26479628
297914
34726061
57490866
15952537
31585755
38480385
5351581
39516167
32823521
45551772
3169747
10181910
55204522
5031117
31593316
7869795
14856988
22184259
891156
53591181
1035973
1723083
3741372
10909885
44656461
25809865
30154210
2675033
11026266
24270095
1016832
19988715
1719229
41061488
10160797
47693295
18647348
307834
8045252
1063391
4596265
40942718
32071358
5436174
57672644
511409
11025311
52601346
37526339
985467
1792799
19234557
54617477
174270
37676338
3120650
185725
51041141
55087282
39167580
30260001
2004800
48269758
43088872
1788196
1684855
579468
1948822
18425554
12212221
42339946
44591312
37972178
44630955
57540553
1411587
8449456
2822353
21875788
44848044
46519937
32708366
5961701
42528753
43963934
20393418
1964666
4271320
56107334
4230022
14256388
1770684
46300491
57781825
26002528
459376
1617866
33037851
7380596
57316765
2485422
160290
2791742
7522806
9372607
42889238
237137
23743206
4552421
272134
32325016
11054915
16618892
2657808
52044774
11682860
16761943
6889
4605611
34433068
1290555
10428817
1015863
11501746
52272502
42906439
3835049
1539290
28014764
236975
45283122
33350282
51073887
14677080
30789744
52770171
21987680
18646178
2001465
11223729
2905017
24866675
19333139
294496
7729277
7135084
309275
36449924
3095637
160361
6055749
4144627
49784777
13437523
20041877
51925792
27888401
2163276
32257005
24479528
44065428
53432776
5437359
634647
45665142
183861
57213603
2127512
51337334
7862201
7193665
23493043
52672197
14187933
33412243
1813072
39394272
39173145
35647513
2352987
744508
38958547
29002354
5287573
20899920
19160484
4247330
31434017
10545741
6787083
20577833
14283284
52806896
26472604
24591029
17238677
20322411
56999002
11633329
46766148
46974871
52808696
6817069
15515119
2660572
21351987
4412086
75961
588215
4412043
4411909
20412121
885721
290921
15085
4411858
4411818
780339
5343824
39151258
58056865
10379838
1423
19690443
26223218
17990997
14272151
27534729
1035886
44587520
1352778
1323024
5095599
9035948
5100891
11378570
4306736
307968
5264082
728004
5326
183265
25727150
863918
17647738
21967601
13811
2408446
5098574
2777323
48880810
7108658
4739721
6742252
1017788
57632191
58371679
433978
1991521
38016071
13079722
5178616
214731
355204
5050386
173592
30209646
1154193
93103
12585402
12585087
93105
12830932
2231495
19984249
13819459
31348784
2660677
12800936
1927935
1356363
5304274
5108286
2542379
143806
175452
24419264
279621
670092
24339257
12361
52785478
52458429
251180
27166524
40625632
36123441
14252261
4200949
9182699
3264618
38599451
250989
26127117
285806
14252501
92764
380699
95752
33798449
2116972
36182422
34323205
21158418
83033
100237
54663520
79670
4986168
39192544
1638128
1472988
45296320
2227563
340304
20647654
17317607
207848
14455397
1812610
34945713
95278
8776747
238611
43162965
33795885
840055
575603
185081
1463837
2511417
57423907
217422
1858468
41859481
8163829
24804136
16272418
2808068
7554057
324262
20611083
2254206
5228243
948439
42059999
1546632
41791650
10286049
8999824
29722995
7869184
894495
3166033
20207650
4393502
351269
2088800
62062
1532873
27051743
698076
201285
180162
20526461
16328105
20613331
2216235
6469
134233
3237605
1545452
2542993
30094661
2401051
13873
2111368
25617652
25617871
593030
1073154
49518842
54335535
1373092
226126
34245779
4698584
61358
709530
3229543
3746801
10436084
28840
75792
295074
618162
184858
19616
27961285
31885077
68676
22579780
1746939
144128
1095706
2583411
100241
42154
30631973
8914433
225886
23022330
56646031
2414599
3488006
7952735
4080979
1145313
759871
27976180
52041
3308034
19102078
4625024
3270604
823302
41249743
1188662
7796087
9010294
23130977
40887843
49523257
1888612
577035
30871628
44099293
21350938
42270294
20460845
3408532
201572
38532183
40777691
690464
52147239
33805238
28411713
604372
6826172
325505
197383
20595185
295571
24704855
20776867
17945221
46661717
14404
40543209
36688437
37906536
11913649
1308594
734706
323186
19152829
545839
239266
426453
301483
19325
16547761
36928854
38214881
23385833
593095
200340
305024
45651
422504
46588001
580355
1572179
1941101
31509153
10166396
237535
10216883
6908800
46664289
12115098
3450546
201419
31395
38147087
1338466
164646
1261154
1393619
223389
43382131
1983357
224108
1064690
34258
293185
30153241
29009186
6280977
48909802
364322
1812233
878014
173722
5897131
7509546
16037
448239
13800996
32771686
6446432
17093040
11612008
28703544
9804535
564375
69348
1596863
3603030
12190720
13408947
2237203
14619134
4722265
40887629
26414
34239627
28436
162789
797615
226651
11141876
1915664
605310
32661797
185441
12200474
22771221
22771302
34019074
22771151
47567144
9897
53403353
22771176
22771067
5831683
357089
22735
192516
6285387
46427402
357034
145043
657897
200732
15238595
36232892
4208265
252251
28858932
26657965
744997
8642050
4851082
41509599
53395
27455497
4303199
31925150
3995202
39194710
52997115
18247885
34258666
622041
611452
2269697
8736688
989897
285903
14063726
54722567
54184047
3715143
11879346
31800158
21030880
5646829
2202274
7212
874231
26974568
7663511
30503
602114
26005482
6275284
57300423
66975
11107040
8722998
3176391
22462715
57341514
5139235
36956579
1194555
6515803
55874122
1606543
14379
12683001
55428493
13752228
21665
46025
6087683
39465345
16894220
11633232
54652304
17005961
56360904
21846129
743818
846983
21517691
9473941
41748485
41743406
2594995
1491156
41884210
42662745
5820
41511186
293836
13275771
324122
39447439
39449131
51244793
3313267
1814230
28272
30365
1813005
41749102
14605
1262099
2022070
3267529
50149041
34437357
4320585
52987790
13543
16016
37737694
41091367
508376
25525228
16941443
10254359
1103425
27964
47934148
952063
40121131
30197071
53730030
1746771
55494
4251
2679814
2691861
20826
14499166
4578661
34533
1027957
85681
214954
27754
1856409
13906453
1503458
173436
1906868
30874491
22404218
5211
8955339
380782
6718101
1064157
6092149
6037917
15624
30367845
335877
6143067
10334922
1873589
392530
37656338
42132
1204357
11450651
452800
273817
650498
53474
7866009
8954926
201588
2399768
50117949
7775273
5795655
9794959
11126010
22944160
20283076
1532436
17510815
54946221
17516155
310244
17516585
16799301
2405374
19535017
3192804
29160860
8134297
11235856
2471134
5476851
7733838
1794046
87701
31882387
51453153
28845738
326609
55981540
30196087
27656334
18479211
1538431
42073949
1265346
609606
55494485
977464
21670292
9862578
28714269
1074931
55042919
22947828
10436741
11933707
14307365
37285979
44209438
39106304
1857117
6572432
24365881
55174
1469427
47008997
53202106
29333016
25668410
6660790
16351170
9903486
4238641
14703837
42962906
23124223
1170317
1029287
410307
26366081
2637407
33614155
24192287
53860913
41496207
19107682
1755121
16680441
263185
2942557
17919144
1323487
750372
31592356
1561255
1561468
8121183
1354220
2157118
38361644
2239217
24917784
563019
13245941
24124747
39649476
53584294
9157132
5348970
307191
37924473
2019094
21496295
33544044
1895176
21968099
641576
24134828
25565752
9908957
29407333
3106860
1830153
25915
699261
54678131
20108462
4145695
666420
2621162
665637
2069127
35297590
1663775
13118744
2386348
5695920
24243160
473299
28348423
2610144
2351121
189740
2260505
18013907
5482306
28408
2239549
20367077
884423
1202295
4635236
225009
2934568
58744107
574362
750086
400236
2179356
1178251
80656
24169869
6975118
24201943
24502289
3708968
21352491
56728073
6280695
55748661
1819550
31326979
8680698
3115987
53138246
1197947
18507812
39388154
53412754
5847567
6399766
29322298
48761599
23590
3169654
7493315
412839
11238788
1756663
6016173
42031
5452277
40771455
4349679
412846
40851426
38920249
41007190
2552726
44839504
3347020
32589779
19195836
2533249
48495800
4382952
2503489
2375688
1975701
274099
151992
14429
1253138
4189245
93355
213171
50428265
25793095
434890
2174623
7280451
3648033
23410226
58777020
30074607
1140478
446782
1363068
51920687
27533089
12981334
2570425
89986
571649
342411
30874661
2360572
375565
50328762
53541069
19984874
57490880
55061854
482581
1476496
29570464
515258
27996236
1449016
57245468
101419
25647386
70548
1072855
18952743
2291063
1004529
52618246
11472470
1196908
24104169
32059
1765801
51453135
26861
34895893
288281
36716579
60520
1865995
4876257
155406
261899
43616178
54632646
55071553
58342854
13738459
24418804
1861485
21988742
51260309
35495027
10324227
25023044
6480515
599192
32532820
2132858
56431856
47447092
3989939
462984
833811
12501966
29478378
275099
8058644
30843
21925193
4254233
8582
8620
1795042
311982
13627811
3718074
28326023
137197
3564854
23703593
3716462
16660749
4957085
2359894
15190312
9526660
31280962
4321241
221908
31902
3598396
39054226
56543322
8215273
407463
56733696
141628
1288782
6966876
12741534
5356902
28259470
8523473
11569981
51415052
11185654
7382910
38862610
50559325
876797
159669
915533
56239565
39870
160338
1562256
25734312
5214249
52730779
2319776
4669944
57701740
14308007
30872816
39465080
521177
3023772
608115
31156672
52011926
32176550
159668
34411
244774
3073890
24181900
1287285
4413703
32058168
1729706
486550
4253729
35199573
42994
3869156
5760218
2469204
32122694
44625173
19582895
2532528
2997699
2956755
214167
535759
3014156
20218495
497536
2284788
1557236
24775925
8756130
4479637
45521730
21033486
53709
2146274
16635110
251650
801890
17537417
7001810
3810865
35226594
531457
7931259
22742
18090607
9007698
19160443
135100
988414
38989621
8778341
37584570
12980766
2099700
17005017
4322326
5009711
7610158
8779036
30437
7804247
42003318
1465002
87890
584438
32279476
8691
3807469
12867349
1587530
12867455
573844
48909722
15016347
5522772
38926619
16061272
797347
1923365
304971
856952
15016662
879919
353174
1638094
312830
58558580
1923399
47891
462184
266140
36641762
1579648
10988295
542491
18619209
870446
30759631
25507509
7804134
4462613
33195364
46826545
15064496
49089516
2571905
5451351
502372
37277640
170362
266149
653873
1982261
456324
59788
1860531
1860527
870434
37838156
15372560
1360611
3807444
50400
12613136
2324249
22290553
25239447
2880466
347423
47757628
10208408
3606570
54116
8426318
36146862
197000
48833750
860224
249909
36956284
26229653
1707426
9561421
8593253
535179
54962908
30742583
26167407
184794
40444467
397752
53185494
34187422
39261684
25618817
1982250
1925182
25813604
8593494
6696145
1493813
15163357
48841554
1925125
35314871
34374442
806532
3229333
37658904
469988
9223415
9072515
2935012
39262097
2887556
57219530
780849
19935351
478263
1925152
1925088
806414
7616650
4639242
1860469
45079391
41242602
480299
27976161
99390
166618
9195529
34163653
27973567
1116657
695500
8593036
41589993
49386121
12579341
6729882
23547785
263802
17231041
2844561
2076517
10037715
8884157
8311711
35501644
1896390
22284907
521174
35383470
18422211
7824766
2083993
3159982
33286469
17985391
15342596
1326753
30864312
17991085
1635081
582061
4070774
2467752
21097530
1122675
1789049
25584045
23357553
25499854
9836145
21942363
5527610
192727
3051750
25109034
208159
27373201
550308
3133119
808418
4676838
5928614
26556255
81009
3196911
49592
636635
37168
8993287
8474459
454638
5066707
37078203
298503
20751766
4319584
22774806
2122523
9016880
140487
2595389
147089
41572680
27006
33322182
7520928
37317903
208161
173457
37231
51556322
463039
6612777
2412409
8933045
50081970
1237259
2494883
37141
54133850
3264956
7324
692305
50469
847357
13480
30732929
16721058
1605200
485826
15324122
420832
1860367
1860362
428119
31568321
1066204
54451435
88513
17271391
1574022
24629015
8193030
1488262
4253154
35573014
1791512
18302097
9768592
1911449
1972567
2585978
11114068
515078
30933107
189246
5001564
7596589
2901287
251033
18247747
37718834
152368
3107725
20771568
23129690
11681138
11435156
38813
2448469
22788477
690849
37944837
726338
1153653
2950845
26624465
14168097
2368008
263244
10961721
58527399
7209498
261331
12764439
367427
3489856
518930
2839344
9276226
10441741
35683469
995080
3280932
21168174
50203193
17508739
842572
48560691
207949
19623866
18066594
18074252
2505502
53118642
874539
4263097
2336383
2941715
216615
31140796
3908024
397623
766715
10065263
198753
28537571
26918586
7963550
1491955
27458984
46251386
939731
17091424
1583387
2833012
14716200
26504149
96458
11752167
9492053
14175082
4967925
20208
12275454
46659238
90313
1867121
9213123
648040
39284146
19387199
27579359
13668908
1065218
52956511
1860451
29504058
30721548
16231615
595952
11927837
184426
116759
1665195
6050158
58525991
1700432
16337730
23881608
23910198
40809678
22355868
7531819
4517279
57907402
4240946
11129977
469904
430320
30163299
52097941
9974893
932464
666318
20207052
5024233
1726917
44547117
1810108
50547234
7104
21490957
16290254
1098375
35246903
11790167
896218
28858450
10591337
566485
3691159
4141891
43527986
2192069
18564733
32831849
218935
19134533
34086
8077206
6335095
19162634
21520305
3995692
1833124
2962359
256936
262003
22005088
20679674
16195505
30560394
36890116
19069450
198661
37119589
28326798
20198419
20207806
1860349
34238063
212651
17104108
51871162
41116487
44188437
492298
248497
26010196
2030218
1318479
1721975
184501
35495941
11716814
3029295
1023
54703522
27086120
13738577
865562
930376
8805
2945164
11054
414987
393968
638654
225153
293361
947146
38936386
333159
38340874
2307316
3137762
32921050
285632
22151139
41897529
4715965
27026847
57716158
1253235
292269
54724548
48849657
31620489
309079
32503866
13250871
19628320
227057
16342516
20161411
471315
757680
32622098
53188524
23756533
1870763
20766599
2004314
3284745
24320104
21312748
23918367
556175
15853363
6675
6199908
31496181
2928434
45266
10030
63317
424141
25913031
45544803
2300616
31355742
7400363
1007163
41887454
18256873
581358
4032505
13297922
2947150
207723
25691700
841967
3225498
213143
7327812
2350495
216531
333245
389912
668565
217462
32589663
43022756
322830
41430019
25185981
3860995
6762680
623210
219177
45541
3022885
30980
13715070
31921673
424789
4097096
1139545
6258
2412774
56286411
53643626
24490360
46736086
5974844
6355878
30498454
1979707
4407985
26826220
37896642
889726
51319
6811017
53825654
51600548
19202875
30542008
13502171
50771841
860354
4170165
9655463
2393552
143913
4576518
504008
25102
715596
33561186
994299
27495080
32943782
1182836
1197362
1473451
1469495
7108182
18892997
11375211
317464
57701067
42793927
466559
10623
34437315
361953
974312
4064610
22459326
49090877
55596446
13667119
40273857
54543692
11960952
10862710
1506206
17790775
9599819
5443651
18981720
11038088
2391256
31341328
17677106
286067
17411175
1830732
33304066
2700417
11621803
8543690
17960654
17461870
17744360
11944873
1973599
17814700
11356935
33061019
33107223
17690988
183442
32327707
17308615
8642037
18027636
46289892
645566
1606715
17691079
577201
19809144
11902898
2385987
14089823
51892764
2112844
25103159
33063293
5443873
38403664
30067
26743020
8097941
31697991
2977957
467066
9974365
9511242
5398628
550777
8773037
3095897
10324604
3296532
38014541
696241
3810802
6638857
26950608
1877526
53245146
2830957
734489
21740823
15079406
34048468
26166435
11127162
632782
51607869
11581752
4197576
3439232
23013
46655162
33169034
39518377
1906787
2306465
50589
72243
43638026
146141
54376427
331008
3121816
11029356
7219847
2570640
8586491
7463
866517
41710616
29856330
37092860
22037
24933
4756732
4290903
38338998
974761
46813512
267014
1537
2941992
58548643
7876216
6600576
1845
16067696
5654189
42752760
18547138
3552463
4276168
2118264
25611728
42277
1812329
5885283
35937620
3076858
37774663
45450164
185615
286478
447382
32524419
6090423
445231
4325643
40319313
57759
4959905
64221
21526950
2236909
9057666
4483284
47815020
53466077
20948
3020119
2623949
1018018
365689
57830594
40703649
57896735
429171
325961
415070
1061913
7737
12474403
7068306
19139792
24320602
57624819
1628088
557994
1530988
18865539
7683
56206
5828
923251
1008510
411512
3961885
569193
3088469
2629174
15110709
730450
7989
50701327
51452660
54509
1773453
2957537
15775369
7236219
7962227
899924
415674
2629274
1958837
49626134
21664919
940046
19068598
4217297
46556915
1059396
8157994
6913403
28548481
10515
558812
273482
11627
5257925
2829558
11593
543667
26629519
31073276
19667544
1508301
5105250
89774
6478912
12459101
39043368
5138823
54470948
3211752
54491165
4864036
44847663
3514777
75378
51489076
31613444
20695445
33454739
185254
15983150
1674353
275051
9575078
27508128
14229
22541326
6146176
19128312
52003847
14459
20375066
5040
1166630
67752
15295
34590724
17985651
51581
12220917
15387
1626783
57769738
3981465
15627
1792884
57074346
17066
57695348
27773710
3730328
3139882
634124
173279
40748985
19434700
7124240
35242899
1965902
435331
20318
13103839
185290
56314677
532355
583444
5120635
587277
1543701
16276698
58713360
34976715
25572706
103123
39240276
1304321
93566
10227263
5203348
58394
56587867
68819
1863668
21367692
2975066
67147
7094667
21137
40428998
1602010
2560533
8556500
31309233
39312117
44069998
198618
3987292
465622
482847
156861
23754
4624242
2253499
54077
19561415
23785
1653820
8150951
2045565
71734
49886610
30102548
40253
1193632
10492905
2220700
442294
58323
416095
25688257
34184847
44132513
842822
557130
10300787
1578040
13540478
782207
53449209
530027
3794257
456728
166329
155045
40417988
6918
234938
487090
24068342
2254889
1585104
5969825
153486
149881
1197808
334639
11579721
1271019
3284294
4196196
311910
13285876
1630299
10677378
1659294
29923
20211596
31627145
1446038
528543
4568499
20426550
8678512
295241
20981929
5992
2994800
17046875
40370421
2876716
680326
3249514
11262625
4234182
168322
30861018
766059
858114
32799983
1042917
24482718
37166980
12067159
23853142
532159
57337910
34940993
40529925
56023027
970788
20938232
46219084
2326890
47160431
39130312
20683472
639800
31074682
26615704
17424187
173908
1521108
8729837
41543854
3918214
236850
36406509
1610350
1319882
2327473
34349914
10806718
7251426
29302533
1976319
36317063
336339
20683004
41934701
21465194
10630160
5365746
38028125
1554948
1962277
5008963
36393507
40835006
2415045
6840173
27241608
500998
24365639
56366707
38646249
1437930
653735
12993825
285544
30455822
38258813
1241055
41787575
33428164
56223
18960210
26418907
1669521
34436412
34185241
582691
33530940
21922259
17959328
38955147
275597
8784196
28547
3088217
33055034
51139131
46602356
34378053
3765577
3758544
9487080
10081283
14676686
3743278
3019986
47187201
19990546
7461486
46759922
55121315
19759220
17971241
15483838
1011270
51426
341442
150035
18900634
152207
23252771
2817175
2101754
8465779
910234
480010
4691250
4725226
33111104
12450
150062
4358338
2518328
28653915
155407
181417
184082
7510462
341482
30563979
1096396
3875355
764468
15081922
25852
13463844
12761741
18998319
44218028
23874923
320578
13392068
20234262
33458
22304328
3151382
495614
1616855
1072751
4297956
38992
1331039
8912
573880
248189
13912929
173724
19926944
21591425
15727862
20911
3194945
13041514
22385
58432047
58507641
21567720
40529144
30745
44069
34043
23352939
23369756
55632076
2405448
57061453
13779717
4362966
40659421
36805370
56867753
10713763
2097760
57745469
14428322
44148414
12967796
646478
64243
897293
4779146
269190
36136905
56941585
35924651
56284235
22244464
6109180
13641453
13244658
44311175
2341373
593115
407814
50662306
31736744
47357235
14921500
2368360
55907997
4082177
23678
25765
150135
60426
42447345
57174311
7754560
855030
8486841
15490230
6489317
1536496
28030968
1888777
58255307
9813
55752138
7901784
44503418
37257626
51143
30864636
24749
6785698
6242575
41071610
578057
11338425
27980176
8329918
16571023
2024893
35240745
28190571
57764
588708
21794
38693641
31182782
4397821
23940
4527553
3719355
11368550
71478
42642215
40749885
49220613
262606
20647505
23665489
929323
22786227
8451030
33917476
6218191
4408064
7407819
6661919
22524305
2652781
261251
5758239
1070151
14330846
13552194
41039874
18857837
58626399
25855929
6617256
13245728
1627839
6435170
367280
21485652
51051714
8951090
1267548
1976710
44073122
11000505
454015
57523818
19705522
42801222
2158646
24138
244071
1183312
25205346
3575605
4379834
37853
28937856
85620
19572035
1893174
581523
3801553
3381059
147983
603351
48690165
1007030
322533
16189704
1462764
500163
56606360
168185
4119243
173077
2218925
7906525
58853621
30284
55739608
645892
45372224
2908018
7838811
12448688
47072912
12557622
432609
30316300
437276
54097534
36643952
4574271
4621448
47906524
25238524
44155681
10726541
18883979
26297705
5915049
39452093
7615996
9444220
8919561
226673
7013774
15015787
7471587
554994
23004551
27296110
52197659
697459
20881341
10177266
3509530
33412423
238695
160995
7052485
1416975
416831
416598
15433591
50454123
55354878
42361206
58465039
37856
586357
1473331
265952
45960
23347654
8586
3131342
26672892
23307981
17244905
21977757
37852
4434871
2199445
20510073
147473
4643913
51456706
1945730
10280304
709958
162435
44765252
14080614
17037094
1945739
9536761
1295520
38370599
11946749
6883009
23441092
375140
29192
31392778
140447
23102251
26149061
518104
20418621
40302986
39533958
38193228
6828605
896750
8933657
2818935
43548952
696472
1002300
52534
52376
5322320
246449
5322450
52675596
52385
52552
1236592
1121647
2113
52553
17773501
52387
52386
43742110
162267
25221990
383644
1550783
54225729
6250799
53098168
828320
22819741
244107
838151
1573991
33731493
5751973
1171759
53433912
33731592
37397029
4567548
49626446
14046990
14475526
3795229
17217228
4818642
2850124
15115411
8872794
1377832
23716902
14425296
1682086
32813232
20723
24444919
921689
81451
26894005
56538
11490492
3240916
2014633
10174
5170027
35475501
4563046
38579
436287
5993712
39993157
3437245
29857137
27372985
10897780
11373842
5556670
49090
2269821
33985665
31747442
43218
331170
34654331
191145
19182217
34966304
5772076
214856
9728362
5431669
183749
255897
2806736
47981125
49177387
411887
605103
12859
607960
8218816
13893303
45546786
16369
34968147
24497929
52756707
17547
189043
777042
31384378
39289005
2100873
9423564
1749997
24702
49895
436376
248256
18421474
34970247
5984849
5694714
948956
14638882
56893797
38560990
45479
1005936
4072976
58527
820253
255446
51414
442967
11556
19468696
2461914
1056003
10805909
36099150
25844292
6658864
29638170
1947635
11527
1048334
515104
10090547
436802
845060
1488195
34529648
21697672
691634
1588279
13463690
16704670
691736
1240011
4474775
1433747
489707
13665
481119
31760095
15912991
314743
342684
48885825
12795419
1882363
14920509
4040947
880710
1436104
1590804
21982763
1377241
54217
50774822
201718
21393970
3225574
1594286
1594239
3213223
15958803
1730659
13474705
637138
247392
3995195
168864
24107654
18950050
1086559
542168
291789
26356139
1425449
62661
3158597
3919573
26400029
3291957
4611484
4907231
25271658
23292380
24880495
1589554
17176
232883
300568
1639470
42877
51513636
5404610
26667808
49724628
234273
12155645
2584592
24233616
2278914
223321
1041907
46448252
9465910
25706963
11283
238682
2294938
1196927
60136
5439872
2512761
16069052
5213404
1690329
17905
18823653
285701
31850232
3431840
140841
54044650
21341034
10919195
39374174
41499924
148809
165492
9350671
46135
4970805
1886024
29578
10012651
16568
165494
1354920
49520565
39293666
5015503
26315129
3655141
57393667
47752053
1235322
295144
38951939
926994
1933839
5390576
171306
9866896
14795816
1517711
1375891
1309683
25490788
44335443
21906516
35036073
56420291
14216674
55315539
42716245
931195
40787685
575919
10903333
49191299
519350
9258
14434409
13127539
14800516
46816157
988
2003
34212305
3017505
7531564
33673135
55181525
191941
319888
727357
18935456
41893975
25982115
2614302
35786877
44381212
44560541
327443
27682217
34282681
22939063
179339
306366
234393
537634
21095287
2267781
23290062
11762174
4279706
9567
9251
2662556
275330
1860329
315067
43473082
46758811
262303
22064555
6426911
2490200
1971728
8850783
21554170
49584609
27020037
174158
48565485
182970
48753248
47752176
4149207
246043
7713579
32237314
37204738
42861322
15878987
7720399
18917
52603511
2118562
474299
53210461
16634886
1040741
43254
216235
37064981
17104172
15754385
22081
13411927
47729170
26574134
4329386
15475369
23209509
3064846
4258029
23554608
844530
40800345
638369
22587246
25346749
2570531
21509462
28465322
25688568
30630597
23308275
20025013
43305151
14926951
471427
23398283
1745670
49989781
7692848
17467575
52602528
23080235
28633450
1303288
3966781
2522130
5816107
37188074
30856302
46112
49901
10833249
33158
6528692
12684524
10372245
36258071
43836255
6269066
1934570
2174543
11014178
3115501
144870
43300402
1564246
24451177
5740865
27683785
8455392
3515931
97019
53095115
8248363
1072521
1616425
16342093
2888969
20883447
1691195
32466564
5356681
28613121
1254585
44919048
20900142
31857603
40130674
20384553
4271629
11253
735854
8106781
12719721
52575393
48120778
666005
4148882
4600092
1789281
533389
47497196
44334925
42402046
4332784
7790570
48069054
20858729
24554890
5966738
41351270
53426349
7196982
8338227
34898803
533394
589491
3507900
33539
47643722
43952785
335393
24786700
11234062
8402555
59044150
1614412
12513342
25492619
2511603
887041
240458
50944285
800052
149685
6044998
10870592
5946594
20111084
57465515
182844
263152
8400345
23608880
113147
32808207
17006496
2167969
1250381
48097
858756
5495899
12576292
11487025
1377473
20582183
42411202
2090541
30600566
16884298
586629
1855782
491908
24727796
3064028
44169903
48618121
49602982
926531
654179
5942628
11638480
2168123
556972
1798698
295228
2453814
1955598
4886177
56351808
406865
23834865
6352
14331322
1426183
339953
2134014
988292
43440724
19543822
2000154
6353
330840
2758219
47368009
2802103
46963
1097393
8285
2321112
330478
41646174
667007
3735111
182867
4468613
49910187
11166829
3177386
19750851
850889
20699685
2041213
25492609
9571601
2952354
18918598
14093264
729783
188920
3168317
1134718
2073954
1914862
2979873
14179734
68265
816280
9396685
56270704
11688
1836110
17625678
739570
25470
26497472
2237408
4476459
29092407
4420949
561651
11638693
26152547
31238858
1348703
11631732
604034
50981832
35109022
1168106
8781122
491320
3490718
2280897
11649772
1065507
2882001
96300
6124320
78152
16729398
17599768
2546164
165135
14011
8612424
198635
12969359
14260
46296132
314822
21771640
15004
2546396
396593
1429095
231686
56270877
3102652
583640
15005451
36208278
19429050
711361
40315999
14594
632644
6746824
442306
1144503
25962524
1717310
52186114
858391
215848
1420491
1659816
40230047
28428034
227109
578077
718094
600366
17575
12003246
2220194
3545859
8416397
1600423
5339110
5328888
17864
18377
56802030
6244926
72221
7550793
38305143
921433
38476813
52448097
44872343
262146
20638
699227
1483362
24170071
18855555
19156517
599231
83019
4474383
1903853
34741295
2386725
32821779
33502363
9414577
53693299
20648054
56270894
383785
37120
9105516
231731
12626361
23346715
488850
24131016
666068
9612977
41955107
632954
474477
22722
56269350
829188
26240971
2134810
973778
3974879
48557277
928257
373917
575639
5379733
378555
51158262
36628582
8768976
39941993
33195898
2152491
22432484
6453696
19465151
11280384
18400571
7952429
53006142
7625458
3294153
25243
3673250
6070611
5790802
18006792
7959344
399803
42702204
199857
30834503
523202
1892360
31227642
2487723
12778441
8018924
13804320
50884925
27750
2581131
23658775
1118915
328801
2561377
3592942
46789201
1965504
25441651
1607339
22197912
86765
41742377
1575623
531217
747210
53046119
50054722
680362
33834644
659983
2905368
47753097
37641474
25492692
32174629
2214780
35812937
6488765
57254
48202250
1448412
920890
797291
498198
10031721
2530907
8791279
30438
37248352
6019768
11638915
147083
55799611
44307783
19823867
19719119
1051958
28434110
10977275
51174
1210741
4918648
56287060
13682151
12882914
56351862
3430147
864158
14690881
18211807
45316097
3450046
36478004
28431943
31892080
291093
533265
1009078
7756329
554835
1746804
310817
51865986
990535
20841038
34225
1580891
43577836
2153531
3127680
37992281
177648
27285990
19146397
7748323
58857040
31985408
37122597
28365380
2792572
1393633
186123
6817541
10624207
40029821
1664235
27363576
13110480
22216899
11358084
46536057
58722363
2565663
23080327
19651913
19471895
27656741
3159897
47487167
14936276
6964723
224515
34866140
34872017
36175313
5113681
34947960
3365854
24984
609194
19471586
51837768
2667110
5507751
3345862
39079246
35444380
30855043
4033927
58895109
47313267
24944240
3037804
20845132
18043234
113055
2652220
22112814
44207548
36885771
19407501
40921536
541067
29567568
1006863
46457885
31528719
43094
56443370
21305887
44507307
3587807
49062767
5966571
3226917
333251
3239273
42052815
3398689
590440
491335
335739
5750839
58524842
16401695
53917
993987
47197116
38309362
48390782
3802632
12031690
17421236
2555548
180197
1017477
5668116
1069085
1272016
615914
47017555
703734
1817745
59080598
38348
301517
3001571
24330662
1816470
4542660
8382678
44712
31852470
8634709
299098
19005888
1739903
41730658
304393
2451930
20146636
285910
34827386
1241430
486086
551678
1463846
38341
5689286
5546464
563962
357125
1339341
59080632
7141952
579577
20562429
143130
327800
46629670
22590889
5328613
57977
545753
1069099
1224643
19717225
18935201
915870
45241533
842214
236646
39565
28832207
15400699
1509152
7665862
30132817
5069740
13804103
494563
26429
976139
56971472
300505
462949
34840725
59080690
2190258
4914917
18106294
44471450
1481725
1858887
1531707
3152532
4711894
37614657
40185993
1955475
2104649
99212
315341
676791
898937
168931
4333958
50189
2314874
1509004
105925
5447822
7159081
238966
1805125
3599795
42757076
540570
9741899
26998815
57217963
13081323
1042932
7312
46776761
9827
4751262
197082
173190
5261310
10566903
47481907
53734826
27165
55103546
37031837
58444663
2533064
46704975
1840270
4433863
451902
2245669
29388631
3004703
10558205
21711858
97234
10416796
165754
2580053
15029435
18956889
4158267
54009
38668597
4886461
21264123
18932
1549984
32255505
6510539
240400
44702852
46558985
11013758
38974906
35660830
39211489
45384852
51304792
2655159
57387186
2220463
35714069
1266566
2643048
52481745
51662874
51493767
51885057
53400430
40912579
10348349
1694303
49392
3156330
3897369
1281795
4419746
41157359
3133969
31747876
31236505
46217833
2973694
7194871
45543002
54994687
35742489
1597743
8687670
22784865
14233
53787470
34705871
14614512
54022230
50076185
58886578
3083164
35197358
3151107
58814719
58632550
26382391
33178
177698
47603597
6233828
41419956
1021521
510738
41275963
432375
24710747
51652572
33418879
36527709
14355941
27846009
6741349
7400615
19349705
8438136
2708346
1360926
55390792
321085
3424852
49384696
342464
3540442
44707321
54433651
48626413
15278410
42611
45716683
56746665
6060786
33856950
33848158
33856261
46583685
21459132
11590727
26611065
35486166
29684021
393363
11137542
32148532
2617805
2753269
782611
1466910
57274680
867894
34527113
4287389
6185069
58603502
336335
1081446
31351422
36929694
170487
595095
50566933
12830970
1160100
1061521
998777
8224142
521452
42149896
36919926
4017314
45357794
9524935
66185
58297129
1544413
8703455
10981297
2980078
11868953
36638111
442439
459752
457875
20034550
8054812
6806863
55796065
10793715
22409352
6752767
7875955
49581504
235588
981426
224012
39061
744504
39834
599252
453078
91388
174725
484778
476197
27543974
14318910
60467
1371114
18909256
1628580
486833
3182829
12014720
39266470
279632
38561182
7528730
49721
279631
32679314
10999508
43390516
858993
10375
185663
1501233
4172895
51851132
3388502
2638324
2395910
4685393
51851124
4286042
573943
310005
31815567
46435454
1524152
376486
19005417
39658646
9519567
35507
11550248
1623162
1740835
221277
31190331
19174124
3740525
1488075
13215593
4422892
28195927
186415
674273
6271098
1157143
26607969
15948690
32159470
10264935
11984303
12115970
1861549
5871697
7892657
28803
24421915
1805449
1580287
12759537
1436888
13886058
264540
387321
6035530
28384805
31752817
32130416
4949090
81842
1301277
47708636
2240748
25199791
24140526
2240860
24260892
2240856
24098077
24272303
1074543
54962339
54962641
24431363
2240892
24177407
758637
54962679
47709518
1244537
2240898
7451824
24244743
24140523
9300212
2240902
24164662
24436674
1670557
10361784
51268664
2240905
1074535
6018913
25795080
2240788
8168773
35784704
54962810
25199788
24180148
54962050
51268849
2240727
24190207
29145018
18529696
31689012
13574846
40726
40779
8846521
9898864
514832
31698015
344971
49478913
637510
575641
51386092
486938
3375856
5035864
8975663
321869
11763375
42763530
6934687
40962
19199143
50854779
1203002
3029829
30991801
3575656
54093847
25125998
38878902
6310904
17306295
1864484
4237207
950444
22309853
6765815
13090363
8594100
31667930
595428
35678144
32969421
41167
9292749
31707735
1740187
367753
7428961
41224
41226
8712675
38063451
13790
2497149
13967110
31698050
3546973
14745373
36688807
1232914
18557138
31142742
37447
8834843
12044399
24525188
21789602
22354099
41334
516393
582440
3372509
18443992
12464813
2497388
46671693
567523
22996699
194467
35709754
101219
38104403
18656843
41496
35083145
28123952
2032752
45600
5082625
5880700
3473949
29915274
39893
1740222
25258521
42381647
7490775
30474423
1850040
3772500
23087350
23050886
543288
18555762
1088971
41760
27274503
41820
8950361
497535
4766949
228015
1653015
36555470
31694592
41918550
15389789
31708940
40794
4229275
30277300
1336960
41706
41714
27839509
461509
17521621
4415165
8379669
22346
29097045
2473303
1955561
609197
468550
5671304
555979
639399
367867
1928379
19196455
48087
51870782
5005508
27368849
1043779
4587001
5496686
52469998
1649988
26253930
6166248
26554859
1080015
2216709
3230175
2298293
25420
5096613
889036
20871967
40016004
1533819
912426
288087
7637082
3212883
1407061
525193
54231198
718324
11436091
3790653
44369565
26707528
49494781
2971180
32780718
24008546
39588091
51051216
125306
13581818
8607369
25184288
51190190
24313
20261368
2178
505307
49182226
8171793
15636326
2172178
7355270
20262332
31126336
14992617
32049181
33218866
524200
19813460
42899739
2172198
2888586
734860
20289234
37711967
25795440
2800403
46760
10835564
17679404
20296463
3582967
27308164
7208776
7215878
21477620
7490459
203316
421507
24329866
3583326
19074843
57580624
44012784
56296165
24137284
4659552
2789721
3637937
234892
313944
2286327
3004668
2780167
55033847
42330712
705979
4203018
481925
235543
40077200
514507
157305
2355942
700051
2911746
238813
28138716
610651
4035922
235558
52388162
6233627
2987336
475598
51053611
46351393
10632
705921
33952538
20425541
31617810
189395
848901
4567185
1079427
9540357
1301535
2859475
2859572
37234615
2267024
12845426
31489021
17688
24290703
31828038
14050778
2295107
16277372
1262979
17694
1568924
227120
195215
14103937
2687740
2904613
50148
27881045
4580818
4154982
3197900
981682
10822899
17676
1316670
735213
26777823
46867876
238800
1200277
51672
49209348
8641484
3133353
3939583
21298823
210677
21408631
7086225
24307541
7465818
34238704
13929466
40155784
44368713
22036948
2962105
24812290
12577549
13876436
479383
513467
38855524
58566653
31351248
11042657
23999798
1116654
24124047
1595126
15625048
26526375
3502851
4862102
23433074
31440934
440004
57706681
26595890
23912579
30334985
39334482
464324
39616335
57408469
2726813
54354399
47609791
20270173
6143926
317760
800801
1480879
12813258
2530755
2170616
72448
49907
296988
493322
369656
465600
75088
53850690
39523627
20668696
29198407
89728
1291882
348227
60832
11496132
289962
23008930
53626279
2235536
2886200
87284
21387574
46996085
19245926
24308364
87338
185953
398272
4458793
210005
683456
87276
1020973
5076451
23045360
5482260
10093993
1156246
15916346
4711545
23397345
3395206
47776353
1294202
1294079
1882525
366567
5164148
302262
48639921
30875868
5133396
4256108
30862977
614506
33575421
5821497
615124
2476086
17386257
3568712
13705558
179334
44914718
14502209
14558266
1365748
14545561
13330368
15608365
14810106
15488401
19334350
14557693
17584297
3033888
13436026
36261660
17642762
20168733
1090337
18230058
20166987
14557059
23814164
40160777
22030336
17888
14787123
494540
11125478
26542170
11055980
46344668
2566321
22203372
16153364
12542977
31062192
17226
4261510
58433773
40521696
53684257
2155117
2109978
12084419
16730956
43413245
580959
35766612
23449202
24646741
126392
25150808
463620
25116622
29089
3486133
1664641
19360092
1397311
953810
37976626
4488176
150257
1054273
738440
33316968
13091685
54426
12687832
884439
1634961
87663
2697225
46903563
313469
50814226
24277
888692
39909481
22737375
2218111
7181463
42276835
2924529
22655
101149
43362371
58015117
5079762
4109723
11102452
5339355
172278
4164156
810092
41515020
3980891
10370634
54973160
29769807
6829851
267597
19596597
25401485
11381533
4927911
8310976
649413
461203
24920426
8104695
43498
28867506
573139
31042008
4200343
535623
6427209
62312
1842460
738658
55276720
40468700
40617088
205662
26955958
12866103
3544991
32419826
32976741
33237252
33013723
25009346
33018643
32970823
32967895
33043071
36130494
39247945
49444980
36762216
18935713
650909
31565884
54828681
1135168
31893652
47432924
40613228
1269658
229071
169502
225255
57341190
756038
17774440
13191781
26361391
25558823
17469330
1829223
4240474
1310457
35331974
3101120
6982354
26032914
4080595
18700991
27994555
6684473
16562758
262879
9093420
1347284
351741
5530973
381485
3563273
10453757
44630216
26090127
3246355
399672
13249479
169503
47761928
1151369
46961876
21412899
18891693
277269
28952456
52472924
10401983
1141232
32762782
6729734
26188191
3011879
235700
4827190
50127704
1682548
18733960
44417623
18985419
277267
274364
54428713
16726752
34606959
30035227
175313
875030
172472
13465626
36150725
2142422
436653
1347262
25938428
558923
49383809
376934
294385
8871595
43136245
28597333
50172733
18603629
274160
31565304
36945924
52919691
15160598
450918
5261739
703940
1885367
50987177
14025350
4106266
44368785
37972104
351743
13603287
15621486
21697763
24412956
31689932
34041074
2596693
5823496
1262158
45689618
981719
3607940
7507170
13929656
2320755
10743601
217515
714256
436589
231939
550687
10887305
277271
3100851
24929275
41858548
57201866
52755091
23376531
20952409
21409873
21624861
12729762
981767
3875367
8667846
4329984
42868046
2142615
262875
24608811
3101091
225254
27976960
44112700
1430865
3169985
964042
262880
9647118
1751556
2142591
1622593
26874135
1118654
47959870
4011179
24559190
52447576
1199124
972534
21119298
37689166
4872113
58018766
8015268
28336009
23566964
2200458
12549358
623166
6866717
1394173
48794806
32013178
41965872
1680819
25978724
19950409
8325646
1370859
14462000
23658283
42471120
4999851
32816506
482331
46447066
32089550
3775720
6514702
1683211
2912381
6139599
18261355
29397588
48998766
28067283
1335088
2606878
10422721
18540033
58166334
482324
17519939
32130033
37716983
52456415
11124030
562077
1173854
398437
16706051
8080436
26579043
13806876
1554521
43918389
5209574
26747363
38049662
188686
37644435
30755
21612062
494965
12461810
6312570
236708
12331422
243933
17870288
766123
22301820
1869339
31979820
46303987
20188232
27673119
24841829
869742
8452915
10436204
264934
42375750
842990
1768422
1138148
8102552
91171
330518
2007841
16614758
636760
8129452
36620884
22817016
49473856
973756
41703203
2425766
15857442
22235867
385260
737712
29773777
55994568
3387533
587895
25449469
1771395
8817302
217514
31712780
38847082
14740117
2601906
5846489
8084988
50150658
3566319
5830145
49860487
4093737
9618668
9754554
12051022
637882
324889
50082413
13647435
45617099
12610828
40512633
4173231
7310577
7384031
312443
846458
6058257
8318686
169549
627360
41899251
5750907
692709
5619922
6606611
6487051
40512426
59039099
6574971
8075507
2868793
7217973
623083
49268141
33907
4541530
15237373
55561550
26168065
32196093
1829185
9834258
2614980
757626
9614249
4220668
2651808
847283
19001380
3390205
336211
11861589
1829226
305938
11101081
350727
3087308
6617680
31745
26307957
12515802
1829340
6242869
674229
2200745
20553615
26195885
5628709
18841979
623031
21866262
1739914
6751
3089635
354009
177452
716183
1470208
46949648
47290014
13361622
5103965
41060001
250771
47272172
626729
13360738
7678822
17263044
999809
382993
156300
3358218
13366777
3947083
7209325
2604679
4175086
54142753
2233267
2964268
1199099
1171651
11486308
29591025
2247677
8471257
29311617
3174828
28855738
5750730
58492956
19924634
37026830
616534
53890106
41091224
4380836
1423807
2941757
15260942
303799
57645278
359811
2048173
44640483
24842130
84462
504049
652248
56032793
2727243
24773890
284880
634463
4269684
306746
6768286
8712474
491481
29479362
14941975
416787
1588511
1654080
3255170
3174993
1765791
550203
934150
1741558
275209
41787889
4039179
30367887
17378587
418820
19168375
40845893
19573659
20146097
402153
29971201
4868183
50608047
4851342
27594102
1816101
41686956
41923118
1077137
51506404
1659660
11468637
44589983
49668
42015223
8348273
40066239
12399910
4807288
36856032
2476993
18158885
2611775
2100829
449424
4854
25814031
12656870
43033258
668322
11554561
28221557
1515708
699064
1166477
3563149
53231379
24650955
6891837
2267667
6822837
766574
12922561
6520
7630449
1214585
52175897
40065412
18570939
20833077
254922
27405268
9231892
643887
19736057
1022092
53082030
18269019
2807803
926879
2200915
21330391
9245257
588308
30386772
50123844
186474
38841400
990380
11888
4770723
51032941
31000962
23720911
19523590
6516800
3115496
3049241
35267901
5809131
917891
35867185
597727
3094956
363264
30059430
9658845
6795387
46441942
18575544
52579959
441464
32967282
2485662
2171217
19666626
49810309
33111732
14735798
38841520
3305865
38841433
21821378
27319586
38841470
3449528
467423
411409
6151044
19581
8762207
52952284
1060280
877615
3272436
16053771
47664408
4894070
38841497
53295768
14921166
27944246
1581175
2640053
31262291
8111715
9423337
62204
367461
23868651
20282483
1543002
1670440
38413580
47735118
51089933
8248184
914005
3024146
14152641
13730259
42500254
48624025
53358373
608564
24102186
2997965
2614507
20758004
2652899
385820
8651870
520635
8374781
1762557
31326511
520421
2204292
19572995
1341066
9771958
54595126
48645883
38841458
8499294
57067696
38919030
3757709
4471096
5838565
23568219
47126195
20542051
6039566
440438
10313028
920583
89798
2101485
415110
20007216
296157
302693
43397951
24939685
3555532
433584
37846886
296152
28998247
55757
47929
3555539
296175
57434497
2638765
5242674
2456936
1014031
2696161
3994302
2011426
2087724
2192109
3153521
3643739
11579119
2489912
5576819
25083485
3220739
1702675
10967915
833440
6006320
5643885
5562684
315916
7271220
2667303
726796
740107
723624
25152964
2904759
41520977
10419395
3559097
43548543
26592149
18083223
17971787
712514
38646444
12421555
83893
2190281
33666369
27799734
2901271
7718527
39115042
607759
53224
19292770
2187161
3725622
2485912
13477068
14533445
35511175
37579176
37578611
2164767
1101500
3152058
18080565
3310572
2370017
14128884
996395
17947306
2020234
236424
18085010
8816881
9991483
50554261
1593191
27170600
53497
58961598
41826386
495153
1316947
1434632
4114999
53400691
3247560
531432
7112300
508278
42362439
979199
1137295
1193809
661254
263523
5374291
3410851
4187554
18499558
6455155
206472
3931289
4073449
3826242
12300431
426746
23003241
16550744
22529145
45524653
3863961
2175985
1078459
1019232
1255277
6082997
6060077
38360832
56657682
184072
336451
31982810
1209946
42210873
296088
2175836
12385458
3503888
10860735
34902187
45639003
4417855
1393135
98292
56110
66630
40581191
16709754
2176490
39282972
14682410
3132998
14168226
300471
188523
464497
1393295
188517
365627
1275987
2308627
50709633
10751304
156431
1312188
15610714
33351217
56112
31254552
26791361
47780913
2176235
440425
433827
19728798
4073095
7993239
34000769
506291
241510
410312
2079955
21927040
1365351
790468
34586557
4142132
2182298
45362819
40788000
2175518
30383662
37548560
15669613
57551418
370753
50968223
1135199
1675648
53591462
56531421
56459111
1133651
506115
1064372
3684864
314139
310802
3132756
38266311
24137711
34021968
1880976
31254529
1904601
30796127
2176296
34526
2182059
1637842
17945427
29612930
11158300
11939851
31254634
1613208
27673736
3134542
17788584
3451754
55700
9274813
9463641
23364842
20783988
9251623
52089932
28832428
28495100
31550858
26012217
49495747
35691407
49542443
56883399
444563
908746
25982350
7294630
20296363
22365746
623686
171646
46246338
818378
27566216
16402232
375416
46572604
25413696
1241866
2104830
41997139
7381
16817322
44969812
5165254
17032305
13179802
8506
58216143
13785387
4405025
2105051
936363
31349429
2227629
32010112
576444
80785
38751971
33776359
53070745
673882
13751214
6609952
