9451
14541234
2770842
1647073
56504292
29192344
20261829
21219455
19167840
14697061
21188248
10150504
26241411
2154755
21396853
29752766
3981713
23563446
10108021
5531650
2281261
1040867
23375589
104985
11958463
6155907
34657877
942315
40106633
487164
23900299
13445139
1381851
24912020
24462937
13416327
44777082
31256327
488743
25177307
38022101
20753439
28104342
14266112
2650647
360984
16164690
20731129
47346235
21759405
33761097
31341292
7045945
42303679
43176195
33049538
53981348
44724007
30835697
38861905
39418248
19206107
21828440
8137
174883
435236
1986491
14502783
38496244
16191394
55075194
13745047
13041514
5732655
73536
18958074
8611599
1216583
301456
3017748
52239
1855237
54129701
30890892
1689547
18336087
44358983
51143818
25724894
535329
10323418
12261050
47960417
1861353
23815
30860671
27869730
1100845
18587378
38635568
40979521
6564345
572337
5971019
418480
15106382
29784661
43209882
40929468
48494190
48494006
43174270
57713358
856624
3155871
10061279
18515583
50186510
42286204
48811741
2494205
24216129
56393119
27852663
20116588
20781999
1449800
58713523
50406244
1681795
1016832
58389139
14208196
14786686
48738380
25588455
58763675
58561186
29071145
54876824
28986172
39788995
52454436
23081696
10289455
10385691
4640237
53352269
32038976
34984208
21296236
34258585
39513392
9610206
23606990
27903559
14819280
52443600
53794727
42691783
23604200
16778196
53370439
38174573
20820712
17866864
28380469
31137615
53395686
27825029
54318764
27948008
25692137
8177200
36061626
52579473
5887342
163678
28962098
48875904
40553209
4225822
11778750
50992504
12350939
51081092
9031103
455150
29269618
20222384
12117603
7802760
26558506
25245790
35739066
620396
3877153
23129563
17617486
18390988
5219129
4807194
27470588
5776237
42756935
320247
59021572
58596627
58425242
58892658
46932677
43004830
41667243
16816573
46941515
33973706
30928846
36557722
44955199
31459790
144048
46899473
36575629
54811649
52149572
33237954
1738568
8469542
50692159
44719879
46741983
43164874
1775669
2402277
28206736
50960720
50779171
21131469
1789297
5492051
8312977
898852
24414097
45540759
24020289
38694476
56196251
51751222
50564046
15521588
19780216
41648631
56374226
35617324
15396440
21954026
47857707
6620865
24324924
48782520
22066992
17200414
13542819
900222
1284599
1703078
42555875
14105815
6553009
3380058
18107833
55597394
21000624
2062130
21015556
2547445
13647922
20997145
180050
20999966
360789
29652649
52682401
265494
663
887551
1312512
36103343
2524790
2173478
30244167
417262
1167865
50598089
25399552
1847605
54842704
1160238
3693115
41549591
38023107
9306418
56701777
25830670
34182752
38023620
25558793
25424201
32625600
52895721
23780238
38084109
1141137
660440
37986095
3078988
414388
2187851
3766204
14807580
19502070
23940403
29328
42367573
27936150
13537273
2790
54333471
14242591
1228778
1485500
28116465
56599486
1229788
33741142
52749876
35850226
1638253
3116412
41661634
177675
33004860
33733011
15128850
26319256
1134211
9609781
8583709
1453845
3195918
43471890
51002069
1815681
7291975
35496465
14467150
13342761
4024671
19802948
6170724
35295039
48777640
39436466
263775
2052409
1892036
2486571
48713860
2217073
37272184
606432
3075398
58450329
36830417
24331764
4192946
3465373
20803840
58466992
7244692
56726357
53074149
25336657
3402702
9807980
57973970
12383290
45445339
12183996
1015331
1421802
1343327
19296176
49090226
14350883
301985
2351920
513149
5641052
6041496
2383576
21119570
48359710
629176
25527857
8423780
51607642
32099336
92706
52974224
20586380
2806974
2371912
17445002
47048387
35987677
7605708
1180875
24211576
6646779
31837940
52337923
8652898
28845027
19712147
26556976
3204006
30469091
8737659
27344431
16259868
30865811
16620458
23998713
323333
3844402
3159557
4204718
7123387
13192260
31731833
28922467
445941
18711253
52380992
23820919
3565826
50594027
39715566
51030286
49988043
18994322
9077519
30619242
3189933
10783357
14074414
21889890
31622866
22604293
2473207
11850549
43398607
1351877
1447053
4992483
3197785
6531057
28111306
2460739
20870903
44994348
9816148
409186
6166516
16934150
2893037
22537826
1965704
34602002
2179403
1959762
36599083
36051487
738736
955605
11949250
9065497
1752228
15556532
16109582
44404723
6182893
3437373
16782596
268988
3185799
15149852
14915643
914931
51329
15746136
1232201
4024124
317778
71262
1007688
75804
1120226
24153964
26966820
18893438
17769549
326944
30085933
14618153
18674724
277285
21281089
35985320
24586623
30873523
561510
50601534
23448359
8963580
45395700
35713952
57614893
13821077
21358361
19628945
36915530
47155656
52728854
5259510
272376
29568015
4406104
1220049
27873493
28376183
193828
8436184
14463377
6771914
33364193
31742617
24008586
18360765
3630669
44792004
4706969
4322113
32259623
56441694
30873679
31981
31691133
448616
7477961
20462525
33695877
8687960
905755
340687
1094955
62982
6776813
32420868
32341798
874991
1929790
46988503
29426532
39739205
1561007
37557487
24911319
149135
36891033
31713389
29547706
2910976
322123
882887
1768549
5131777
32330538
32401299
36896327
29094864
24091465
42658529
30732907
30972059
2298023
28577705
26707550
1130646
32611432
27724591
31867729
37824963
32344708
19486130
125277
11597705
26984954
428246
14205119
304689
4304045
301718
32071
439436
415946
29107700
15224410
43380964
22729155
46177995
23653084
45554350
42682478
21327390
12791444
5188053
4357001
1964472
2665
1466
2987765
33051662
906044
3443
310234
230390
960232
1986057
701124
146369
845537
21854195
170717
33511186
1602860
2006826
3384340
25350627
22244475
25211885
35905976
3466370
11145779
5941075
2569854
18146305
3406102
33057331
23531773
18918238
3919556
12189040
8126990
256105
8532112
27402555
683092
55715683
35867079
20661473
1182076
13262036
28661
8587
488824
878020
36481530
18978563
34291298
511428
29981150
48640148
209411
2718590
4567074
7581252
3722991
32879838
162449
49550246
1299771
28140010
4330587
302246
4439598
11293
1922382
26789731
686148
1590921
58790
12202337
3076433
47625220
40252177
1810648
441201
123451
22950077
1208708
18874485
7124412
1269658
15114
2034299
1178419
494675
518215
895798
12512031
934323
52973276
5248376
20513354
2289190
2243218
1951030
131013
1181789
214348
695974
20171
69443
302171
4760493
240718
32877713
11272016
21705904
32879853
1723044
11292212
7118025
30780647
47385791
283771
23688
31962663
405736
8580596
227629
13929656
5599953
22447334
27156673
36481347
2195977
1740832
2738057
1683605
36481700
30660499
32801846
49124863
54849
29462
4439733
324091
232169
304057
33057162
33108381
25272420
5177476
254083
2097390
4996440
28452
21550805
13341876
862051
31292
215415
3019236
2163006
1059946
234706
2487950
7001389
32676
304899
52314408
1864064
37416246
51790597
56793108
4318918
52806857
27478356
12587079
48384183
52980558
49999561
33121263
36885333
57024626
29114392
18231571
15245727
21116727
52169167
50540410
55037836
31154133
52454264
8768741
57518984
12387916
40434786
30622791
37907724
24321692
44287782
55247139
25855499
9768792
58292901
23108415
4349650
37669357
27379210
19005769
7161451
8153945
854373
297024
1107703
45439918
2079352
870723
39772219
1227042
40325907
24265458
20579940
13438761
54483820
4323521
19098845
430988
635380
53767273
11650133
4152321
4433215
9564390
23396910
27146151
1157798
53073278
1334922
75813
57682345
794698
352149
1409813
288153
36832187
744461
1020973
5424272
2017
29986134
42293728
43348775
11502666
490619
30503698
9095324
39335605
10115319
15901787
43051375
23525286
35524293
30876015
22990616
39844288
14409642
23410492
4129047
24146743
46598379
36942673
152534
3145737
12109342
45280794
44969225
45401028
37191518
27119791
3362809
51444569
8384293
37581716
6910706
16809030
41457397
6143926
7765099
13053597
30697107
31241559
1096615
7004399
45016775
8051987
7499676
22217173
220703
58052279
50975869
47813749
11978609
17486252
43298351
19845371
50947877
7982045
14588318
46760982
47676381
51452453
54729261
57969770
146646
27315806
146649
9207268
8801086
4463333
45154
18511967
976525
2686770
1632512
56355063
1188870
49017390
54612701
44321742
52713194
49211994
47397102
42964542
42241320
52713294
11607917
5329685
250945
28730792
30876862
21753513
228357
8659664
666301
148447
20863959
22749538
18995717
2768176
43371898
21915258
44127
11499327
54647607
451461
15515380
21551002
19649701
46230881
47069426
426083
11784759
39082454
11716141
11718079
11729679
11717617
7726007
196436
24010606
11797356
30583628
1544286
50659685
2528540
49943176
23248140
25029874
11408939
2276557
27541578
45387315
5900725
2298624
1963715
19908702
29775334
52547512
43439298
1181646
32580279
42483188
42484609
42488420
42479945
28170863
28170457
28170324
28170174
5414323
28158212
42488867
58338392
42491618
24272028
22863256
27009318
42568701
56032558
56032248
54190345
55676365
57151458
57580582
46780368
22844635
22495188
22803116
23113627
45005140
22523598
487967
29892394
13968777
32223748
31199983
8562516
13649645
1979707
22064555
22105675
34369134
7794468
3936917
22058909
8707018
29987436
57394022
48618444
28244393
46923331
13757437
23503722
10746007
13950892
56574531
50634496
19589750
1718817
343806
9846388
417377
25364445
52122195
1676793
11736363
54534848
47014722
31568321
69361
39374146
4184356
23270731
18102288
45450235
15460982
23265420
12026395
25845862
4502048
29057599
11607367
1295723
20770146
10070219
32714454
3702289
12000232
694919
37870730
78172
41523148
40565294
56023027
57221478
36858883
28423980
12885466
14674509
23829531
1097460
35321416
1562416
1944391
1744011
19913198
21764229
2357314
456532
6493790
40714610
17813572
54523853
36609684
33297912
1562383
22531485
1464816
10005354
5667795
4468390
14388299
926264
15293588
17997752
7637049
298282
3845287
2481349
16355406
6383991
28601075
16594692
14654027
2227304
20775117
1927447
181592
3447769
22742864
17226693
67500
986457
1741474
37278553
21661552
3383315
26370752
55781608
58915267
11324648
41058575
46433643
26438513
5817497
2796342
17138799
24093113
49925491
1684824
15446752
46738280
3182739
53900
2121727
35085391
44785527
46352524
36986856
1755827
19626752
24228146
51987980
53229563
57043837
48033807
48084390
39891720
16967833
37812423
43914167
45705827
49383088
36359384
29767683
14432306
2538563
23477418
1581703
56134352
4441777
45409019
34613346
17310235
35259445
49846280
40453853
42812308
28971533
7617810
57905123
54162498
55009866
56030145
5416251
27506925
43843272
22317071
43785469
54883286
210677
53835888
2822004
48252149
30667497
29073809
42561665
216590
46193128
1800091
47102467
2816232
23544759
24419879
12070160
43163008
45381182
10437680
56745967
11924041
11561611
57463492
37982366
8813362
16031135
25070953
38108491
42617198
24133330
58376
4016667
26450978
46207908
17553536
31236158
58734596
48795582
33224582
753999
17144072
3864015
39395063
7427212
49083067
315269
45143383
19149503
15289163
48557579
39939685
42150477
28162112
35862163
27242826
35835612
53903095
55136242
15300893
225017
11299653
8391619
37396824
3744027
42046761
58678312
16056971
45667393
1767640
19506106
39690153
58528466
460865
56410691
3761988
27358278
42484138
42184154
44551861
48293043
19346868
43437009
24336367
24214530
42381478
44983672
30047282
8246167
42401965
44545443
2462569
1621684
9415370
1274133
44322318
35811960
754086
49134967
52701670
41482387
58873795
37846969
47766018
56808463
55932920
12615647
4213504
6068328
49227607
31776367
41365640
1780756
12051493
50923053
14607924
20831798
9924356
1027405
40820332
1012731
40959464
56414866
8588757
38073006
49017290
8409020
9569070
56071163
49216372
46290223
239213
56126886
51083141
54571797
49104071
28030373
49661976
3168128
33907537
971830
6848263
15099488
32479114
42894510
57340983
44083830
44634540
42832398
19939447
34829589
39261657
21849670
6343414
42507119
52629618
26903953
24922935
53787913
29060687
17368381
18186452
55269452
25530203
156751
23535552
14484509
20075061
32651327
51472378
24816842
20779266
36696110
30854296
430434
398472
82980
55105519
11615451
33240805
35040968
4259236
44538066
58587966
12608039
48988623
33669425
47543138
1865002
26047381
43184928
53800093
42730175
32862201
52672115
7256049
32390202
40479650
14920919
34120728
3105018
46805020
53971079
5920469
18750170
58059133
3146185
48610860
4210767
1747678
6892321
43826211
33983258
14872407
38164724
43591138
31831580
9258445
40471882
512920
39755394
24339600
14938899
238231
10653343
33227169
55909553
546270
261939
10399301
35814748
23971625
43857163
41377616
10548651
6132540
28050554
11090697
5704910
56147254
53475026
42571391
55984193
50829084
7210781
51651333
42571534
6349630
30859542
55137930
5979506
57844115
43347864
16180667
7326711
8234150
54020994
26682629
53516314
41823571
41823612
41822016
7167871
251272
5222117
29374622
574536
6982
8565698
19710
57189557
35866845
53759226
26163683
41671134
55984015
40244481
7905508
11056207
31883503
7819863
35711798
40661844
33505753
21587958
30309486
13801271
56004635
24478652
21425317
49783799
58146115
58443791
58450346
58309332
58319258
58376094
2426860
22210774
1389058
39986342
38686578
11834161
23261305
1730307
49118616
57885670
18444031
45368238
53696646
50617697
25487676
9352156
2979338
7670088
51977695
1904631
31258121
55792911
52102875
57201579
57697360
49534489
54286359
57851805
39566707
57650518
42055254
58817624
35865686
55917161
49603099
49178056
47222530
52077020
31546973
49014340
54032905
50063731
51104499
54288477
48327443
45173206
44500845
54228300
56749437
46258580
40557499
33317494
56335113
45419309
53731043
45558478
48630649
15087794
13046106
30071322
13046272
3253952
35034850
1999546
945818
2913399
251349
50108469
10691770
3094255
1234837
31326350
23666772
38596781
22615157
34188816
23667138
1465190
3960800
4321280
201912
32967184
32966347
32966487
563521
30247658
50481662
13772258
55856138
11486628
52243170
4752973
34771163
40256263
5306476
1693486
56535349
35969913
539168
37483383
43086561
44142135
7924907
19625980
39185018
2119227
3736842
2277066
7610998
5612659
3258142
29751544
15459916
54581740
519638
574247
2346678
489368
5612881
40318083
18992181
32624696
13539697
47148746
55462168
1996717
9211266
334858
37534432
37571549
37578669
47080322
49965306
1945101
15757659
50514938
52557979
52713717
56673835
56673845
459670
47068447
47086936
56594352
18180446
392000
381050
50963
728761
2381020
634021
28233633
9111764
4661611
54614952
625514
1725161
28708457
2640046
44329046
29969351
21775959
56865718
39689710
35982638
53855397
20120645
29086678
1629191
3131262
338778
17079670
29327624
34791271
12404041
43403533
20808451
30058802
19373104
16968035
17451731
5378182
665585
320072
25488304
655973
9087450
7229547
46876571
20007902
6783005
25090568
57437795
573661
3084293
574034
6675545
379923
54274232
45339088
47879005
23306138
31176602
42991263
4422445
22883460
33610160
2905696
10835813
14906049
32210456
57235191
54940399
58203383
58203361
56982157
16649921
31128452
57118360
2023
2419312
35718371
38601243
47095143
3679118
6083727
13169470
4523784
12794641
29301982
51289311
41551544
12197349
39271030
7599422
18399163
32409526
1838919
52036876
39204317
43569887
48466162
47230841
59016551
4334833
26265100
3597591
11748132
27358131
1114743
23450837
34828864
52370999
20183684
3773462
3877185
17133547
20116071
52919670
34617702
45672795
9405660
5024057
32388455
20839004
41150308
19488498
1866787
8911499
198961
26576582
26657973
20207455
41418278
9390792
56470041
56860567
27608617
1237273
9734340
9090053
9587389
17721893
11538534
10668685
26195794
202484
15310326
5462343
17891582
10091194
545438
11678249
10350473
34190383
30059430
1450731
6520313
33879727
52142266
14532437
18419909
35480258
45372392
31544663
40897924
53631227
2204758
25389632
12533789
483401
35788502
954550
46191556
19026680
16163668
1117590
892612
3726299
641156
38256723
36082813
47677251
36306767
30271284
2217772
34211972
8124695
258893
211889
238033
18498968
17507532
43854375
2270767
26961099
47283285
10725984
5938743
239217
48738384
29685320
23985187
54576033
18716626
619451
12646543
44217980
392239
3862290
58397245
1578885
3160300
491353
26193975
11005224
515534
1791642
3634070
51778319
27680557
4085573
1262823
41446180
1053949
33067333
33264696
618009
21570614
19961573
1626362
34609402
22393791
44218181
338154
18722789
49102821
15180643
54218040
39120733
28007997
33014928
50537236
54906878
4957196
51461892
499947
33156598
10734108
1898784
62079
1442700
54710076
38834392
56000283
44145687
42187421
6730986
928
21976445
5042367
6978
2381958
773298
651358
56248287
44941
46717082
12232846
928779
10438439
46716661
20981836
46717083
1466175
317501
154170
56150
19022
1809875
22649
19777249
47693490
47678053
7993337
1545961
1965727
20301192
1005874
61032
43854
113365
1052199
19039812
697733
25718122
247315
3012337
3654105
63778
46251057
213446
419093
83443
58420452
25020556
14754753
9921770
48644
11026470
3865
10612548
31688292
26700173
9996755
59707
7289088
4376955
33436795
9408243
4542635
40886000
26020739
37943414
9126169
13884944
47544635
28019100
24956100
32128415
29081733
10002240
335539
27514362
17564387
43140324
49398399
36622635
42394235
1625068
26735907
3756521
1217448
375674
4901173
10802033
2843775
14087596
56407564
57670521
25565257
9737190
68311
61536
5577983
42620418
14359934
361779
221052
3204814
239052
162044
81993
618303
15808310
213238
213233
28373738
7906328
12338595
14697914
17517120
17401547
47859353
12985986
1303215
21229547
4277208
358988
28484
81978
177543
182629
1564041
29128
396572
37776688
37775298
37775304
37778348
2668457
40449
195223
32363
194321
54012
1045608
27392179
36817121
25536085
4363383
48561241
52308117
358694
34330189
32398218
53321170
30292153
21249564
54810494
5377695
30691249
13484145
27835073
33595675
25000347
20430890
9166438
44465602
5640656
48941393
39768605
52239153
57946702
1545931
57946686
407728
4066867
2984467
2915054
50490486
53791679
53905865
44556768
53344271
1556517
907166
7426140
54678555
3285352
54392917
53852343
46816684
388088
3393967
40454564
14625786
22975687
22478130
27484483
31754043
24144051
55681691
32109385
46498354
37488777
37404310
34623522
42572295
47060368
51690871
49044568
22742786
21258065
8926016
871181
37577893
47408380
31054937
52410213
26336903
47294771
46490933
45437609
46900163
22711555
630307
899864
36917687
36729245
35991476
40144912
51179210
18402206
611795
20716086
57962192
5209059
49195361
7603809
169517
39681684
39681704
19104883
169515
36589796
7668476
1838143
6611609
5196767
40017760
40024649
46777824
169516
40025561
1838142
1168116
224637
6687842
18017138
18246769
47894039
55545589
54225447
55463819
55185370
11203313
7960202
34705734
4591548
58139051
53738087
54230394
32042864
43965682
1857628
47769620
4643078
5043637
16346266
1243011
1550334
54964174
1915235
13299430
48998216
55579888
43514929
58580238
56119804
47246246
6020082
46216
1585788
57916742
37991543
53149872
3030955
14687290
292155
35032860
11663850
42824673
44791215
8442323
26755479
4695860
54863936
44308829
8812611
9365263
55588341
21657843
9624647
33195162
46230181
9186359
57452436
3070332
21454663
32840268
41382446
32104474
30741795
35895060
44939258
44146526
55609000
27576770
42563745
12336420
13425800
50445824
39225224
46215853
45326059
32057183
57537011
292136
22253786
47021992
1903594
1657953
175317
56089507
47318952
17038145
44806545
47023322
47022618
50859283
48530303
54603325
142735
771
52266
325329
43497999
589019
233039
19038039
45420
224589
11512204
19039354
33604
4764461
32927
65307
11303646
22677569
50712156
2805439
266137
28727337
2568388
23412316
19388452
2022955
1177210
45708311
48297750
20216813
4192369
10281921
27111773
29625592
2467827
203241
7395201
4418793
11792977
39353050
202304
8443717
2326687
16010791
23397939
23821
18090857
27003755
40949254
30568323
32005212
146704
30456461
15484577
7693616
274394
2100473
15750793
37391581
21267040
45374721
34296866
1854610
56685090
25964
30629972
3661620
1147337
22788341
6129946
6608990
485037
37942
48626
25595604
5697310
25008
1373705
52760151
42275041
32346037
40441749
3429607
38853953
5391974
34972112
15183062
5916520
9344525
28198559
4803223
13691300
14341246
3119092
28706974
12624485
40117298
1943059
6189923
1701366
38596837
8761864
37180436
39114474
30426533
3265703
4813292
6022515
5414019
6809866
22144448
4706593
3265708
49257739
13441569
46674521
38708748
31702072
3683286
2818119
4174982
41201825
46730008
38798162
27976738
42742521
38616114
17864961
39053487
29806615
47031525
37161161
22057493
51006290
41449943
38452561
49370202
13435772
2833772
38274014
6799237
4541932
4142969
11193134
54713892
31520274
44067812
8780694
1702782
21517437
6279141
29587547
22451554
42966552
10000484
18390729
1062951
37580026
9165694
39758693
5252325
19650507
11061850
27170028
49330565
13433624
5185017
9919832
4536219
19930324
1962480
29696602
19821490
43309314
24614740
35219190
3050478
26595811
46297004
33687291
23122940
36357056
8044239
24052103
3183755
8144880
3212742
11542622
10624429
28234634
19695260
11204849
2751648
2665811
43596327
57957969
17989488
55071810
57860657
58889539
18701991
41789047
40631543
51467754
2619
13711238
2810850
75839
15945066
3493661
58870808
32315386
188082
34456150
9156551
17931139
47263083
13846929
2248292
937316
4343690
21510862
9416020
58870833
45360444
21390031
21390149
967482
44780
200437
21476679
8343572
57769814
891406
1210116
2429033
347043
22807112
18006633
4783247
13316217
58578232
1510409
3493384
47265817
461456
293739
4664809
1239169
21476654
3481494
4796664
58577910
358810
58593677
376904
23737683
21476593
217538
1618546
1087034
8893535
22264914
6448980
7040742
2172482
20114762
987972
34567145
14518651
19629511
15793180
21476661
21390597
33445368
40204826
41554494
29988
434812
6225198
2059253
30059
3088955
4168768
29662679
478354
3349164
1042414
1670830
1730808
1966908
57504490
2489971
21427346
52966258
21422837
29032191
13681
3438176
596473
21475328
49958243
36813785
22223876
2610779
34404
253774
342691
31960672
253769
1613355
30139254
253767
1147034
18151157
47821293
49320377
46329028
26471583
38653582
1061449
30777946
7624539
34286886
4288088
5250543
31314830
3229312
29600484
2070801
15775656
16718106
2772701
36156334
1710289
8884064
2956898
9587497
1558271
10551602
46526652
633920
1861658
758919
36156346
17566054
15406461
30873620
20962627
38675838
242424
35374156
3695117
10042834
9440651
443516
2359611
216361
54601887
23961083
51974186
28676371
2040311
44358671
215891
11593184
29182754
95812
2878273
941884
3248798
5140217
3993898
5154519
37740148
42761807
352479
42898
23640750
1914
55868631
40364158
3085232
19344418
57524681
531611
32890301
5069516
34172858
21416273
1516915
51078
315212
716048
1659790
51686838
2187296
27711972
3961824
57415080
41108484
44073911
37004830
37642910
50913662
55601685
4064203
55311419
39204539
38390090
16088201
1340864
22102295
14748589
46335828
39117793
50602131
58571360
50453873
19374296
27257356
26120670
14124925
20092803
19405646
48842917
29919126
25822857
30857696
35570327
4452001
10204330
11942977
40627770
31171181
54044246
10443635
49195342
14329965
2156067
20193195
4686889
19405964
1193091
35294687
32744213
28140022
55936925
58921
42661330
529093
55387617
11753924
6221709
25862206
12163566
147685
293270
7949372
56683615
37505537
31741791
673711
56801839
31167895
21312676
2615904
208825
44083533
47720874
13444832
51505937
16103743
45438729
37642164
33493008
22034782
4692748
51224850
6778684
23013521
47505569
20623721
32759473
32721202
48760683
21022884
33657111
21056341
20939477
29375658
20853041
6194739
3700841
42687612
8039932
13025464
24387378
13500955
33896602
38028536
37589287
36096878
37074575
38970452
40784946
40496544
44061842
41893486
44889579
42732372
45513591
46547685
46213463
47208747
47693720
46213518
45020637
46548043
46213506
49475790
46232570
51709904
49475437
50604925
49720646
51219157
52552704
51557290
50035182
52430801
49718774
53537653
55196155
56158906
52905055
57789272
56274896
58085715
55752138
17779864
17792923
17793105
40702
54501328
54858363
57087516
42331943
31180547
22179918
8458122
55488576
56349287
10012677
27364012
12067502
36944263
42770718
21233004
51478230
57839006
57753419
19388445
31742361
38373797
10194232
52312892
51368323
20880399
2751892
52346003
11845078
51334525
23039340
36699172
36697255
32627621
10862721
21437625
51240997
37141180
11822477
47681663
32673788
4832436
10385565
28625630
57882268
51011755
51305556
30007282
23826387
31922162
50980093
40286039
43636676
32072770
6114433
47677017
58159032
53157289
30845063
9927617
28675234
55144298
49881152
36385135
21912100
31382962
28019871
37661639
14816302
47675202
51466486
54136927
323608
48451003
51232272
2195389
57757701
53676634
44081052
26467522
30228680
24271444
48255175
34752318
54417227
4110443
57882571
31858780
30578823
15552743
57751611
30673540
31691400
27909252
46213712
28091097
23887705
38654674
47588485
3641256
57835538
47074747
29641325
57753209
30373003
36636042
19531674
37939656
58006088
43830987
43290564
36697260
36445019
17033714
43831162
20988707
23021830
11984391
952542
51958491
50696087
41188054
12975028
41888952
28153333
51303220
35533716
42180993
56820196
21346762
38346491
21159044
5196162
55143868
29657398
4833482
22817431
51244736
43588974
3647489
34195652
28064303
52194084
7275044
55555345
47076349
10070171
24802274
29900164
51958348
55152598
19313093
55143784
49349338
57111929
25051418
58030497
51277467
50979930
56401579
58510105
47677060
50930291
4702400
46548217
56172295
55152411
13865385
18910928
47795846
51050315
54389420
25524136
2583802
39962134
8456618
37109711
51958390
54441975
4751003
18792144
6242575
24650064
26338652
44596005
19285660
57751435
38728794
49033531
3540576
58362403
57789365
27856406
57789419
51522621
22669669
1899294
47886650
6937312
21183852
440327
2455369
56046266
2801355
50067304
57778612
50962765
56075527
1367318
8117749
1607007
57760099
48868766
57810326
57888654
51590414
54492915
42596301
55143361
8221
38481828
9820592
42860045
2196795
15602282
23712707
36488854
1681293
541223
1297855
42486408
31537853
16784894
3157035
2197297
51022863
24865137
1918452
44452821
56925556
36152709
27983244
41185116
6121900
9538987
46558433
177052
1688154
659414
15656504
378986
144147
14019169
29107838
57969764
19008500
51427743
44857677
47959728
3660217
56761839
3064846
335223
55251911
43068377
30970833
54162446
8236080
2289941
32845879
52069950
18560708
43382004
8566976
9760
33795885
840055
185843
18117167
47604834
575603
185081
1463837
2511417
57423907
3332274
217422
1858468
41859481
8163829
49417
420513
7217596
11724548
11217534
52968860
367158
982004
43661751
39379960
30389209
4139830
11409359
827027
14416663
8215394
13641453
8460632
9068275
14208
49960377
1528711
11408570
35624988
1299406
53605001
344195
1231673
162780
54363640
1830477
5142936
53955382
4373065
41938747
34880353
11384933
3953335
11554654
18468924
52943093
30513111
4786499
698708
1291578
16737643
11937829
10977990
1559837
21954132
52457364
36688124
54398266
40594156
8469887
47713724
29960835
56397920
9357699
32320507
33527687
13406891
31919634
57352957
6220132
51426132
41823107
58531218
37937913
47124138
56757856
28779047
22501833
31341160
43189000
48601698
3217
1574472
67371
54178751
46304575
51848676
4900090
129295
8886560
8770363
46712595
6641931
40255049
1473679
1473761
1130770
3447166
13377915
10748625
13983554
31775043
33064257
7454353
77744
149113
52070652
1971
22860555
161978
56502396
2657525
478003
293436
47412303
1040512
3469088
53643286
365511
497852
600368
1762557
9271587
3031996
56275153
1511828
24097540
57949829
41271237
29515652
1244926
1266287
33997230
29838000
15648559
44265248
30857361
8375856
9198875
12169608
33019147
10135257
3800748
20149604
2217742
21549539
4465983
8803669
40142045
8658579
33262307
19502541
6080201
9295668
28659519
12227357
33508068
900068
7211489
11125478
26542170
11055980
46344668
2566321
22203372
16153364
12542977
31062192
17226
4261510
58433773
40521696
53684257
2155117
2109978
12084419
16730956
43413245
580959
35766612
23449202
24646741
126392
25150808
463620
25116622
29089
3486133
1664641
19360092
1397311
11840866
953810
37976626
4488176
150257
1054273
738440
33316968
13091685
54426
12687832
28012617
884439
1634961
87663
2697225
189692
46903563
313469
50814226
24277
888692
39909481
22737375
2218111
7181463
42276835
2924529
22655
101149
43362371
58015117
5079762
4109723
11102452
5339355
172278
4164156
810092
41515020
3980891
10370634
54973160
29769807
6829851
267597
19596597
25401485
11381533
4927911
8310976
649413
461203
24920426
8104695
43498
19590990
28867506
573139
31042008
4200343
535623
6427209
62312
1842460
738658
55276720
40468700
40617088
205662
26955958
12866103
3544991
32419826
32976741
33237252
33013723
25009346
33018643
32970823
32967895
37785755
33043071
36130494
39247945
49444980
36762216
18935713
650909
31565884
54828681
1135168
31893652
47432924
40613228
229071
169502
225255
57341190
756038
17774440
13191781
26361391
25558823
17469330
1829223
4240474
1310457
35331974
3101120
6982354
26032914
4080595
18700991
27994555
6684473
16562758
262879
9093420
1347284
351741
5530973
381485
3563273
10453757
44630216
26090127
3246355
399672
13249479
169503
47761928
1151369
46961876
21412899
18891693
277269
28952456
52472924
10401983
1141232
32762782
6729734
26188191
3011879
235700
4827190
50127704
1682548
18733960
44417623
18985419
277267
274364
54428713
16726752
34606959
30035227
175313
875030
172472
13465626
36150725
2142422
436653
1347262
25938428
558923
49383809
376934
294385
8871595
43136245
28597333
50172733
18603629
274160
31565304
36945924
52919691
15160598
450918
5261739
703940
1885367
50987177
14025350
4106266
44368785
37972104
351743
13603287
15621486
21697763
24412956
31689932
34041074
2596693
5823496
1262158
45689618
981719
3607940
7507170
2320755
10743601
217515
714256
436589
231939
550687
10887305
277271
3100851
24929275
41858548
57201866
52755091
23376531
20952409
21409873
21624861
12729762
981767
3875367
8667846
5443665
4329984
42868046
2142615
3101131
262875
24608811
3101091
1051958
225254
27976960
44112700
1430865
3169985
964042
262880
9647118
1751556
2142591
1622593
26874135
1118654
47959870
47160431
4011179
24559190
52447576
1199124
972534
21119298
37689166
4872113
58018766
8015268
28336009
23566964
2200458
12549358
623166
6866717
1394173
48794806
52881503
52288758
52548243
7400615
32013178
41965872
1086391
1680819
25978724
19950409
10630160
8325646
1370859
14462000
44190947
23658283
42471120
4999851
32816506
482331
46447066
32089550
3775720
6514702
1683211
2912381
6139599
18261355
29397588
48998766
28067283
40726928
2333491
1335088
2606878
10422721
18540033
58166334
482324
17519939
32130033
37716983
52456415
11124030
562077
1173854
398437
16706051
8080436
26579043
13806876
1554521
43918389
5209574
26747363
38049662
188686
37644435
30755
21612062
494965
12461810
6312570
236708
12331422
243933
17870288
766123
22301820
1869339
31979820
46303987
20188232
27673119
24841829
869742
8452915
10436204
264934
42375750
842990
1768422
1138148
8102552
91171
330518
2007841
16614758
636760
2547347
8129452
36620884
22817016
49473856
973756
41703203
2425766
15857442
22235867
385260
737712
29773777
55994568
3387533
587895
25449469
1771395
8817302
217514
31712780
38847082
14740117
2601906
5846489
8084988
50150658
3566319
5830145
49860487
4093737
9618668
9754554
12051022
637882
324889
50082413
13647435
45617099
12610828
40512633
4173231
7310577
7384031
312443
846458
6058257
8318686
169549
627360
41899251
5750907
692709
5619922
6606611
6487051
40512426
59039099
6574971
8075507
2868793
7217973
623083
49268141
33907
4541530
15237373
55561550
26168065
32196093
1829185
9834258
2614980
757626
9614249
4220668
2651808
847283
19001380
3390205
336211
11861589
1829226
305938
11101081
350727
3087308
6617680
31745
26307957
12515802
1829340
6242869
674229
4208265
2200745
20553615
26195885
5628709
18841979
623031
21866262
1739914
6751
3089635
56206
354009
177452
716183
7193551
1470208
46949648
47290014
13361622
5103965
41060001
250771
47272172
622041
626729
13360738
7678822
17263044
999809
382993
156300
3358218
13366777
3947083
7209325
2604679
22355868
4175086
54142753
2233267
2964268
1199099
1171651
11486308
29591025
2247677
8471257
29311617
3174828
28855738
5750730
753844
5064922
58492956
1578040
19924634
37026830
616534
53890106
41091224
4380836
1423807
2941757
15260942
303799
1061521
19349705
57645278
359811
2048173
40454263
44640483
24842130
84462
504049
652248
56032793
2727243
24773890
284880
634463
34349914
4269684
306746
6768286
8712474
491481
29479362
1554948
1962277
14941975
416787
1588511
1654080
3255170
41787575
3174993
1765791
56223
34185241
550203
934150
21922259
275597
1741558
275209
28547
3088217
41787889
4039179
30367887
17378587
418820
19168375
46759922
40845893
19573659
20146097
402153
29971201
4868183
50608047
4851342
27594102
1816101
41686956
31771
41923118
1077137
21538638
51506404
1659660
11468637
44589983
49668
42015223
8348273
40066239
12399910
4807288
36856032
2476993
18158885
2611775
2100829
449424
4854
25814031
12656870
43033258
18619209
668322
11554561
395046
28221557
1515708
699064
1166477
3563149
53231379
24650955
46826545
2960562
6891837
2267667
6822837
766574
12922561
6520
5760218
7630449
32122694
1214585
19582895
2956755
214167
535759
3014156
52175897
40065412
18570939
20833077
254922
27405268
9231892
643887
19736057
1022092
53082030
18269019
2807803
926879
2200915
21330391
11709
9245257
588308
30386772
50123844
439227
26629519
186474
6478912
38841400
990380
11888
4770723
51032941
31000962
45521730
23720911
19523590
6516800
3115496
3049241
35267901
5809131
917891
35867185
597727
3094956
363264
2636426
9658845
801890
6795387
46441942
18575544
52579959
441464
32967282
2485662
2171217
19666626
49810309
33111732
14735798
38841520
3305865
38841433
21821378
27319586
38841470
3449528
467423
411409
6151044
19581
8762207
52952284
1060280
877615
3272436
16053771
47664408
4894070
38841497
53295768
252958
14921166
27944246
1581175
2640053
31262291
8111715
9423337
62204
367461
23868651
20282483
1543002
1670440
38413580
47735118
51089933
8248184
914005
3024146
14152641
13730259
254054
42500254
48624025
53358373
608564
24102186
2997965
2614507
20758004
2652899
385820
8651870
520635
8374781
31326511
520421
12980766
2204292
19572995
17005017
1341066
9771958
20211596
54595126
481188
2975768
48645883
38841458
8499294
57067696
38919030
3757709
4471096
5838565
23568219
47126195
20542051
6039566
440438
10313028
16305035
16549073
22696794
43305397
43306471
12333207
49608291
2621810
7345214
9111824
33687584
41068094
44403728
46644621
53463208
55764129
57237390
706371
22826909
5311270
52636270
49236523
48603826
54415047
2446229
10090379
7634432
19761384
25126743
29147376
58003397
53825797
193612
2056688
704408
1364522
18671103
1941706
30704278
53282709
49757881
17796342
19643084
7142689
33036769
54632982
239985
34800163
40613854
283542
525087
42688887
47413916
39361353
2243939
32285137
45623643
2197367
16130431
33378164
243433
20072274
424150
10459024
10217715
12422601
41520493
2117647
32785439
57294790
58827574
41401374
30996261
48066318
17508221
44249698
38554050
52883
6592894
33654283
25389684
34578040
18299148
28493627
47423296
54321769
33934756
1082003
15863821
2480877
2561893
5409919
2294264
29393874
340381
14252394
28257480
49356993
36601293
48638932
36157868
21528314
1599683
9383642
17041618
50339967
26901037
56823699
45486102
47840364
30138574
22790587
7771252
24480417
8869294
8500309
26874037
29787741
42693550
698027
757543
15093087
32252365
345845
228275
43760161
2164459
43756828
49163733
46741410
875158
9270275
23947896
6226527
2978188
3336483
17012805
34148711
945731
185365
31478152
25737959
25725378
29481675
31967734
26984985
233493
1219284
9647330
977160
10079480
38983523
24988652
24966901
42128605
27550585
51248005
51248006
27557065
27626382
198833
1919517
40658172
1796176
49346920
19147607
26766618
36210617
48870439
953264
39459034
26985070
21145982
25235806
2463665
25738503
1526726
27601146
40147264
21149621
527703
46574254
189610
16349640
40788316
5988291
1121705
1841924
957877
2991837
4261414
2371873
15076974
472399
2930200
6193022
1361017
22551858
1104220
35695594
10185776
18962901
57716288
29700127
6407965
703896
34486672
13081070
23963447
39504760
62146
19822
643520
958661
19454238
427977
1371397
151453
15177482
50022817
13648120
6550392
19245719
20387229
38967830
13216186
42897040
50530102
47823413
27424808
30519954
16161419
38429910
34136940
46836010
24164828
53686478
40229913
33064188
23774453
45687836
33463461
38819470
45564056
32293165
43058641
43068530
6942235
40015934
47316729
17829761
28539287
40158662
3811973
48576879
39154711
3605214
23039062
48928811
9793809
56717058
58873448
21196814
212195
21228845
3775954
3778733
50960967
44508345
36079996
21942149
38635230
51756553
50096977
35359699
17244223
11972619
33925979
22523101
45687815
2618194
47343704
41346747
39565159
31335539
38968129
53504696
32314862
46674996
48908598
11157362
10918950
31889576
25321584
57230521
2043422
1049165
7821600
26824767
2340306
41910808
8679070
12774174
21447629
19413735
51875534
1490395
33487489
40233012
3466337
40019242
58110599
32381852
7493998
24698928
35890391
46251952
1074163
6104770
304113
473279
599325
31191412
1374670
28481328
53069992
47147045
20803507
6589194
38784809
167326
36053943
16349789
12004160
3694874
72501
12764920
862618
41403676
19696772
34599792
10438631
1087181
13900653
2983497
617383
5951960
54507158
12422165
10576536
187092
4171369
32512016
39750
452955
50148458
2688279
49107089
8202148
16925245
1739642
9767
2360151
11182
57043156
52555357
11874765
167316
3253893
31340997
686029
8198900
226188
54443966
1416762
21740823
9853683
1159411
44753119
1607439
3983198
84089
41961190
2545895
2583038
39043083
4217776
2169963
4179836
4586848
15552580
1686010
379963
9556177
297699
242617
40711075
4966094
13164379
14614041
13044685
43721418
36825885
28075835
40877690
54366819
2626534
2321349
2198235
1385467
56707909
52243927
52268540
52967007
53985129
42475299
57265659
22036904
2281354
2283302
14508651
56095381
10878216
31211920
32335285
18248814
4535769
366059
3771816
47490473
39134308
12535474
45335222
12423328
1175637
43040647
12151389
228005
5593083
17711909
1438620
21796451
528785
1171503
291486
13580252
16694849
50733033
10957051
24403529
620147
21139803
43254626
5621259
158196
10233761
36546
165760
531744
6480530
2438794
50486678
44418
31348578
2598942
20553843
12368470
1085743
5770504
228009
5770634
9808403
37628258
3121892
10698035
44014691
52987528
1802789
6785569
52296295
1856423
48542992
10237733
169564
5945938
43235104
901046
23930655
244074
14372472
2988373
33215847
2614013
2272961
4218585
5098423
2689988
44419
7892468
848420
11714752
28345171
30268865
1204550
31438343
9418031
22828874
1356949
1225116
366312
43166745
54527639
3191302
24775353
23995
56863580
711663
696343
1433512
13810041
624436
7373920
1092543
2906200
18174073
2221083
33508629
5946693
1348524
3887226
1119672
31036944
14024523
7300106
2110723
7948832
1140897
16885014
2397984
4152136
6638260
13214874
29829216
42766276
718449
2884862
1187635
41011706
51283734
22392020
6918101
3837439
5974854
878968
15762142
1053933
934773
38942
47010708
26857302
2000393
24763362
11691043
20390869
25015249
371827
24766330
9595964
1382905
26592953
3345699
570124
1494004
2338645
21825840
23773039
3210182
36184705
3043048
57586077
11586936
4688575
3254174
665503
17050563
7664184
42294507
170334
56689420
18927825
980824
32642995
26879773
27974483
4854766
8207719
434783
43639934
6833805
1970515
927062
4857289
1775918
11647625
31513248
55512564
599955
1067380
479464
1070179
31013139
41383321
12405149
31023193
32387406
34302246
13853212
45513551
31148452
7907901
40199782
47726718
52185184
47954796
32315379
199956
12707
3099008
269055
2063573
738739
1452052
70598
55718577
12848808
738695
52197538
24021266
637309
8804423
25240110
730538
55468040
9196675
52268575
670072
4182918
52258020
28280089
1565940
187017
27754304
28518640
28186671
28365196
195173
52727265
811536
25458851
52259206
28353999
34020715
730515
728656
27822571
27860785
11524756
25963445
34092731
23283869
320445
3348816
3214426
11759466
14105833
2879763
27015290
187990
2391828
708987
4061738
4394952
2346523
3131367
14443948
587693
1791662
39487677
503394
57480338
3099857
1074789
839581
24971293
199511
661811
41816371
46384699
24603608
1969514
1664549
5792266
1687134
7227816
2063834
9096901
2297986
44759370
716546
32437239
4158890
1716277
8663148
767635
1666780
7211021
236473
33965178
19389185
7513006
1476542
5289499
11731991
19538916
2401264
32197449
400058
302125
40905997
54533
790675
5119376
9181194
950234
10082515
8246398
1676364
29086985
4852797
2902423
2650128
8095297
7491390
43051012
4432060
33977337
17652
12157865
872103
27273625
3757588
3645265
809560
3516104
21005428
9427617
35800317
773794
16277
33897250
2171520
411255
15586280
12289263
276812
186352
35916731
374231
507460
2198261
41116757
23683353
1869660
32333327
1940400
12596950
1301454
2553755
8115881
35671959
2749963
4692
19776025
40748019
15448982
31455922
5116929
9282045
25452380
4490257
27302226
171498
1934713
25348098
443525
54061836
18525783
1412477
1872258
224424
1624
645220
3515255
740710
20342972
524271
5291381
307
345728
337019
13713166
28812
3412875
30449563
20122457
57646099
3561945
11629184
1503529
6876324
81455
2871320
375066
2153886
24704582
13792967
20362201
20839450
20125380
1362431
44086
3200603
7227691
20525422
21575571
11596922
20514592
724130
20459650
20542946
20426267
20419098
20532294
20447561
57861841
47246700
27922893
50966529
7407293
53205382
52271261
57844965
52960605
51707606
44952723
51705902
46986744
55600597
36235113
1586899
6339494
570345
988448
32991955
22468
3414021
52174338
4416340
21524306
984806
1493436
1080268
25825758
11804099
25938
2366108
13910159
682513
2106613
6445305
290835
35622545
758337
8703629
190884
5043597
1416318
42705754
15429265
39951353
32020835
852078
1921458
11811268
176943
1214073
4461203
1802413
34430923
85201
4938994
57782045
6472673
31122417
5218488
2368180
774136
42645292
19292260
569218
52108919
51893424
52128004
2354070
40961932
3057402
194163
657413
963972
5329355
885915
37514283
37006189
51618083
36981216
991705
15672818
17998769
18737569
56276938
51106042
20080355
51795177
11795298
35077758
191233
16181336
22740507
19999504
14744426
36744148
46571178
19134078
19800325
25126475
52013333
36668245
18654544
41451399
19990825
20068276
39107829
15692755
36889815
35938782
52001800
38808637
51251893
48112958
52240674
52678195
51306394
56679575
12740179
26033941
41234808
52250468
299522
50119738
54250485
51989431
54054313
2156690
5512849
51607519
49000468
52460290
52599329
56650876
54522632
46502068
50736386
54589728
51220571
47321438
52897141
52150827
693474
18306417
51120869
51260917
40698959
56884158
56759867
55832489
51724152
54909238
48970797
355604
16935327
58597409
53110610
52638407
9482610
1723963
49141205
53625000
51553422
53058388
49376919
21179761
43824333
49633641
33924
4807001
19851185
284752
19046394
8406481
18765170
2900018
19343738
7369741
6152456
30322336
12848824
9302816
54961849
2643013
24330952
50403696
26248844
2453986
28699508
1072231
27894969
10068900
11750288
861809
18068294
425930
4225757
1722447
5224663
22460825
10690651
1594892
3769379
15198225
5853945
2921047
2652378
31487646
1046906
40892078
348978
2054181
1726063
25078889
4492948
15390553
7720574
8300140
1210094
143536
34164584
11142074
9652081
379529
43425845
2478343
18764351
20841547
1287143
19187994
1264426
42046203
2512918
38282942
13298228
9734867
399433
4345625
10737899
30373856
3456080
8354341
35697983
982226
6547798
11648538
42876265
46492872
10177090
31542986
33339970
3893827
11865766
8356178
14515699
1296905
6673398
6881545
5648156
5309759
6649969
2475974
36479762
2795218
31068635
21143524
42662590
12142646
2422489
53662200
32871777
925007
23225385
2425811
10196530
18489571
10385433
24725574
20018206
838451
47626747
18648253
17136823
29390332
10385587
35592345
9538091
44072855
20140879
8139830
44907163
44118564
14601935
1837843
42183735
38133235
51635456
1363640
7363564
25485087
2272360
9831540
24596105
47012246
35930379
28816474
2856934
15841462
2375697
21860613
52883744
7631695
6828878
36415883
8643130
52949834
28302980
56817245
637634
45061
42301383
3767792
15864111
9865448
30203691
15839601
14996856
1390885
1655799
25434644
40889343
3767849
46904142
22859350
10895972
4025428
53212411
21312107
35273346
25650182
14201057
637605
4694346
28140196
47889084
36782857
40302096
13450006
18734014
10115059
12821250
526886
4148834
1498886
6637575
345792
48323730
315871
26947234
3178719
18412877
242821
31933476
36466312
13084787
31784084
7900445
48485501
2198135
35610105
42570633
923265
3644661
77609
12746610
7867425
213741
29069214
36582089
56586865
23049004
42372102
20157657
54247649
1638112
28048830
2208485
27616079
200626
42853308
42378645
16900774
15114980
40964201
29639304
19102074
1609735
48419887
18756704
39348413
47230418
1190681
24526226
35961080
12161086
41881
54304547
47875767
62687
55337587
38786936
1683515
8775743
50076147
56458415
39679251
6389690
601923
26898678
15752401
24077046
5787216
39337723
13594438
34878688
6326152
473253
20681361
28467641
36684365
898561
24426458
45526982
52307265
15926836
8970607
48823761
42144561
34385635
12218502
12594210
2211274
42569611
476853
1769134
50016443
27750227
37086936
36287718
3118146
33192390
35809039
7882413
2798426
38554113
129602
46762046
1238065
32127870
47327116
52695441
23775497
49514164
5579832
39345367
68130
9634199
30528819
33851874
19192121
3815505
29044685
14522720
904450
41868658
9478308
26861455
48390790
28754844
14149884
34501652
52073185
20833107
35131540
3785094
15868479
36298431
5878886
43184905
4532406
28194808
19316811
24704005
36615151
36456121
31322370
24351447
3096383
54978069
31416813
2258469
8894300
551581
56150473
22325279
8351476
5496661
29558161
31905337
12481451
9096145
7595441
29502323
6341430
1031292
2739891
16771910
9500996
2187671
133480
48548831
25648285
31743501
606614
36825527
55084099
10101998
326982
37034892
25533870
39990959
58117115
42606627
527414
25096327
9751346
56264186
42346840
48730144
12582043
14356448
43313920
20479983
30603152
48206157
909947
1954484
4095104
3947300
11000268
37378301
29178795
26851203
29503322
29783704
28925569
13450240
3615041
31292386
8275921
36221093
25724666
8682800
2507217
28145330
34999632
22492538
45546025
50404348
32373933
51192140
36277646
29108355
29213611
1133937
42710107
8699491
47168809
29801922
24709671
21978354
18608517
47833646
13737949
22417540
3206129
56525299
22077582
22494035
24041290
22053066
43141330
26695566
20765579
10705802
18765649
7765621
29101425
12717781
39922921
2337217
1845248
32837210
3725044
1494750
6526603
42552619
3139727
32972083
38114966
25602422
15982651
23146878
47955512
26140414
41854446
24658286
35150726
45266920
5746114
39462087
56746483
43403960
44082688
47870400
10364521
24053482
8282525
1442628
28792297
34905932
26412743
51356225
36229742
41940958
42875244
53918890
31217265
33343765
15815398
2563340
50598210
33810529
28297477
15432504
21552138
51122624
23721976
42732976
48528672
53682183
20922800
45087917
29034986
36732145
36019067
27065133
44615794
1331025
35750940
29042317
15380706
7721980
47959867
17957118
11435243
31423895
28945420
1194710
20677657
26656448
21650397
3465770
12030606
10150450
49748112
4799510
993791
44075597
3901356
2976028
55200097
35603412
41748086
24083094
49659395
106344
3995273
3539355
28226296
4470029
46658393
375183
43364533
1959464
690918
5819281
42315512
1707516
12770679
3315602
7848565
55976527
20486222
3619129
6549044
595909
2313322
38045730
12607320
2571604
725459
43578670
42826500
18641571
48311774
3357705
1388850
49248982
5700286
50718107
21242801
9148545
6557406
779536
5653946
5842075
7723663
34337048
38306368
9943176
47455691
1617266
1045457
19646172
722551
3676065
23777979
43634382
50821527
18890732
16125220
66841
11158178
5403512
46643541
22267013
23811860
4734333
6640126
4892253
27884720
7198674
53909979
15366131
39542196
25746157
2332290
41289669
7764212
3603335
55450677
1271237
55364668
14988233
30639230
43152334
33010115
31700529
24434151
9855233
50092817
7483495
3511167
9174964
1367574
32115539
37939352
41433535
49131220
57533425
14746483
13820019
56017447
1015585
38146398
25112888
50623320
8920038
39288020
11543613
41974868
11567328
2663129
4848522
51858326
7575175
46748393
13065718
3947481
3851528
73930
8608738
34382130
6025604
23718554
3742598
24716095
31061078
28694087
11691063
18854703
9588998
12184810
18571859
16683731
40189771
39454301
48135717
31039968
41690802
4864423
20882036
24864646
5234314
55148546
48876469
23123864
11446199
26297740
37858250
2052231
28694150
47569843
2750980
15107077
32722271
58484566
28622097
3361542
57767570
18997171
462749
4303080
11111612
42854686
37074336
33551961
47280089
54462970
3644789
33472190
5471137
31981616
38781061
37377382
8121583
5455247
3267547
61171
47736341
3541686
23923986
12926217
39677847
36569509
6698816
3467506
10014541
28342228
29685718
56295197
55750028
45570689
508458
56747504
58616010
3654133
58864844
52541539
57826769
57219123
56145055
33513288
54203500
53492375
57178287
54656476
53791565
26373339
54562421
49030761
36840228
55966798
42369656
56538232
58269651
53041497
53144051
42142
44819517
23903477
20031830
45245821
55675611
51190725
51131942
29332330
26269752
26695820
50730325
993037
55920019
57401831
8170064
16568905
13108953
43166469
46530688
42735017
43984423
917616
57445761
253655
7340714
53584058
55316254
50650262
31522330
4860405
2595344
39407825
26888829
2463611
30668015
51050770
36240573
25593867
31088988
8318529
26354637
4065930
2632881
38772748
180483
48612877
54745813
31076137
43445808
33892048
1347463
39593198
54352061
27119035
2022603
31218723
44031740
13819872
26463618
49036309
11236587
21158101
5426308
8287326
27670737
13045704
2015634
7833944
38501600
33884971
50374907
33355687
1250775
37767107
30772401
9017645
37702275
3204444
15517561
1882091
7445253
54138575
49187422
29449565
52417358
15145368
38889807
8917993
29647708
4874760
10751097
25499406
2633298
37728676
33257460
38039560
55685310
2633327
10316200
27118886
12247430
3240941
38580385
20386709
37697380
52430653
54608176
31453723
26745726
24924301
5235103
24610054
32273530
45205117
2016145
19373892
48967990
22862853
49188798
177891
23499848
1219981
316723
2179
37312676
7507
25498357
2189256
9253
18190064
33487458
43399901
17878314
167389
33447383
14051
20959122
46186879
30752254
77697
4136283
21478972
5133396
4694623
31596866
3283709
1967286
6114509
22610871
10411857
8596209
1690380
623593
2328062
583187
47440817
17553375
7668495
20586295
50393405
25708830
51251074
2501928
14267788
2147097
237137
34373921
1442853
27166461
49243260
32547463
738198
161607
36490730
24747148
58689511
36875996
44016741
286348
46442
44556476
935493
1267094
42510443
1367429
2589953
14139934
23133893
20115862
961978
13094841
13217997
57158660
8011088
49768656
9779009
622940
1637452
3093200
47303626
53829969
199629
3245600
24284452
2664908
8438202
1643524
9646112
40831146
99020
8216739
53258898
935889
5071161
263187
45433681
16085499
18949997
54162987
25855707
19596156
5950809
35254468
8280673
21548734
48919893
7432071
2864185
59554
10390271
36844313
60862
37228561
914456
57986996
1166071
32700983
10938434
917613
40412131
177860
8213640
39683253
13079972
8554071
6739552
17716611
57156616
4602640
49061540
25842307
47199756
2145417
51807900
10871929
2032896
44744604
3348936
2864297
14711721
33631950
8680220
13692552
263493
916792
610537
13248902
2649323
9859586
26196551
4299907
58982366
30019
8936130
39804910
1919388
56397839
43175296
41960768
57743193
7454986
764885
24356521
22665741
2753576
12825817
22919834
725692
3297174
24253813
6423638
6137040
39187252
8382839
42735394
2554293
17229679
33526040
7729746
55553190
43059346
16774259
51101525
2260971
6976754
36777924
35981812
31461988
22781124
21018633
29610788
55661301
5861017
30886859
2223450
8646572
42716856
42681482
43193546
24143842
21988689
52644421
57588155
943672
13539370
32744081
5791294
9160172
57723924
50364216
39716688
41334669
43480302
53868217
1531275
1652750
2149724
37698110
17877251
10862070
341005
47765536
17739455
1135808
1583447
16932717
10429277
26815201
20009627
21173133
18315064
659895
56333986
23997268
21986358
57423937
18843975
13734862
10754352
45430645
24176502
22057104
2016442
262613
30318966
51467619
5506840
3050706
57941124
39560782
2418830
1137035
19078732
40931400
20528160
22518396
25494359
34523143
36728787
55982681
8736457
42135413
10962721
47266880
45495400
1420543
24893033
17056414
25680895
84104
8689902
15718481
27939015
24632037
16896651
24648244
21593281
16144844
23142136
7608953
14989302
23946767
5311818
27046151
35752743
4923477
36265259
24518799
32224706
26022846
1388411
19053221
199491
1632458
565476
25820801
13292403
24759917
47309914
2313391
16622316
133590
33427269
11340134
16732545
7124962
12441594
13636860
161916
8872600
2833742
2253253
27721173
49044776
12783059
28090929
6496834
26366360
2411502
22653185
24747383
22352779
10984546
23538240
2559545
8730478
37158093
57328
50567344
24738599
9116699
34316082
27108260
549311
13065341
8555754
11519965
40248760
206731
8771110
1789125
9698064
10321713
84515
3223450
21902213
2818278
9791427
9110185
22381892
21789987
9338414
25527226
21994540
25753403
39664300
42569493
12265461
3066943
41339201
6904541
73653
9079569
23775776
32586311
38332675
57004831
2996789
24287760
11540749
24198464
57552904
23802613
23229679
743526
58506851
22628797
21114685
9298750
11270807
24647008
53642997
631437
6954299
20259395
46342887
4427264
11926683
46385894
21995189
1476342
1755232
51707566
41525
32253215
65169
39530248
53629608
53830530
9859652
42206807
19338530
8180836
7313322
9866048
17224339
19497277
34047110
10037717
33551201
6981777
45324682
38745827
42145727
2415011
14963606
2898723
4275661
7638632
41026892
35080956
7004293
7370112
22533621
14098941
11442226
16946708
6802428
53578633
26422472
3097334
5261255
1208874
181304
14730005
20090748
3457639
24906341
43317835
23587956
53629663
19186548
19871887
163484
9546162
26430517
45359664
9293025
24936164
48824264
40739745
35057439
10997356
22533312
6766851
32009403
53629584
45420079
3623871
12572127
55072218
45484876
26897651
23175847
4873043
11896804
40468259
51994109
18779217
52211987
24055307
12229182
5667733
12790436
701408
27851450
60878
22965367
39215531
42645588
5969347
2827527
18866
54338079
475409
26786513
7997306
18951345
48727323
16233836
41007001
2229454
23300699
35274106
42656576
3263892
8718499
28192163
693873
4195786
30330725
47939910
5413079
38047269
24087218
26285979
58056432
24363360
32560289
21065440
46783147
1845688
8565034
30504424
25487533
20429699
8440244
24482047
2727722
23908709
45559001
19772933
28386776
39865277
34432776
53281559
16823832
54066135
1643552
8906120
32498755
16877534
42353895
265508
44138479
8583493
21419570
620129
2556601
39683872
8842656
48576570
32607786
17598662
12701434
23593886
3661203
534767
12790981
12790223
8738224
21381576
4233456
12790266
12554002
55178289
8914959
2236475
53672954
21905045
53830478
8854872
17296518
17731991
4291380
16045367
21110969
514263
22827233
51744
51171707
58824949
2497333
41181272
21639215
19836027
56643633
1284105
15179396
1885347
55050096
13866286
5641709
298538
50134933
50900518
3465621
4820101
4690528
15179241
32891666
52788520
8973663
31599406
8705108
4387226
23273762
2390268
5815681
5555573
2300849
1941520
5989786
2176276
5027648
26660487
13105327
18463114
3619752
3539360
2602504
31857564
6154321
13556153
30698510
53974195
21008804
51700741
4988695
2453034
6278102
9524673
1455728
15208874
56560034
5952697
11608838
1178120
10723535
5114983
5203976
33597211
625566
5644464
22558746
1750070
6294936
48219615
57406580
12793042
5834243
428865
27975110
1728643
20907180
12067991
23555357
54678189
15810064
5588313
3833818
28153175
1850058
2228451
10148034
6941554
2473185
1171735
3238165
1079041
15993759
4965995
13809981
1701677
6346748
823826
56425783
11489484
202577
15442581
10424341
19409529
28890366
5777656
10957463
1416408
30862678
2281400
33206021
30862787
1015638
3232248
13398117
16832139
15879397
17876199
2496955
1680148
13477416
5212623
2014938
38697489
21322084
53430710
1327328
723286
602719
1810673
6377969
4822856
2248409
2321039
6776956
57118012
1826818
356071
15864148
33419784
3536248
15957594
21406866
4839461
573658
2065424
7815059
4323669
3630253
7181656
1801143
7045354
5700842
7701622
29431316
758000
1246883
7461842
7052407
600725
38683760
5775446
1466884
1711322
1809016
304467
3610880
1240249
6051174
5218317
329820
1819888
30506769
20342498
1996695
3113254
31041958
42606359
57212803
4866649
54315946
43238440
58858740
40478086
41929676
21140131
3530599
161779
576928
25905154
24565032
53817026
9030920
44546697
53545299
46759192
3025095
762893
39300453
46318051
38430709
54206843
516432
30047424
20496283
52166216
50687753
50922656
406474
33915425
48994929
14145137
27147203
9215208
33136590
34163516
173629
54253929
586361
27283867
197060
589042
15032952
46919592
46336440
39771415
41470614
54096114
51082554
28806744
33136731
805130
37879295
10597978
58869145
48998973
55639936
58993702
56573791
49403994
8259235
33136966
41629049
36496543
28807476
43730972
33738273
12998997
40179281
362903
43579785
21442739
33171
5254397
39807630
574721
47366827
28955555
2721283
18436536
36207372
37581979
584987
9530099
8269074
8790920
220212
1715607
22135323
22873506
11868051
4684882
630141
56223894
197776
2659727
20356055
3575191
781729
19865816
24962851
375280
52795561
374909
497940
41688778
52149800
595565
57762616
53399296
54315587
53858337
51525925
52368651
58341093
53865018
57358905
352474
51074017
53720900
53947226
52992319
49853528
51176831
57827482
53219659
55788442
51848376
52278476
47756463
52104778
415700
50947066
58472340
57075471
56177993
57865498
57562818
53865294
54135195
53657539
58200965
57772454
58417642
57065923
57150430
57146013
58092358
27269553
40162448
51066865
51121434
57015307
51221487
145933
51329983
89767
24265311
435203
24536121
8544676
25906438
24265541
41485577
3263984
9168460
11253358
26531073
18465654
381243
18245678
37589387
584028
1448932
7758848
17524283
7760479
2942536
7760742
679824
22852566
486550
387583
11458387
10903620
2372739
1293823
1396185
16239482
58009
6074313
5897131
27498792
31088818
41368389
4740291
4060866
27939399
33267726
4300660
84229
12782996
761899
39339
16081647
2302825
587478
263385
55096792
1599800
35677097
650565
1395441
31115000
31312486
41747431
7746616
424421
38669282
33345434
197352
31681846
31663576
31661716
31685703
18262913
33851117
44319609
31655694
30747164
31690225
36730228
38751106
36004081
11069849
46264010
17803881
30685984
11886103
11886116
11226001
35859927
11650207
17623595
50901390
14130343
15124073
95214
14544216
18441661
18444850
3945190
605866
31231995
25365113
7218603
40494892
7577
2967787
733993
9193026
21117050
309283
1322683
31007872
31018466
2109330
2826437
2738170
1322733
617574
16904307
37830201
36870
4980930
8196941
8197231
13864399
23688978
2956620
33812540
54965270
20248072
43465526
14617163
12607
24099854
44840470
12220789
11215509
11440408
4139950
39074677
34270151
806299
34351115
25938035
15001417
36012201
46259003
57361005
15056490
58010817
24143
11214861
32661827
1609192
4806848
88577
5540678
1658556
36020483
53252196
28250588
22451453
22848159
4020268
12800524
53035979
48369997
9981261
31088626
7259452
42486800
6563241
31093934
22294655
22814063
22859130
9021
34446394
5336158
26193117
3474648
613716
429624
5789453
6050003
25569041
850071
1646767
462946
1918688
970914
2395274
1356810
42060869
8288539
37580042
25258232
3885203
28597752
42040331
3682503
3610421
28597227
1055456
486459
42075696
7409109
536846
6778324
16051207
1075691
41378865
479913
62414
11582085
3534480
27702500
17951331
2880266
573861
5866630
1101513
93521
17248271
24474311
1702845
22439150
194662
216901
18366
10391245
59695
5576474
4091267
2210469
315166
1847385
254541
7013838
11279554
7466431
46587178
28597698
906076
5398787
21332465
32835067
3213526
54078674
22467936
7703028
15127273
643243
1483070
20694054
5447627
5447626
5447624
5447623
54824948
9954
35046599
46247041
24163493
39500159
5301254
31522472
44840612
3606916
33447898
4530581
26941319
46204719
3908009
57413699
16222576
35865563
21506685
36357749
57397316
23057640
32553686
44298502
22929317
11893793
49203602
5060914
53580191
31576306
36466473
57402598
9189512
19495680
4408017
55565432
42646001
3643568
42690738
20767983
21179809
21181063
21258804
21196062
21195159
22177268
21158150
1904654
25893
239593
161645
862954
34355
762156
2803287
70096
207953
8604499
262260
61103
31190709
8130284
12244
12972284
401839
31539319
7406979
25109984
497068
61086
620116
4376673
716962
796030
49409322
28936118
8380370
46489586
57173838
46668875
3384137
46541557
55619892
46579573
19283335
2264742
9189658
571244
22033618
28833987
40139841
3367760
34161835
1291858
1975832
47180317
24624675
56722516
56718990
53990517
28345527
13161833
5487302
21405210
4612245
3134743
3320141
10477250
39849739
5593342
42149594
46290495
41604458
2988879
4461550
21735005
287291
33685
10071637
13024440
5998098
2828594
43614076
3415081
137840
39902933
1608700
55744716
19146562
33870607
33698608
55588949
33905942
1182320
1545622
40549288
1182373
1160527
1113569
39902968
56111872
56285776
11814745
24652024
19337279
37060890
1197343
16764556
21423007
21422831
38596126
13469651
45415721
26971838
34997299
22455510
23867308
20677627
20751096
46573166
32637293
34782417
31228548
25294061
21422806
31822400
28684327
29269651
21312495
46601703
32005855
30594578
13487973
22652658
22652626
21402059
21402010
22652683
39156192
26468978
11720468
51320809
45415717
43706051
43708093
43708058
43708108
43708112
22024384
29269676
21166642
19381958
19337324
12865057
21940799
25087791
22313406
37369338
21423022
36365139
19491681
37671470
45415710
19358251
19691490
25016522
29032117
42853539
32772719
21692771
45415707
21579409
31721097
14450258
9896437
45415719
25079069
38863135
18778161
26612968
154189
429911
23991317
3689312
41190848
3689298
416810
1434706
418266
4503039
2529207
38668379
27146868
40211753
37925318
38260561
7407124
45405910
44891876
47088719
35855779
47683300
46564920
40182029
37482000
50759662
37856141
48231530
41180805
47152876
44890884
51234597
34167156
35796578
37810223
35459642
33603524
35826350
43010859
45463626
48859900
37480934
47260440
46203093
33718121
2807634
24634523
27602257
357285
35838212
36173127
50748282
36212842
35865685
41230190
1478639
48338138
47910999
44890886
47527511
49798419
36262918
46388040
44890889
45236029
15702073
45221853
47177914
33247894
2066230
35860766
32267074
59687
10781329
20411398
2415546
35512482
50485559
148663
42600130
462495
10552832
578467
36307059
39200107
2600559
274065
578712
23146022
51502087
6605578
2854385
878899
4695985
7433343
1583271
32278219
5885308
2619375
10202595
10644858
2638276
7433952
16954752
21084915
20472945
22292491
47605135
770395
3512268
9213614
2616769
508759
2082246
52231391
52901122
52940949
6674238
34998622
47298075
47298722
47307444
50371139
54097473
57279216
53992050
6796259
33876560
314340
59642
43891880
45670442
13063395
13603381
22011643
47788633
16963918
9618051
47842779
47818349
352685
32495948
7436363
45575900
297853
592090
1700281
33238517
31371717
1523668
55441249
30959802
46835001
1639662
21486505
25464792
1635872
45669429
347917
1722611
34867508
47493673
348010
20311666
31805519
15400145
4415837
375974
633732
55135369
22011098
22415245
434048
1840514
53237352
8023076
23177840
2547995
12958
28624193
17474014
31142303
40918428
51017869
5448319
7096141
46021
30667
31553439
34383308
27497863
1720795
27569843
26522412
378436
31518049
7712750
12177809
14905568
783663
11907653
50574207
9527293
19416931
12141444
12137512
12134522
11267727
12136070
12141294
12040579
12132535
11726650
13358515
12135992
12132227
12133016
12136453
54337099
69406
41706582
33900
19373860
13216184
46760517
13277304
2014804
1668484
3992993
37241038
913498
13821218
23450
11173515
295105
27800997
24903597
4010106
3583507
42017949
23227391
13909910
29638342
13909887
245520
26221267
20540284
30030
503147
403085
43012526
150302
5108860
4800285
27427130
27500113
4775253
58840296
31419305
5624712
26022294
42151511
41463563
5109370
26558668
31491838
11226614
16117621
28925212
28728478
635307
446189
4954616
39750262
7071971
57721123
359531
21689192
8138461
16137184
16140576
2786
29214165
12294284
430699
29214052
2967875
53821251
860188
23278520
2633071
698219
39887950
51892779
51914985
3356765
51913890
2644711
4017873
3130242
2592375
12651235
5973491
2641313
376985
1902721
14829665
8643148
2478339
358890
12039635
48610439
170487
3232281
43086
4252783
26186
37573871
38299187
36969127
729623
1754458
37007779
51396512
5397740
24380843
2118723
2526948
5149701
1565373
5628767
29636595
42326285
13598172
12277276
29507665
11706891
11765800
10530908
11705083
47331499
33608
18942787
31076532
43724343
192059
2425711
2480027
3224106
9711074
9711095
9711098
9711099
9711100
9711101
5680655
5686462
9711103
9711107
9711108
9711110
9711112
9711113
9711114
3224137
9711115
9711116
9711119
9711123
9711124
9711125
9711126
9711127
9711129
9711130
3165832
9711132
9711133
7769698
3224179
9711135
9711137
9365991
9711139
9711140
9711141
9711143
9711144
9711145
9711146
9711147
9711148
9711149
5139442
9711161
9711166
10036296
9711169
4521355
9711170
9711171
7973429
7957776
2690475
7814635
7728394
3993691
2481115
2422246
3164645
5400479
6704216
6904937
6905052
8560740
8561457
8561976
28713041
36294783
40463775
43738059
51504187
54935893
54937029
54937143
32975
46181210
31145156
29997660
31036613
36496250
31034234
31034132
31034032
41588771
41588690
36911028
18532910
36910990
42359978
28711564
28711368
28711135
28710548
28711053
28706085
32811310
36900943
43585214
47596410
2226256
2228257
2228283
2228426
2226519
2228347
2226760
2227418
2226876
14209484
23411249
31066711
41400018
44489149
48566346
52337647
56171360
58901553
60800
168341
51221249
48566030
2307397
18511314
2468171
2370351
2504667
18507906
32818271
40093332
51220703
56417808
56418770
56422945
56426702
56448790
2462171
1251647
21716320
21946765
21934023
105730
105732
21936579
22795672
21976250
21983004
22028040
1339607
6890764
1329097
1354747
1354753
1354778
1354792
1336744
1354800
1354806
1354809
58192735
54229789
57453472
52960351
52973326
58444491
52246159
54061539
58528764
52393458
54266373
52642038
52561457
54670611
4836118
39992407
1585862
24199350
148635
39971785
2419084
58095538
42016439
50022944
31049103
27179600
56297553
30873056
53588294
72214
21075880
50055937
42617864
1019091
37257606
168269
35799636
8103
2206580
37514
6413510
23000071
33543787
638331
47183801
40380109
42729808
8026722
214043
56921904
1974988
55204880
50128538
5023832
41422841
3343805
18172194
20498
14795816
1517711
14056148
15059413
24920758
8842893
2161882
16350357
5089277
53683
37477110
52145021
40495206
404505
6241951
720599
4008941
82974
15487
45547
47842317
154074
56635096
421012
1481067
20611212
56116
3364880
164406
20124600
46849992
10847572
153499
2204271
74673
53280672
1591612
4873216
44368234
3154383
31964
18537936
327806
31049263
4384335
56821329
443150
34869281
53330150
2589303
42007734
33473249
45466472
24436223
171761
24329941
282291
7062377
4116
39136
847879
462396
44058
31553456
38992
40125862
4370036
5985207
4370125
7371308
1471037
4370018
2794117
1130097
35523998
224698
4370004
53745784
208656
4597674
1536565
39397066
9556852
488748
13079722
99293
30000346
44224679
791114
5671648
346511
20325140
12004655
714428
1226250
151196
482445
27783337
42275645
274193
303386
220465
262772
28800940
2593857
4501
304588
60575
166829
17484978
10293733
24946732
21353733
4486872
50435370
70802
155056
3367515
1955194
219367
70426
24810782
629600
3849909
29790329
44736909
37516188
34427828
14170
75654
146879
3841210
3802867
54647816
604141
72331
647417
41793866
29538184
856149
20556798
29083159
29113313
517279
54647419
20761821
25971574
1393034
788093
1908182
222836
24095982
2185341
1364433
740618
185887
10115233
146539
448010
146311
42049851
63199
625404
29218703
65344
38656856
16831059
16740653
54268925
9697861
31542579
850969
47901201
3035321
19740545
29500777
2749587
183858
42843131
904825
44502784
2681485
7098540
944646
13890231
55257518
178904
2720098
437280
13237371
1143828
20494796
41686951
23454817
15226
21541145
48987324
2765929
23195
5747651
3123021
513246
2827414
7768855
19963054
408840
31365976
420956
28182266
8931732
15085687
11659868
13094932
1660830
18913292
22312855
10979384
10866818
31009486
24125782
6531844
2900163
23387322
1318008
765642
6943279
31186303
31078336
42631401
51575148
48010380
53773988
6280422
50946711
54511002
50912825
50935728
57958125
50919088
51048929
51151907
54299574
52216964
58833838
51230650
51049154
50913004
52179334
51887637
50991816
51585839
20054331
51047851
42738506
13869376
58898347
59028199
55469559
55698870
55673583
50374818
2722918
2722957
1478018
264126
31152
207151
497562
1490045
4586467
8906427
13292300
14426759
14426878
14427663
14427634
14427608
14427579
14426972
50012740
53659883
57003578
55673716
55673364
2694499
2722931
2722967
1478024
264125
88491
286103
767749
1490053
5358823
9518775
12677402
12590889
14426873
14427657
14427629
14427597
14427568
14426942
51212821
54621928
58041689
55699560
55673616
54485504
50535573
2693661
2693634
1478041
2430448
169735
308945
1231242
3053872
5239823
9853064
13292322
14426750
14426863
14427649
14427621
14427590
14427564
48824123
52439468
55934155
55699312
55673597
50369453
50535581
2722955
1478013
603792
106482
177580
417355
1454385
3921870
8777775
13292292
14426763
12279937
14427666
14427637
14427613
14427587
14426944
49179268
53051418
56464962
55699476
55673604
2696679
2722910
2722948
523980
193016
162522
163809
308948
1349189
3589648
8648997
10411066
14426764
14426880
14427668
14427638
14427615
14427588
14426967
48970682
52742408
56183153
55673731
55673434
50446901
50535604
2722966
1478022
287202
70338
256588
767942
1490049
47708354
9518650
13292309
14426756
14426872
14427659
14427630
14427599
14427572
14426943
50973920
54430767
57801636
55673740
55673492
50437466
50535593
2693642
1478021
603788
61799
237590
627464
1490052
47708538
9480293
12576540
14426757
14426875
14427660
14427632
14427605
14427574
14426986
50694528
54198841
57562854
55699299
55673589
50369676
50535587
2693656
1478016
287347
106480
190939
497739
1559702
4238742
8793874
13292294
14426760
14426879
14427665
14427636
14427612
14427584
14426945
49607372
53344441
56717631
55698739
55673546
50378467
2722921
2722962
1478019
423865
61800
224666
581758
1490048
5377858
8910063
13292307
14426758
14426876
14427662
14427633
14427606
14427577
14426980
50387891
53926112
57289523
55673628
55465737
50535560
2722943
2722973
1478040
554065
145371
308946
1231226
1490055
5239781
9853055
13292321
14426752
14426865
14427652
14427623
14427591
14427565
14426993
52156437
55684198
55673633
55522822
50535552
50535611
2693640
1478038
264122
106489
6658
948411
2811454
5161192
9853045
13292317
14426753
14426868
14427653
14427624
14427593
14427567
14426988
51807781
55407385
58622871
55673699
55523121
50535474
2722934
2722970
1478033
264124
103099
308944
870542
1490047
5239711
9853026
13292313
14426754
14426870
14427654
55339474
55468363
14427626
14427598
14427569
14426949
51479623
55105874
58344887
55687964
55407528
46747915
46512001
18107823
25617100
46513029
46751827
46747917
46752008
46493656
25610790
10164926
21369958
21775165
26387766
31092656
33643427
39005342
41809143
46310624
48944325
52666463
56381074
55687987
55407560
46511907
46512110
18108434
33272432
46742341
46751911
46749135
46752067
13444344
6205316
11278932
21370925
23484997
27951540
32431840
36603813
39548828
41817640
46936273
48944400
52666495
56381102
5781561
55704856
55688002
54612133
46749229
26559586
18108510
46742290
46742350
46751963
46749231
46639595
13246309
8157249
12497621
21371338
24919919
29431205
33517158
37796688
39875565
42637149
46936302
48944482
52666512
56381125
55687959
55407515
46747849
46750665
18104625
42284127
46512966
46750741
46747853
46749257
46493895
46310475
8699652
21367269
21372876
25720144
30268389
33517433
37849034
41805195
44562520
48944302
52666442
56381070
55687954
55407510
46511871
46511954
18012377
42284102
46512883
46750731
46747829
46513353
46493967
46310588
8487415
15003290
21372152
25307401
30031825
33517386
37848939
39875630
43178519
48944284
52666434
56183409
55687984
55407558
46749124
46750703
18108425
32990565
46513152
46751902
46513325
46752061
46493367
5928107
10456457
21370726
23076348
27577611
31996071
36311764
39546670
41817370
46936240
48944385
52666486
56381095
55687980
55407544
46747945
46750694
18108395
25617247
46513103
46751890
46749111
46752042
46493408
18005395
10171820
21370268
22635271
27328662
31643169
35982887
39546534
41809271
46936231
48944368
52666479
56381087
55687962
55407522
46747871
46750681
18106508
42284135
46513008
46750756
46747894
46751998
46493819
46310348
10162107
21369830
21373367
26024727
31038491
33517492
37849750
41809085
45531028
48944311
52666453
56381073
55687966
55407536
46747925
46512060
18108095
25617219
46513053
46751839
46747931
46752023
46493558
18011654
10165409
21370077
22217257
26859322
31367494
34951683
39265908
41809200
46598380
48944343
52666474
56381077
55687999
55407574
46749213
27318181
18108496
46742269
46513264
46751954
46749219
46752100
13260383
7719397
12334403
21371308
24580727
29431180
33517110
37511602
39875526
42636993
46936291
48944453
52666509
56381124
55687996
55407570
46749194
46750715
18108470
46742259
46513213
46513312
46749203
46752089
13324976
7238391
12332667
21371219
24183465
28672841
33517018
36884398
39875498
42370458
46936287
48944445
52666501
56381110
55687989
55407566
46749151
46512161
18108451
33273380
46513172
46751920
46749159
46752079
13369612
6794014
11627138
21371135
23808977
28221828
32860414
36615377
39875488
42369346
46936283
48944423
52666498
56381107
46656874
46759092
46759198
46752809
46493634
45155584
46529124
46531959
22216729
26780757
31357406
35612886
39005302
46519667
46576150
50387965
53926154
57289558
46752593
46759128
46759222
46752998
13444382
6205514
46529236
21489732
23882872
28211882
32597788
36603860
40678178
46519827
47685793
51490157
55117203
58361664
25611057
46752598
46759157
46760080
46639877
13246428
8211078
46531830
21391635
25259935
29846644
33931631
37796644
46519513
44988316
48968792
52747197
56188895
46656838
46759078
46759178
46752629
46493884
44324317
10213731
46531892
21444703
26024609
30707614
34694683
38386137
46519606
46520023
49615299
53349250
56717650
42284112
44687603
46759069
46759165
46583525
46493942
43111901
8487507
46531862
21394328
25642921
30257661
34324034
38078097
46519582
46519996
49289699
53058644
56472510
46657275
46759115
46657366
46752955
46493356
5932979
46529209
21493833
23485058
27949218
32431819
36312807
40678130
46519792
47402703
51219069
54722739
58063454
46657262
46759110
46759209
46752918
46493423
18005338
46529184
46532002
23485138
27570711
31996181
36004080
39546563
46519743
47123617
50974158
54454302
57801647
46656860
46759084
46759183
46752681
46493791
44381588
46529089
46531929
21712077
26377709
31045597
35003708
38671157
46519634
46520037
50013380
53659868
57003613
46657248
46759095
46759203
46752879
46493546
18011687
46529150
46531978
22592382
27203052
31643153
35678841
39265883
46519708
46864647
50699197
54198872
57569258
46657337
46759146
46760066
46753187
13260519
7719553
46531751
21457511
24916845
29431112
33613193
37511612
46519455
44988374
48799739
52444713
55942764
46657310
46657354
46760060
46753123
13325033
7238482
46531717
21479069
24580188
29431086
33523913
37182537
40678252
46519890
48432311
52164565
55687750
58937690
46657294
46759135
46760011
46753058
13369569
6794107
46529317
21482675
24183400
28655863
33111117
36888887
40678212
46519868
47987784
51813182
55407470
58624594
5781399
51114165
51105235
50748862
36729527
57004085
44318968
44312817
11503296
51019658
51027567
56683120
51019485
59039895
51670240
51429844
51066011
58072595
51082361
4280148
50637689
50811100
38736935
44458389
52395219
52395308
52395228
52395310
52395264
52362342
52289469
52395309
52395312
52446520
52395218
52395222
52395224
52395226
52395229
52395230
52395232
52395234
52395235
52395239
52395240
52317024
52395244
52395246
52395250
52395256
52395260
52395262
52316751
52395265
52395267
52395269
52395270
52395271
52395273
52395277
52353769
52354675
52395280
52395284
52395286
52395289
52395293
52395294
52395295
52395298
52395300
52395302
52395303
52232058
51043247
51043277
56759668
51670233
51670160
51003722
57357318
59041345
43195856
56067103
57486052
46889743
19131234
47932727
56674939
58969057
59054402
57635538
56069958
56040227
42672249
55901158
58852145
47184300
58560111
56142153
56991086
56442555
58251773
46953152
58991199
13449133
47037778
20083528
10373265
38313078
10340960
46398610
46195663
57487450
57487479
54115568
50004431
56999758
57803543
58622653
56112477
56896970
56897524
57925897
44934810
27228374
57595937
57973065
58516921
58516915
57651272
59007487
58008359
58202013
58090842
58051043
57830649
59014364
30857552
54632022
57856860
56461120
18993568
55804092
53518785
39195440
55540796
56086021
48552501
23423743
364369
28371067
33198700
15752595
21001
42565465
922984
13431552
3324250
58916404
53132646
52518535
57614587
49923096
39159405
26085319
1665509
4230484
47442420
40248613
643342
57578001
19090796
11259523
296136
31887351
50880707
44049089
44416338
48470684
38043625
22039629
12694904
161971
277922
55291036
10199118
44331354
45391623
520006
52741948
38817066
47056344
45476147
11037910
52714935
50186794
19660380
43912426
26468780
45383114
44546139
2019629
9872456
10142040
15344457
23538205
717496
45078479
3125431
13653468
7828731
50301411
12541402
26382081
11520785
27627682
46387354
103084
28672757
18703808
39021271
21116079
586699
28044471
16486258
735186
30585076
29176970
44561341
1359153
4594631
42398637
32199879
5878392
45485761
4928094
47724056
31698027
37392778
17451546
57047621
47866348
25588215
40018488
1830664
1187101
44209334
3843740
2056772
31038826
846150
58478678
12148227
44197742
5171505
5348860
46696191
47076382
26216931
40819375
25132755
13620413
27200204
18948701
1384458
8412128
44800504
190919
190933
28410434
23538352
3324688
468102
1704366
13505846
42144847
12663770
29542465
23141995
13606431
10647886
13265297
374143
25894158
3057902
1124670
767035
20081203
5988402
21491579
9751808
10676231
925527
7804066
2467983
5472283
5479824
1483481
35421361
2594035
2964340
13086829
16882782
14597564
52078132
52127253
52127254
52078133
52127252
52078137
52078135
18933798
19523929
3404750
10095918
53527415
4633505
11726302
21409513
16345660
3900363
9641612
10897760
46759286
20026905
1293167
39021
45470716
505350
185689
575592
654550
33544057
2494470
26931336
1099872
5625508
1372177
48246244
1096532
46724966
1425916
38030427
23774613
4890712
5489871
48336026
42065340
23535950
10659704
1709259
56125271
7085075
26015197
610448
31845788
47951334
1670957
220542
58576348
57819847
184813
253882
10629659
47113871
47113943
48161356
57900287
26359976
43442454
48444074
57819432
50607495
22805462
57767976
6698534
5228728
24488049
27999994
36963633
54936329
2329347
24365940
47570673
51037652
49401373
36366239
57669153
55767943
55767184
55760396
55746497
23334799
29148132
57079647
47221018
36565971
50522184
23612531
38270708
11173692
4327650
43051608
185274
10625811
18405493
22037263
22037532
22037665
53934455
57721591
185273
10625232
59682
46862721
4798828
1033202
22518823
3728496
49960664
42957103
2843180
43966983
32583877
56702812
38484136
48548555
31254821
31977286
47205287
11202496
55854046
57350227
27557159
58427233
31514121
31505299
31473337
31452321
31453375
57510436
57510198
57510029
39042974
21603239
56818423
15718582
10666800
13094199
25474515
12643242
31943973
30246599
184803
199072
35952164
10625495
38487245
28832658
30079590
48161246
36389243
30595836
37284881
54006800
184814
185701
185700
184942
184937
209375
54629785
22369259
12143367
37202753
25646629
50553526
5007190
185276
8933516
35017166
42210344
6571351
6763556
6390927
6731674
6716831
6700331
6573111
6293914
6348416
6351926
1810612
11343519
18353899
23585197
27994983
33118545
37688063
39887334
43982382
48550979
51466981
54063065
58932120
4144084
11798559
193442
185702
54293106
53954324
149693
233633
185703
208826
57997095
32722163
23466903
54390279
55960270
54353844
657196
49778373
20359110
37651360
54072833
56527387
57064319
34223314
57807427
40513602
53342323
53822916
6741682
58815084
41789698
181142
184807
192174
190931
15642321
68757
54192077
1345321
39524524
185191
23913127
6432810
6518155
6730696
6368754
6537601
6571552
6296476
16935186
27236967
57899451
20531
36935689
52937957
47877912
37512767
30637859
38632593
16392064
7721622
6698483
47246364
37003258
22328656
26634980
39733366
12759737
3550789
36632580
44856708
44731450
57788454
39201121
58552927
58900325
58213748
58649686
58900621
47132328
58537843
38808352
43925764
26351100
37415138
24317201
53009061
24436729
23769167
27993611
37209220
43435465
44407593
48772679
53876662
31347952
23773066
27748811
24456318
46490037
50368096
54052207
6698510
6116441
58552901
26351195
26351182
58557352
43436513
37396782
22326819
26162979
21716566
26620169
31171995
32598128
38910419
43396297
47131361
51091891
54386124
56815279
22326601
25915827
53097039
51732730
22950312
55185618
19279988
184806
57792541
193571
23626974
20012485
6732856
6574297
7057458
52863087
57249219
5603809
55747989
2124971
53346301
182055
31228305
1271930
185192
2144179
19259740
11107047
78006
24042952
53623024
24616330
30653286
31230955
3975402
6589500
55305365
481459
46283787
29835610
30541481
51364212
42515965
58214869
51313698
4434493
18264350
41241450
32681313
4646835
253872
6912928
6883363
6882473
6866307
6841655
6841179
6823132
6799366
6799019
6798841
6391487
6798635
6764421
6780958
6764078
6763685
6731839
6718921
6704618
6700061
6332067
3578742
6572950
44083897
48168886
1892888
6838582
6614811
56741367
197716
51770254
56549299
47957544
44564910
4176687
10630938
24770672
1598653
43326609
22398418
42687829
19371148
38417150
40034017
55202830
1647127
23912104
44804572
30522197
54808534
2843112
25701376
54699860
30308686
4172185
25531958
17959719
46313298
20786428
14737118
50963694
34415953
49249827
47889319
1944478
1304522
46565454
2803112
44522132
29488282
4467194
23614386
53246224
4790944
31998279
1148067
1906787
31616098
44930098
9232454
57566751
32484321
48268769
34514682
5127961
57799699
55335902
43118801
53717749
52432698
597694
39735772
55461162
9232193
4654804
14852535
33699957
22397826
40337479
780925
9231200
4065630
55825265
5942176
36731133
9234276
44877846
46765953
42022321
55745471
1098726
41257574
56447072
36718816
42955870
43155620
25851439
40474961
37306370
25233086
56043447
53724052
53045256
37306438
57631885
37942143
45473591
7042983
57918261
1652241
39844923
49087177
9232315
55415823
10411266
34036917
12154712
44300339
253294
19983153
27758406
19021761
38487557
46517684
42454261
843510
46294601
44935081
51362647
35807114
37942363
53123739
38390735
53763122
52754190
44107766
58939140
57365707
49520835
55170384
57724992
58835254
54435831
39074196
47453256
47484400
24910342
12159327
7583940
47180667
27279582
6038450
42039916
47277945
40739607
45282280
46178295
56645465
45473161
10978592
36254490
40185190
253293
40551025
44464410
7666629
9232017
9306851
45691147
40478909
58573429
40829101
40829104
51286045
54283978
58286364
43117539
47020123
43117532
56002225
53871714
43790186
25073919
55904763
50160336
37493336
41904907
18624722
41464850
13554964
42008221
42091623
55960889
47680563
45656554
21543910
34503954
43124504
43460084
36176831
2201706
38431590
35133820
44638524
38213938
25645827
50972944
58764893
37335251
37693226
58648951
58684908
58764969
58619913
27993675
37396716
37625714
39176877
58684925
28048281
58684939
26259885
26259912
26259927
26259935
26259950
26259955
26259969
26259985
26259996
26260010
26260031
26260041
21716308
25327750
30627343
33847414
38706836
42120287
45585389
49234931
53603029
56583885
58648738
58966556
22326630
22326649
22326651
22326653
22326684
22326682
22326710
22326712
22326714
22326774
22326775
22326778
22326823
22326871
22326872
22326876
22326899
25915893
9202465
57165622
54581376
34213753
3970295
55205069
25851307
55903154
36307104
5426626
6500175
495036
52377299
31228349
35550481
46205549
50962917
58018188
35593952
862321
18057400
30169495
9595202
44425451
48032251
495025
57985135
48301135
9202378
25793849
7442283
52068406
16537471
3584605
1104306
57930783
37942082
494392
20582055
253877
37213882
17733045
32219976
33592267
58265453
58379982
9231698
494420
37306578
825384
49587836
50178229
39846096
12724889
55537670
49964047
33262649
39537033
58512469
56756597
14334546
45415344
4543121
52149550
169523
29374388
34315029
19381587
3944564
20253777
1047876
3106435
10620491
9305401
1999341
48629320
54091542
58078814
13014945
3219142
1575175
27040389
494504
28350265
51703459
35208783
35209477
47033094
1907711
39829770
8996886
19100789
42285285
32228516
18370714
51021015
47398525
9231138
9233196
37306934
37306701
43156745
9231617
10630011
27375833
24053563
17800280
52813095
922023
55135522
45454943
26429288
42313841
52804735
46691576
1708589
37306757
22196832
43171782
52513847
