586851
2393292
9228
6084894
917794
50104507
177602
18138370
27860462
455798
52054501
53592487
1468591
8216255
20089853
2866717
197049
27276709
51963262
409702
3876065
53855397
53025858
6014487
43110846
22962706
39340603
3127979
8357912
24426410
3924565
12660255
25957874
10819913
52967007
37669571
97240
5100891
21326904
54398567
57719922
7545639
4117589
50056675
42578837
5145263
16825204
1261982
95926
1768174
4078497
95948
610755
97241
32087292
5355670
90624
7220801
6814710
13811
17031152
70076
17982
90194
95931
100594
17764148
11441067
37544225
92982
39239375
433978
95922
26305234
1583130
5178616
11879346
5732986
9281770
29379313
84369
432273
36492251
206542
551314
912643
453149
21694580
23702710
13313000
1639011
233000
49588429
572464
2109877
83529
8197423
11206044
12952595
7374488
7662799
54036
54035
20617631
38282506
13533520
45995
5318270
58764873
13973661
19630739
58445665
28742
5334607
18959138
689
20611325
9239
1508112
15822342
20611562
21139
25706228
58097959
26769
58098321
19620245
37677972
5165
56430716
56632344
5130285
51506837
25287133
174069
35971482
33256286
212485
944638
41077022
47992
113728
226741
233668
888727
24179592
248189
20571391
11603215
4387132
13844012
2068726
12804696
148578
41782533
14997569
23708860
9951602
315426
27132425
878461
4224324
26726375
24714
146689
827792
24994958
4396171
29247528
1335297
233636
2430727
26686432
1870708
52275835
31016
712222
6262231
19678805
38714
17554500
202898
1588581
305265
31880
8766153
479815
7490781
58025941
18766086
55584061
34320534
514725
10335
4169830
360753
1952879
19985770
21387252
1681795
250515
58950585
296543
58842605
336820
1799357
50686251
50480038
10746842
20872294
161791
147341
35019028
2219499
11818074
1322754
35568077
7955594
718833
5966550
5185859
9888401
9810573
9197779
3662844
449926
434194
255974
113530
26413989
43598
47603674
42080540
1719884
486077
57977174
461082
793565
49503401
6091238
4466599
37280343
51097030
1399625
20559838
575054
20803376
17022
408021
43220200
76483
41494211
7708624
900061
275972
38233680
553383
156403
551217
65039
46812757
5651612
24888356
17453698
51807646
39521096
42277986
1761935
2058684
46815207
37968361
1889911
9223199
11217970
19131436
42080613
3337617
55851179
43674945
390410
44071480
5696063
34809430
27350758
41566166
4253347
54975597
499822
1642676
2921967
17907638
10097070
47871380
1460183
40861149
7672872
18062821
45388637
3572234
744639
5616903
43104666
69442
48127400
34890518
41995379
53235591
48602192
14942304
32114415
50833107
51354871
38556443
41460489
40977741
50763230
41093611
32393053
50637080
200161
51345656
53235203
25323415
33746834
48505161
89029
183584
2518034
31968575
6982098
18565714
11732
826240
144650
2312628
613119
994499
3605313
21131209
2820378
142829
40030267
435555
16177382
17696
55562707
53682678
13581836
48462317
2736110
745008
843566
11812179
2302775
1863792
258885
448462
38670560
1478
24163507
1550365
1831837
94940
36783407
5760540
1500651
11237247
52419008
806290
8336889
1068775
11045799
232942
2601088
51430801
6060363
14781398
477815
38558650
52404285
10158053
3207063
49432763
440114
31167310
4661947
24154908
1035886
6517935
950457
505751
2089069
664400
40502882
11146622
13571787
257189
54250296
12663924
2616701
1323496
2826958
49804730
12070204
28519149
58795272
660234
23103744
623839
58086517
22095950
24105479
54978131
144869
48606158
27599179
34017955
26614455
2472666
50320485
1352320
738149
7085992
69453
4217326
18480268
37102956
42557803
5445508
28360429
12629192
625715
13073371
194086
111267
8051386
1434008
53840
3909940
26621662
6752826
3574352
298552
577011
21871
381047
28971747
217538
43507984
86772
24515576
50184565
636809
8462275
51027213
2975050
24451177
5486819
26335483
25849832
37261147
45314391
23129623
37477861
9834707
41713303
697526
9089083
58771649
55633
19573642
52406679
2211969
361361
4784983
51805067
19595283
7778187
11909942
21223477
10809293
40364810
8248242
14973219
868280
868284
37653448
52634767
547845
265452
32008847
2071166
18590504
5219405
50727844
26211048
5725579
4643877
48566817
16680337
29512286
149721
148545
12344884
13418858
28599866
54516887
51415718
54428669
37885415
7514478
58150240
23049767
423997
43274654
158364
746126
26526411
21208860
5222186
13632704
54551542
22783493
3713687
10923127
48559
36413973
49677765
1323692
35475227
2026527
949551
36245763
303937
180638
1455556
3738249
17482765
17778299
5384566
10311282
299595
28896435
1455505
30758609
57089598
1449886
526091
217395
4674858
1462371
6555059
8835114
1438185
562964
3581547
7656893
40243132
183717
1836387
56999897
2979302
43734044
340947
1438089
16421
11668975
1408090
6258621
5534112
36577800
2771069
844439
1455593
8404022
180852
23521009
4713082
1438224
14326321
6058317
51765977
1445257
59034239
1435294
355578
1438208
2496664
25242263
26925624
41008562
39613094
5477745
57001017
1358667
1438395
11665110
19302309
41416212
21626246
3739354
1451461
1426688
1445236
1445330
1455583
54562803
16052685
30076562
58931036
14349405
50344441
845673
23314961
40251169
17993596
17022354
40468250
625470
27450868
521881
43132230
11294253
2189505
1949366
31663576
31701494
23178127
38766817
3564116
734496
11169494
175717
83932
4709336
174653
18934997
9304229
4552987
13796129
24952529
12762853
37419103
457220
23903898
8381218
1895458
3236775
186508
2729902
1076585
37439786
1083128
37419192
16180244
10221
37419361
13330085
23306833
874676
43567
4212242
6849594
84257
1078638
35888604
23162494
231745
5046563
21048588
47081346
526013
219681
873884
4291497
3719005
30967908
26532661
4037853
17299
21373615
1523865
15853756
721635
878563
15207156
526129
29854726
36896659
1011188
540156
37430557
12945607
206829
13343792
1354151
12371230
14659377
1922946
38750978
49612372
7352880
8906583
77332
295579
764882
540182
24735525
214577
53711936
294705
13409671
870983
416272
22689081
35647552
720122
13833793
21117054
2372849
7725089
647674
9939543
22205229
216601
2583036
527661
35802272
8855209
42242509
199065
17840323
43124877
1044788
18587014
53600375
14691776
40096302
8338106
535623
99863
26971936
40630
4318918
6657580
472768
3701475
57501545
1388815
11130399
36144390
2111401
2588191
242016
6947013
32352620
448247
6157807
24841877
1433512
27958897
48724391
52080510
45251084
3178337
3004972
11139555
42525361
53905382
13237265
538737
32993479
37999350
2215129
54170927
767014
36073344
2425718
44974523
57985922
8141840
58112705
80168
11244517
37255468
53899336
45595200
530738
23468697
13440975
366630
31030456
35503685
2941748
244356
5637406
5354837
16199015
9678658
56180966
2123247
6985399
24136124
8917787
31953796
13526
56181684
517901
56192438
49057214
3836979
29569658
56192313
866033
10021774
4455587
56192007
2218832
3241426
12046662
612014
12283317
8098086
15219068
51982232
37615194
23558322
51367286
2504700
37122963
22171108
1471252
56181314
56181088
13538178
56176306
41288020
20339324
32542832
40161803
14156587
47565351
3851231
11151410
353601
21136906
575575
43406152
43406142
39754443
56180677
40162004
7117512
1112222
7865916
3936511
4104144
18036799
2774205
33894794
3459341
239183
6732487
39754368
42301747
355225
156461
456955
235012
441181
6646731
6580141
50248381
39465834
21460883
20078714
5374019
43328366
27160034
5778710
23623029
30045856
29783730
346395
54543176
27641310
267329
55144608
5193682
15096891
1262443
17340630
20680646
1996636
17346741
1903054
35055928
58668179
23399540
24166298
5578536
8172421
6771505
22848565
22361110
1908554
28884322
1262475
42346340
50671688
35547100
1628066
19816530
3027961
1601542
21347350
2980487
27436616
56638999
11794240
26762867
10660046
23612006
27155311
9295817
5733090
27570735
7925411
15811329
10660561
3884648
24389075
29900384
8127578
24331379
15287550
42497393
34837491
40628659
41116382
7416454
25905568
28765964
19313136
10061798
17572829
9091014
11725107
3540690
2413472
25556116
47399661
2557962
24881560
1262432
4143500
19755055
17336117
1658849
1678013
1216578
4955406
26516085
26440929
14987683
25379195
9304924
8217442
3968082
27400927
30132788
11633161
42106771
23414055
2690245
17347599
6004408
2600906
38108892
2204104
6891572
23962563
58816186
6126251
43159937
28087246
24693898
27049257
32005771
32585910
36581818
25948076
25556130
26552157
13060397
11492579
48230780
5465148
1904203
24313281
15013870
49245783
24414796
36835697
1199097
1834839
8539559
28767912
18876539
54514941
28374325
5548202
37445091
24952188
34439429
9027312
13434524
15871233
8612901
10440726
1281247
30483528
40399882
7608486
5946134
46898381
4909535
27733360
10222736
1572931
26457795
27582160
26931093
15082316
53769599
11886384
24734415
1262337
2698267
24175087
5302855
2601809
13327116
25556137
5356660
24518808
24301307
3147812
24647455
1262340
40433086
15094571
16754209
34310381
35650689
35619209
1899392
18925289
24902476
2594610
7852256
1752650
24189782
7026892
17423837
4743440
6224725
24843400
47477178
4599840
10381715
4690579
1601726
21550164
31641073
4972181
56284272
24765257
4965909
24623717
26504172
4368866
4271714
27477456
27497354
1845883
23298210
26802535
1262412
48832068
10639266
4531678
53346222
35333576
17966521
23388051
10777895
18614842
36467732
1907303
18624168
17502919
6036838
29953162
17349596
6571436
36068670
20056086
8579495
26516017
54530748
26765479
1262424
5782243
7715549
13205150
36295724
10616705
4891139
25037510
3080331
7581186
14028987
45026410
28787495
8909213
15330729
4435964
2160978
1855244
26463920
2563393
24666416
31551595
2116689
9854404
3971068
54300974
5392746
6002590
36648278
18509025
4437323
58319840
1891683
19816402
24313556
3655380
45579093
23159534
31419384
1621742
4466931
26914628
1465032
3907546
54471573
33664591
10232752
19816040
11533046
22481018
24319595
15674152
370764
14986319
25556171
19808357
19816223
19451490
31360048
23432246
8021439
47804872
54531758
46547819
1262349
3045212
29912812
26504393
24396992
1553774
12441860
26446911
36145380
3082316
17278336
24694093
15016574
24079407
21649143
19775839
4378131
13776000
55429096
41129646
24236267
8449819
1206584
4541940
54382383
50656427
55745342
26147262
13024770
2649840
2636969
2556770
1272752
8386540
54655077
6846703
4448091
5954294
4466237
28181730
6002872
2093080
2084744
27732384
50278052
47893235
10480998
10473363
13428849
54185512
3969039
17650717
3969202
1200886
47619348
11862755
6183161
46406810
12158330
47870953
18625795
12227719
2593758
10046491
2695584
29030797
2850251
7776943
16101370
23467464
2780805
26457916
27957871
47584212
1262363
43905966
5640129
10687134
25929006
36122502
6140280
1262397
3192846
35966505
32407229
1465078
12907896
25832673
28433874
13989639
36565446
14030338
39664879
24787310
8006338
6183261
25654390
33568724
33568796
56701803
7994029
14570633
27086685
4443381
2064865
23968074
14998091
24185566
1200202
14999169
28835739
1601428
13492990
55699565
8017605
37404318
1634377
42995579
10442097
26439655
54513522
15067001
4252689
5052461
26457637
27581761
35731619
26739986
36700699
28005530
17341012
10877614
26854984
30865980
30595260
4456740
19808583
8387326
28433022
47827716
7241084
23448645
46545711
5928186
12849858
15536
18669205
37063394
52732403
8716694
45398546
14447509
45037028
2165161
20948584
18572081
1845211
12551885
38060737
28745408
267632
45038073
37949518
1177626
9840203
55980254
25561903
14647563
2331760
51490500
1408538
17581096
50165241
47659173
35297885
1436397
106094
6812040
3989609
36136217
18007820
1280129
7885141
1075216
3550538
33744564
7147041
985310
42577047
47003792
330163
58444190
4487990
47659254
39770509
15905139
39726224
1860397
47668146
87513
996403
23387982
20403278
35683593
268147
5540625
22290125
21241844
27490004
286816
13948219
35962514
15641819
41008544
16714023
63507
6984868
599309
26132797
18611658
8717133
39621037
49977760
12755231
5690758
20106687
549109
46663204
21441663
704806
21712085
517791
42293544
16182186
36253985
563864
21048375
142902
710419
16937934
58496527
9573385
10730363
1614947
1877556
56074425
20345861
443150
35067595
35368654
55385832
50363286
33757794
379440
57354084
415874
17955987
52784077
11483319
2877750
6855414
1897014
7564429
15022475
17334297
14956021
2533444
45568192
10281551
476012
17503606
44408476
34080
58505878
338344
34133065
48579027
166570
9854528
48804808
1625783
75251
23299050
40091830
28799173
28810858
69404
54899959
54899655
1934103
33445772
54900129
54900142
356924
54899680
54900158
54900161
54900179
54900189
54900208
54899702
343426
356904
54899708
54900222
54900293
54899712
54899741
54899725
24435146
343257
33108584
24435196
675660
363293
323428
54899105
20829071
54899089
54899736
20391443
1145513
54899719
12644763
13366494
13192647
56317336
13194689
38469902
39040223
29535601
28339153
1832701
13769036
17964594
39141516
5662931
24155926
529967
7853066
33743299
3140834
2190431
3280082
5662854
5662899
3190474
3448834
667658
4879667
9842535
969260
8710644
7160885
13368247
540204
8994950
15190118
3980824
8583683
7107973
2604132
796753
529776
11434550
6453308
29401375
14339470
13034503
2745607
23158039
1072234
27920432
33233151
2182893
34025771
35213377
34025790
4465464
1471964
145614
7374175
20571077
27740421
69412
6191199
144112
22663262
17476231
53320264
15185968
47022443
53207983
393306
25741786
10142344
7611805
58847886
51138863
50231373
12986360
2058570
32333902
28848563
43042866
1144769
34588428
15025536
3244435
51098118
1383879
31454412
671436
58947467
33070937
53340406
41865472
48664295
671437
53350996
15461812
35621719
34736358
33593911
33594007
33593976
33593922
33593844
37723989
32850702
32919767
28797543
37534281
32872346
37723288
22162756
14950096
35169543
48419786
49503262
18942147
28976235
37740467
37724922
37739876
39552038
33480683
33480464
33485622
33484180
32488162
37740875
41840160
34370414
43926273
31145133
19243417
32919756
32919751
32919748
35891073
37740623
26262041
31725488
32919739
32852275
35540503
32871380
37543394
31708776
31659986
32919718
37736617
11489892
32918932
37736682
37740085
51923476
23668477
32365568
36235544
37740150
28875392
32919687
5252568
36372164
3380774
24915528
10730759
8776837
25490318
37737081
31338319
11560483
31893785
35353343
32919652
32919649
48910436
32919637
37740309
32798262
32861412
25984832
5738146
19111129
32863089
32919614
54826888
12196588
3922292
16226614
52394257
9248629
28300311
5130876
2527282
18749240
15073
12878756
747344
2509479
330157
40706203
5642257
663948
12627222
2584245
28139101
424350
53136233
50401534
55131128
55711602
21061440
46709088
2433628
2113122
46999989
179604
5373791
7379631
9121362
42477242
8716774
486845
625058
17291143
21581678
40763097
2921496
3449607
34897019
58540914
30519628
267638
41376714
37274695
9598966
23223777
29152809
20085303
719376
17823990
42223672
4228804
162036
47485446
220151
46926578
46872376
31326034
355438
46592456
47570571
4473614
52904532
45322969
30205550
20981720
351136
31260502
11587676
5373894
37031283
1753419
31039923
55026959
47720729
17245800
46872106
33445477
8496192
54084937
9824816
593364
56073935
51414520
29784705
22467227
54205170
9548519
26460906
36073288
41491386
17012248
23104890
9331882
20759950
28797659
50735633
35276092
25323485
5610936
17010898
4465741
2142723
841459
51243310
6451727
1089355
106104
3964502
22949
31789942
29649701
206238
35585260
38819730
52009652
39758108
8364680
46230734
8411230
40016036
11971408
742964
1860337
18149854
87525
30259061
17255928
9508746
58003073
1071670
734899
2441164
23182570
79370
17503825
1934299
38314140
28861869
4772016
4853321
24259325
1860425
5057580
4567381
731914
204637
22916979
966837
5919894
47436501
5919858
28386875
5921784
447107
16073584
57891253
50068770
7476169
9483103
1976122
497035
7145947
8003392
15130937
40712369
17130038
37999010
49932423
8003218
9559116
5665993
47591685
9018609
990978
15323384
39055324
12515448
48738917
39608930
5597097
36198493
20964732
53349795
36352777
26422390
16594923
25479416
27751737
38757927
49307688
3874172
2690141
594140
40501928
8245068
1001027
20950589
6813506
264444
996847
2283346
15296321
1665365
6813774
2632939
18291991
40066718
3531243
2286617
682065
41883805
520126
18299529
24950309
50923436
2196618
1032148
1821162
5898596
5349387
49481816
9184648
31833634
4404825
2962298
520153
1025501
561157
24629726
5101150
661754
8713393
682329
756373
24624564
320395
1590657
99654
1751478
47669437
8346998
40013731
1029985
10492306
35655100
28199300
333978
973344
47266228
322161
21740306
675151
12069493
499867
42588011
6230216
312541
853113
201178
14746277
922586
39575917
80604
27030200
42588398
8639024
51812597
20598064
42193386
20941824
51813215
42588994
11238548
28344340
63453
17354790
1100130
39509271
57186025
37952929
17654130
23845892
45458554
46290032
5772030
36539802
37697174
51049581
39555478
2324951
49553353
49022
28887313
5819898
6770469
4044975
35698057
54766377
2806471
51922
16286279
2789889
3220305
25898
3565364
1397516
19923403
2806242
144222
374684
37619620
146106
21219219
13646287
13679037
13681418
19120214
10950372
178231
19923207
49028273
10783179
10785341
35568082
10785483
10785393
25840253
25839643
14584651
3570619
21580654
43389330
30868853
23914300
23914337
37536610
42323237
10785704
9276101
10785544
26630274
2727143
27013677
26499773
26489606
26615448
28700980
28148076
26541452
26537526
27911481
26989324
26907264
27046767
375302
13549080
34127046
40493049
48429472
4879397
719446
496983
37842745
340582
56086
3353715
28187827
11958037
28629603
38764748
44468710
706192
4265958
52093484
31369595
4596804
21431793
2014810
1566114
1805790
22625798
5064530
22776833
22969066
25301769
25074769
4295508
15850660
26165912
35154785
29218101
54089982
60790
6697
27319637
79560
10141
1534009
13225
8737046
14410
2707946
82658
24253
27223838
98694
6315018
78491
30701025
49404582
5139911
429211
2879636
12475737
4162574
32396918
312285
30204599
1944942
1981495
2068563
2173662
2180146
2184262
2193968
2194379
2201745
2444990
2938656
2938699
3057544
2155091
2155094
3214300
3927346
5438782
5410754
4250948
1685218
1737630
26540934
476248
10254657
5098574
55081842
30676803
12632202
6229762
4912805
13284477
27908142
334725
57463209
349435
1199099
6789714
88396
88057
5401574
13666
6336313
70074
21557
615657
774551
6259320
27621667
2949599
478364
54702492
1018482
614294
5482979
32744136
1011976
43220172
52811717
5381994
205540
41096027
47269642
1956052
55699130
6600189
6600588
6611405
6611493
6611564
8591323
8591336
8591345
8591363
56574537
52918982
26233012
39053231
37247934
808626
5338093
7276042
11097664
11097691
7276057
11051845
11051842
11051840
25315287
26188539
19944144
22742831
50089828
39262593
8454
37749068
49438920
4650
58506014
23657481
14464469
34022823
681802
510060
709427
510340
215706
48400112
2808307
6813660
1358453
2808327
26779825
33324714
1987207
851008
339350
24467573
2732571
22324819
39904688
2597983
3817826
17143970
21761927
19370181
7609
51779233
1705815
36970309
48901154
34992536
44714050
1508445
29320146
8579903
37979747
1415072
55561850
424208
619926
8111079
41036105
9223226
173724
14286
681481
49203606
22724677
36956239
26943129
26902158
456715
7842592
6146346
279314
25121408
21926
681806
36951863
179260
36765013
14056613
19838404
7521471
723031
31475901
46647041
2975616
3072290
28473945
1600996
14493178
711862
2579267
701158
53982660
264606
206115
18255021
7520255
22418842
19621522
1720933
34508316
2640809
45273959
58787
4180667
1061151
47741708
28473219
13345968
36775728
240972
34043
17515646
6661422
30935329
10070899
30872816
4472896
27298905
992530
4116974
10373670
17779291
3342903
250882
967813
16079328
13731762
3089791
9682943
983904
983438
8960524
10768106
16163906
2098913
993381
16164511
346222
11048579
10575017
992626
1354990
994505
16164987
1374631
983444
6652571
2286716
16216013
448302
4149506
16291039
10397398
16291933
4183321
447793
16292765
82490
10834685
3737347
3737269
29775649
10610617
10835364
27743102
217772
10806798
2308428
29789617
970666
29795485
933736
4117029
2283094
994471
10795399
1111758
8517566
206634
994484
979452
29962952
3719646
29987144
4117384
613611
994531
613622
11250228
2749281
19544991
4243416
522868
35273829
6437674
914432
32585915
18828832
3737052
35273952
13067914
936409
21324663
10775941
10575844
4377675
939579
10835002
936434
19545142
3842896
4243413
35274060
209546
4220182
3748239
992202
312335
21147505
4243417
983423
33587801
35274147
10727745
27298101
22685026
10780895
22685047
28232
3609705
392196
43475307
27236476
7082456
37673979
4199
182353
634264
15177417
13937760
47395083
38803155
972123
4391463
37329387
13873331
11129
13853908
1254520
28053989
6609522
24313840
231846
54190170
25341098
35141200
22452135
529388
20608
20125332
1254543
56590
4672694
21751752
1029071
3288669
42725214
26629651
40043925
37196948
21257046
21403490
39376191
13873010
21248451
28603
207397
46707774
10394955
12866
23614364
10394626
42121389
42121572
42121773
42122229
42129562
55904412
22669
15675759
12121068
15739602
960890
12764156
234328
6115906
48824638
8481594
191710
1189386
900305
58673537
206620
3505214
33971
176356
42359147
36447223
2178570
11633074
3635575
41259053
174823
41710616
26749292
29114138
20152656
35252807
18710520
14979
186821
19895
248950
7761535
46565922
383479
32624799
49958361
26052
12571
58950
43348949
22757248
12770444
21914777
2404037
13675269
35030959
19079366
36426438
36426504
21758647
4698226
12948410
49759365
49755315
46638948
1672076
4822030
671262
2624679
46296845
45658355
46408285
20373832
54271259
32102963
37701294
50764247
5557538
32263504
5671882
52803166
52803203
56417022
35045841
35045866
32998405
35045919
35093839
35045936
58950507
35045954
35046050
35046060
33060039
46477850
32998378
35046077
9527696
39375034
14442399
6487947
43341230
6448233
970554
51474724
11266291
8018266
2350733
57393443
34340272
21002164
24674456
45446636
977799
6805353
49037199
43331206
24812496
13566669
18093
4302157
19926
4194905
19933553
43390067
37678417
29162897
5671511
43355620
42788791
6446538
6447575
4063505
4448036
22317435
7483054
18574765
2683414
36732980
58004297
1470424
37701371
4933913
57813559
47860264
29202102
31480135
32182561
3649187
5482472
17365007
38199788
49717050
435544
41477668
54181978
58722423
58721583
41157583
38220608
58706970
54140642
24063078
33196876
6207679
41490562
54149652
28142
54607699
2306210
45655682
32945511
4423604
902229
58800461
43733503
46642517
32501050
49064936
46328461
11993841
3720577
54550764
7282792
52689407
177434
39065406
1563166
21596350
3459458
15172479
7186519
29631617
310400
56120104
37633253
8586
28937856
33358913
30721431
55754945
51456706
48217770
43519
20911
5501493
44256014
6416
24009876
2031690
7985592
1221087
52973918
52890895
32245830
52315675
7521931
52964974
898959
2206957
10109173
1168056
53644207
55619793
975069
961217
11124204
14754562
19065477
18653648
19063394
14748456
26434080
16730367
16954874
14861866
977778
19434737
14748610
19430104
19419918
19420562
28568686
18928599
4738373
1591653
35174753
2710659
54474403
51150873
616867
54352461
29560833
48868645
52793104
55550496
57342957
14861927
14873776
14706722
14753571
14707384
14758293
14858551
14706811
14858883
14858960
14873932
14861679
14861796
14861742
4337851
14754901
3170608
9866953
35504917
207845
975163
939170
935542
319150
336103
939246
939182
943383
943630
943639
943662
943678
217810
319545
958996
975166
959030
961260
960522
948341
960583
960596
960826
960925
961108
961138
796244
961157
961172
961184
727108
975168
961303
962043
962058
962075
962091
962118
962136
936462
906973
962152
964215
56906
963160
963195
963213
963403
963466
975169
963679
963711
962638
963970
963988
975170
964004
964023
964071
352631
964083
964116
975172
964134
964174
964704
964703
964729
964752
964760
936346
936378
964775
965675
965710
967488
967511
967532
939201
795403
217882
319153
968133
968141
968155
214077
968164
968172
968179
968762
968837
974980
969038
969081
974908
974939
974942
974952
142339
975183
948419
969070
953026
975003
975020
336128
975035
975051
74331
962148
456662
939244
82780
336123
319141
943374
965698
983493
948415
959018
177174
974931
319122
56568
90117
864424
964113
198476
238841
715308
943660
962130
27279647
21664
42246969
7506826
48609118
30549271
174781
44293494
1688526
206947
47745279
1123615
42499080
1074535
48043842
48047606
1685744
2272102
1157886
174762
53924336
50640811
39666
11004631
28281942
10409314
538083
44152035
51184879
51300521
387792
7378144
826574
7457285
40470250
24709
10228512
567527
2456106
28233
390597
5828178
6395779
558397
3826112
22915
6668150
899973
143023
39407612
6502961
37716291
212374
24659
27213579
192500
37643310
30745
1146115
3618030
3790398
211168
306909
49293854
7376
40969
207384
35945180
22685412
840191
952930
13529988
240963
47220363
48161090
48211692
48211837
48211966
48212124
48212518
48212611
48212992
48213340
48213422
26808
24630840
28927
2097530
42944845
42210873
57787275
13347172
10357796
30428055
30552217
32799
44401
1673865
23605363
1206720
24758264
6636322
52684892
3647646
49151754
1018300
11365603
38623877
52652888
39607256
333633
4120578
31433098
40855065
24551879
43997408
3652153
39304899
614874
3366912
37699639
9075104
615643
2642796
13860772
17444003
55749569
52729448
24753581
30626254
39596973
11113244
12765670
17325025
12296703
1018499
4142398
301728
2536581
5205150
3366880
29027628
25959537
37679288
13488005
3854878
55962195
49311742
1439145
3953598
969224
36267064
1478210
42543067
45286295
761089
20915312
3847721
1044040
38573031
36548291
25681155
30954277
31372308
3231202
3718083
28832678
47608547
14479423
3744298
11255487
3167963
831170
208721
9271528
50409892
22430584
12918089
22630517
21493507
1014111
967561
24656302
24885029
47903326
1968690
52648154
51494628
55796756
57862873
179716
23681457
54853569
983401
983406
983405
21441749
20402429
20402539
20418831
20369432
20422389
20422283
20422900
20423009
20422507
20422764
20776475
22124137
33865185
35026197
40244494
4266054
42754799
43950969
428580
44960312
37890657
47556172
47574543
47574623
49011575
50100055
50652487
50504678
50668061
51294019
51309880
51494830
50407993
51615424
51738547
51757457
8382494
52071479
21615712
52730265
14754383
52405478
880677
53890794
53999338
53908563
54220960
54368685
55184024
31013806
55475986
48943216
54222554
55919158
55737380
55885346
55805806
56035949
56080466
56057016
56082602
56273710
3737084
56091345
56241808
56286683
56395625
3737117
48946287
56469937
58661501
50577513
31931942
48827399
3737285
40225680
31549048
20867069
48965968
19065175
3810269
19065354
5916509
21416245
6693582
17219062
6694013
54514634
6694149
6694249
4674381
48697987
57691027
11112810
57700550
57733812
57713069
57719462
57785211
57813841
57845368
57850347
57856177
57857604
10478755
10478905
40461574
2262290
54514552
49212902
36448794
48980778
53293034
10529827
10529692
43143255
54934709
5590879
10397972
10398015
10407390
38505332
3727786
43065863
49210115
3727811
53513683
3727824
53544120
47349966
38309955
3727851
3727868
48687516
4381211
3727887
3842957
58661349
48008155
48009726
1861998
6849465
3727941
3876919
969161
36106398
18641439
57232907
39940749
983873
54424534
3727981
3727978
36244486
52351735
3728003
11250389
3690670
40022537
4890286
16867821
56875196
43362377
54427567
6003864
20634481
10682387
3735320
52598551
964170
55559516
54589355
54723496
55512892
55566068
37419951
57863496
14703618
57864188
57865258
57874207
57886751
33965933
57910724
57996178
57967304
52810651
58017210
58034672
58041927
58055733
3736745
58107182
58085116
58114516
54165940
54729451
3736787
4712536
977584
31155242
3736837
54731593
40011527
32451990
48570878
48618702
3736860
44572231
54600212
10347116
48702185
10347359
48732137
37136427
8893870
49053710
44122992
58018099
58122825
10373127
3736917
58128095
58130085
57135297
10373988
58151276
54602922
48666263
10383286
10375094
10383447
4484966
54898827
50414893
48033083
3292677
1534136
23711231
53611457
55310768
55473959
55396997
10413368
10413599
54955510
54962388
54819521
54833566
54981288
55033124
55425067
55052772
55290907
32420215
54736630
55480763
55519438
54748520
55577400
55557068
55410518
42739040
54884039
49200995
54866942
54861197
55652389
55598789
54607553
55684877
55711422
55748561
55779576
55802486
55824359
55849011
56092036
55971874
3728106
56017139
40031073
55888377
10397289
56224185
56253531
56173936
1384666
56498926
56624432
39417634
56650723
56679985
56741386
56787361
56868264
56894097
10414274
55397876
55152718
56966723
55202960
6721080
55164247
10414409
7090708
55193785
55217025
55232088
37136670
57006677
10414047
55127738
36632042
38019232
4074964
57063820
57041306
3192980
55396247
40093533
53250541
10421151
2557019
55103932
55461330
55343693
49222949
28809921
39379024
6850548
52957819
1361445
59022279
59039051
55256201
21409016
48014928
52797395
21799828
6309077
21877652
48781692
49519248
10438829
24738163
4229296
38412795
21805606
38792428
50567542
48010878
7189698
53264021
10467766
10497767
10498440
10498343
53248722
7078422
38195771
19437610
19428290
19428550
55138738
39522465
38889208
19427492
31262563
19426452
19426927
8073511
10489808
39941590
12235706
53094194
19430871
10622482
6535757
38589166
19439206
19439137
55887120
31724474
19429839
19421426
19444751
53282876
10631788
2277043
4741614
18563380
7148964
41974498
4086644
19421256
19420806
54796069
5671944
10498716
10498756
173786
9007003
10536327
10741406
10742185
10766062
10775053
56208957
56331770
56378067
56489812
49015166
58337152
58328003
58355930
3663712
45437874
45649946
48028183
37200986
48028324
39735473
14749290
48029512
44823605
48032655
188229
25101402
4477636
191717
17680786
610501
23812495
4976540
18542883
41229964
39996020
3168368
16789763
3615854
11633574
2797065
11825534
11528291
18322461
37143605
40217878
46750891
42123974
1998561
16384668
2663956
57896281
2380038
37690852
44062
2398806
2398827
12849090
39783203
3245436
43200644
37993466
40930055
3581598
23264565
59066446
39345285
6419652
21412429
22807590
11611395
46529676
28163565
21748249
13848024
28709944
24990727
4342777
53264559
6391491
33592032
12180168
28081500
3033255
45115565
33874434
40778139
15786557
3565015
23582536
8643264
15636660
25072239
101694
2751429
52690132
42257841
74349
27452843
14738147
13589190
40295424
32611702
24998489
26073649
2345826
30780531
22610541
1426846
24426861
2073889
2323857
53019946
17196000
14534910
20228454
20226874
50451288
40777276
40656380
17374678
30598499
30207954
969371
25835825
37984400
1893679
12185350
39911418
13396534
1949886
2641882
33563691
20279439
17186464
14741631
19725667
12493251
20060818
2582370
47523840
20916904
13573646
52905699
20918116
37994357
800375
10685883
15634340
26631069
48183875
13427087
1978057
11759637
34671941
9915132
7957737
6101096
3267667
4561015
3923500
7957640
55693394
58135785
2873780
1398342
365451
5140147
8137573
20837026
2242140
774475
1670323
1815101
15859865
160658
5311587
2771144
4637046
3188695
17704026
57066927
386300
1480287
4531973
160914
51331571
3345546
53448721
50915137
2189786
297951
15296118
44599283
9084759
682
17770902
42540957
7760965
51694121
7607710
4446715
54061
54400973
38540045
180244
46221028
789422
34521345
38275419
2102860
29799112
5593595
24134222
56877073
38128895
1344439
25113811
30501569
34292540
10731502
14276
9763557
11605730
29698121
16286633
47259004
45222491
5183077
56974263
18658495
625059
2409546
1332341
2773617
1358820
5754502
32922846
3894996
20955107
34599785
5970299
35017259
6389612
7543003
6637607
52070
8063910
34533741
474695
237122
16368172
866601
41597964
19108736
14907670
714064
23279377
42314615
2890648
9483080
21319805
3596899
56945355
618699
2933470
12387256
3708640
1733444
18299820
2376278
53506277
2260451
3541514
19209575
4997698
1132706
3028735
167258
57218244
25186893
33420108
1465808
45258329
38985936
9525865
1617143
53353
49457
2666088
23281847
45632027
45633073
45632842
45640647
45632993
20002787
39044131
12225857
25186829
43008693
428956
5204685
3352244
637119
17242931
26534649
34990850
37902408
297040
6203834
351287
350878
10932122
17242997
1409366
25365169
641092
17987963
7420112
528823
25647276
54223106
22448653
1836097
32422230
43030257
11938485
1785252
1717689
16005270
50720813
50720809
2892599
37975854
11920944
8040039
1984831
50225845
16334083
1292470
1568168
4336629
18865087
22033325
47655247
16792475
6694715
6045481
25818853
42938652
2336562
28078465
3106439
1268328
18113717
14086
14071771
36024448
16791038
18385682
11920149
15385253
13926709
3149758
27765898
716894
1276042
51211401
2946415
549013
23756550
17020497
6063293
1874511
2188464
47154895
57654069
665861
1158077
39003964
344374
18286469
14970956
9454416
963887
11014004
371867
29397408
549078
1769237
1725253
1252568
1221418
3003315
338539
1231014
1042760
1474986
49605661
11878272
448896
3365958
2458553
455561
3944653
7335808
41182523
13523158
1807438
457124
41192069
10704401
3910926
32027331
47133612
12578068
10402844
58338184
1891071
57520941
11924492
476135
58524221
13993114
12428192
18193211
5131484
18193221
11272413
32027473
17829160
15046349
962895
5047574
3968528
41401745
12069126
9306154
7684095
2105408
1921027
644377
39133597
13113465
11321080
316435
8144683
16329771
25269002
53010492
16649239
5008300
10326638
1528760
17829168
9909059
47131665
6521745
3075753
11924703
4380782
3808797
57958165
58507000
2459153
2459515
49634944
47878761
11918103
13907380
43007870
1007798
7760493
1228965
55503709
8176122
8950246
915240
6713850
5018394
7591548
38183956
29535340
29535341
28058154
18193369
4636083
2598224
1941598
3944357
37435109
29444568
40134176
6220496
28522948
42955337
2165697
11596836
19244952
7336979
4198055
8145229
7336317
5019040
39578154
11924277
1514798
2460018
7804710
22555268
4679150
1927866
532949
575052
2548323
50222364
486221
359510
57645574
1926528
1982647
55569264
6982517
21220910
14347342
25043591
37742526
31243807
11119784
21094845
12519513
3720778
54404793
54246058
7312427
56888742
32499102
1794140
50824537
48645116
50808066
8398157
2038354
34478193
22745248
58110599
29426813
32919595
5074143
51166891
50850849
54390712
2261514
3760105
50041946
1174750
27119466
32850338
26285041
56368524
21113442
46452216
35890391
22032388
47737070
47752210
55317762
11912671
20946390
566036
33670552
27869775
16890731
2858165
46461107
6580606
3674206
38643588
12170716
8728967
9287225
2857794
3196126
45085715
45112024
4749106
7061683
44888143
42215833
50660475
36546050
27164030
34070201
40676085
12906166
32022998
58743751
32875827
32022471
49031663
174521
32501175
1721247
323158
17052368
30983849
29962966
521286
3698136
45525749
2154737
49771258
45016517
20332189
2038513
850048
46186824
57429688
16785076
46186906
29332110
47280
6897045
37598550
6670771
32501935
51230272
56995
2255444
42888422
20663771
12793830
46186851
50255269
17054388
39676247
1721470
504290
32459648
36705916
55550204
31797584
34374913
36781333
55549266
34374944
34374942
55550487
55552111
55552494
36705871
55551968
55551803
56059296
9210858
23336770
2412348
57370057
6515165
56730401
14889045
17683377
46695809
49926317
3644442
277353
30653565
435373
27373279
49262381
31458679
11307733
40643612
14482892
2100546
18097506
13297678
4711911
24086463
38876218
32694375
10459231
1754082
27040615
10404058
3499721
48256496
22134021
22380805
7219973
55677975
50056684
434124
2060456
43523393
4538633
29689103
50289931
2116548
20579666
54663095
734008
11448478
14081681
55676651
58412448
18304729
18936663
42678235
39718150
26131703
21191918
33101236
43587245
2251133
23820212
24490401
3100266
20102437
57362071
40644799
22696661
4174507
5704842
10634966
20412994
40653034
40687017
12679809
40419750
39955885
39747205
19613828
43485213
108737
25244195
1250471
4494823
43876905
44024024
12040387
40146159
37717907
43805465
40695530
20413229
30223359
19529878
44369030
6602379
8679503
12094312
32966672
3494363
21551803
44478357
20413694
1913416
20350400
2153123
32315392
43714109
38998192
21191494
42389959
20383522
39955928
4183720
10518974
44982879
39980554
20108845
3620621
31979478
39501935
31982458
15954895
47068294
40601311
6983871
39464077
51377677
15478380
43344998
55944353
11113842
44272172
39883282
47993342
39737873
15394430
41612150
43295226
3751011
43113293
43989771
31997367
21182855
40817468
15496556
3755982
95603
2180660
20999897
39727847
39956121
2478248
43240358
41111580
39617549
22444277
46177723
8550276
22988678
2277799
22838607
30272478
32007438
246770
15502643
294488
43398993
5870581
43406625
21759069
41694036
21034631
47858953
16101888
3654052
7568917
39952411
4479676
33463060
2612589
46337214
22343820
43880002
42688037
24070277
39694197
57391330
7256939
20783769
20384183
38663866
9009066
24990776
43286634
22639609
44270379
4700428
6232920
22206052
45273536
31520532
31448140
18028029
40699000
19202414
24301321
39549468
40789445
18342670
5525884
10091969
20356348
15510664
25118005
14279783
12493267
15504195
32079967
40721302
9732324
3497053
10995173
10895373
21191463
10268337
20616903
40687381
13867636
42643347
46190339
13870778
744295
43482
52302
2344450
52871656
39938362
39417770
152271
40773605
3911578
2345838
12645652
3903010
40099084
28528176
53231819
44962038
43345060
41677376
16235911
43590220
15503845
39555619
43240558
5112100
42932926
31758635
13409061
42697307
631391
40278174
39434910
4523985
54615319
31510137
30384244
517437
43792965
19862793
16947111
26506943
17896789
4392198
31520412
57830278
28199927
39887230
43880211
6306678
13379571
40704796
40774104
40118535
20378013
38171279
41622285
21781970
18570268
40185828
8893733
42090258
43707548
22414130
20157809
56307933
52694913
42655225
8140621
39737713
46191767
40214337
801425
17929057
39440105
43845899
35945964
110123
56997964
21101598
4202496
40749060
320118
13809144
40686594
20135920
135551
40205693
16279861
2544111
12553844
55463391
46718880
23484924
40005552
2137458
128145
17026295
34560788
71989
25716824
10279547
45087306
30276560
448611
39848297
4119393
20356974
33459801
49035084
39685519
24612624
17616741
42919686
51804031
21036819
22790329
21031631
20356145
42155871
50534780
6611805
1286008
16275739
6557818
36404106
44791207
24606070
35054909
27637663
33868241
31868616
30339188
9407399
46707936
16808149
9993347
30878866
20167569
51373839
7968946
3842580
816386
37324039
31458183
27974013
50015044
43448816
144276
2413266
38362253
38362275
38362266
38369568
38362265
38370545
17046627
38369823
38369881
38369079
38369844
17047546
51341548
38370803
38369848
38369851
38369836
38369840
38369838
38369857
38369585
20834752
57748209
20940543
3438735
38369576
17255346
18306200
17255575
5403602
28344781
14848165
39387056
24660413
18271795
52808731
20792516
38499446
38369563
1599514
9477849
38369892
38369876
39574950
5205305
20833036
14412645
22902171
1114821
23907287
55901626
58634465
56245525
53930511
57940802
57980869
54648311
57981172
58723658
55781387
53649736
45225917
55495568
56900159
55000552
50664621
59017752
56363548
35212968
57266081
53952821
48612371
57020187
57173842
57801298
57032000
52942632
33593023
53829942
56446828
58564468
55636341
49097965
51984424
2088910
12027149
56978242
27867584
57011035
57040831
22917449
52226363
57454662
55838230
58460245
52779617
51438738
54481720
56036169
55226090
54577087
23176601
53810405
24031622
53667667
57743206
56533520
51830489
8236062
51401280
53375358
56759477
53139915
58097744
53993457
56224965
54343921
53606987
57035632
52487483
57946142
9869242
58110835
42966578
54581021
53442482
55588091
55588167
33816799
55635537
26868761
24236859
54909497
54351714
55988965
26500950
51544299
55303476
54149374
58470578
56124322
25807968
54371939
32537722
31797497
53849376
57736917
37893609
19581502
56217247
56769257
51156277
52178983
21630390
57945315
33407471
53274116
57374027
16584849
1821210
59072718
59072421
59072550
59072631
54377393
57698645
58425242
22467510
15056775
51410477
8688887
1157839
53334697
21957291
3049985
58902924
17110765
50519662
58539210
44174039
39830662
43238710
33272819
51411342
55407283
28127781
16601277
4323809
1703649
25055260
1968771
2514785
30458251
16028907
47153710
1318227
1037693
241261
35964751
5770104
4752195
2000026
1002984
7455679
25055100
16603439
5867
13562519
406269
55635
631338
4235290
16969826
54147127
22621
27007422
4019476
623884
28989907
2393552
55271247
54656014
16610797
48139
3650364
29351280
11322119
8666291
38722583
9951741
58842701
28141963
32591561
375238
11582990
46932795
28122146
24572066
37066712
17428368
1779205
50874
1549737
38637843
57624211
54380831
489570
23398599
416651
2529211
15835067
39648225
1722939
19893886
17899603
8939340
37505113
5246883
632477
1714223
563074
4400221
65283
2193078
4400217
2178
3653509
34963224
45574101
427137
46926
4400223
223249
5976340
286458
4425844
3600202
1353164
38466704
6129337
21444063
23139208
17514425
4935288
665006
4400220
46760
31000776
45656228
65282
28538786
4400218
2221848
50037996
7623950
29029581
788772
28634339
5489004
855930
981502
853682
50548480
19649312
23731985
11293804
1249230
19667669
19389113
24816163
57650067
6958875
19620256
27693715
145703
19630671
8754752
23732095
19654281
13234961
29508940
943937
6793862
19620261
6101870
69365
2112786
19630660
29833
2113608
20611107
26691464
1814105
28182781
29505301
826017
43947559
44648255
12488953
4947150
10780132
176552
1137223
28164163
13102635
10323016
46749346
1137385
7732087
4778862
2993140
25523107
16749537
1193240
1893807
21342
4913064
1331442
11261089
23416511
19532944
45401219
325218
51051179
53238112
53537961
2832520
30486666
30615444
30487589
30613979
4887565
34057914
31148835
30614575
15755009
30485492
30612947
30611708
44741973
41544843
10890716
37121660
30486899
2206607
1748558
37066925
38620428
30485634
614945
43731817
12234854
30487895
17971449
58937746
31162141
30614193
37296552
39928904
21753601
30612652
31969
349284
26601436
37121385
30485297
482839
22620162
10088279
49589175
49454859
14966918
5374183
185888
68253
19135195
3082314
58535923
22932657
843347
2721878
58420452
49541051
28194661
50892943
17291461
10925089
33728
41971558
21224339
1758281
27830442
10925524
55227387
215623
393896
3174020
13383089
58432610
17386356
58549268
214529
53912290
78255
78449
28538097
20009077
20965065
20965250
1321361
3001081
13342028
1569872
10996387
28238122
7898132
7892523
55880147
1271063
27970905
12976556
47555277
2705217
49750381
7320880
18940307
3001105
50963
2525954
38954284
1263455
20846650
13230505
35300723
58502940
52592032
36299046
49383942
19402258
44137099
2701625
523670
58787208
36686681
38235873
464377
3101583
58569068
1875327
22314434
2721921
5127913
850219
32404863
5463616
17808010
13186780
20962826
17808102
53001602
17807894
17756493
10923862
49470944
17907684
1425379
13212005
39507580
1701329
1569780
36333415
33206714
42834599
58503347
52730540
34795818
13754760
7252916
20754972
42637669
22612651
3071786
58568648
47571281
51033153
42875217
585883
18713424
29743891
22688285
7244703
18238359
38032581
57754986
2729714
26694596
31935125
16533276
18011612
27533721
58231276
16278340
16278349
16278355
16285909
16278360
16278364
16283300
19560466
16278375
16278402
16283375
16278408
16278412
16278414
16283394
16611532
16278424
16278429
16283427
16278436
16278439
16278444
16278450
16278455
16278463
16278470
21890955
16278476
7131825
16278479
16278488
16278493
16278495
16278499
16278500
16278505
16278513
16279126
16278518
16278522
16283538
16276970
16278527
16278531
16278537
16278540
7281992
16278542
16285598
16278553
16278557
18118302
16278564
16278567
16278571
16278573
16278576
16278583
16285628
16278602
16278608
16278614
16278618
16278626
16278630
16278639
16278645
23608206
16278648
16278651
16278657
16278662
458943
6956607
16278668
16278673
16279077
16278680
16278694
16278696
16278701
16278707
16278709
16278713
16278720
16278724
16278728
16278770
16278773
16278778
16278784
16278787
16278790
16278803
16278797
16278805
16278812
16278819
1414529
16278822
16278825
16278829
16891417
6969872
16278839
1334249
16278842
16278848
484853
16285626
16278852
16278856
16278860
16278591
16278864
16278867
16278870
16278877
16278889
16278894
16278902
16278916
16278924
16278929
16278938
16278946
16278955
16278961
16278967
16278976
16278984
16278993
16279006
16279010
16279016
16279024
6714424
16279027
8815598
16279030
16279038
16279043
16279048
16279054
19013026
16279058
16279064
57084376
16279070
16279085
16279087
16279093
16279102
16279104
16279114
16279123
16279137
16279146
16279155
16279156
16279168
16279161
16279172
2198117
16279176
16279183
16279184
16279193
16279197
16279200
16279206
16279210
5885898
29075658
16279214
16279219
16279226
16279239
16285582
16285584
16285587
16285591
16285593
16285599
16285608
16285610
16285612
16285614
16285617
6985162
16285619
45437193
16285631
16285634
16285637
17688945
16285640
16285644
16285648
16285652
16285655
16285656
16285658
16285661
16285665
16285740
19014373
16285667
23754656
16285669
16285671
16285673
16285675
1564228
16285678
16285680
16285683
16285685
16285687
16285690
17689810
16285694
38912112
16285696
16285698
16285712
16285717
16285719
16285723
211600
16285727
16285728
16285730
16285622
16285744
16285746
16285748
51448592
16285750
16285762
16285767
16285773
6985576
16285779
16285783
16285795
16285798
16285802
16285807
16285808
16285812
16285814
8815531
16285820
16285821
16271198
18482492
16285810
16285828
16285830
16285837
16285880
16285883
16285888
25154335
16285889
8815493
16285899
16285902
16285905
139176
170768
52593
20663625
1216
14733415
33736484
3354
6883
44828804
472315
11018891
34537331
1242250
920729
11898195
3761564
27369952
35109777
113522
40010153
13467
29364410
23213149
27755358
269024
3139694
43476549
51726698
48293787
19261
3761566
8983837
39678903
3229284
1357814
75773
58014181
131855
2596525
27377778
2273535
27318
15997531
30544042
32408
33348257
33170
3919306
159433
601694
37711804
3398337
18984987
622156
1413089
160353
1996872
3978097
452104
940236
441352
525000
297503
18524
418385
151980
143913
93941
50540459
160360
30890699
16225631
30305
8533445
46523185
1075896
21208200
50813177
5375
12975218
2367169
5240232
997380
32509630
44291755
31554613
24515769
41911591
20250365
15121043
1381136
376521
5938609
27273473
222771
223179
223168
826484
15422
727334
877982
6855629
38307368
31398151
246052
166136
32874246
57839871
175718
14035023
7277879
52042163
43932382
51472006
8291740
40172429
4072640
1067549
1324808
370377
55052450
9664
25259363
3087889
7468295
538986
31978903
2374842
10728305
44498889
30778
18608596
54307179
29182475
2380581
8607273
21619180
86593
162802
5203692
381932
163854
3726576
27509738
47858944
385260
13828407
20756344
8945288
22715567
6399330
178632
29981691
4339094
4040150
17860020
184799
36842515
18933277
3460
3466
18962637
7067
22652038
15323785
15329936
5042481
5593
256586
8060
647483
31817995
49557688
9316
17238607
10707
14974627
10737
38765266
12118
13373
10938213
23363583
187015
14531
11816563
382755
14579
14560
42953
16707882
16980274
427187
14727
15573
15693
168432
641373
16674
162773
432494
19117
19137
19147
1195631
11448
878365
21302
21228
17550340
21265
21402
23372
22943
23440
23450
33978269
36642512
494979
301940
45614993
611482
24481846
27238
20026306
26994
3439212
265083
10290485
398585
1414995
7140321
606298
25734
30158
16646461
2828209
30227
31717
3761365
4201480
32443
69894
39572257
40335212
7044672
737
600
10918072
1000530
26964606
746
3457
2421391
3462
3464
3470
21490998
5478
5488
5321
27451
187749
13275
16642
17391
170131
17752
17781
17810
17515
23564616
19088
19127
19260
19271
171166
21373
23420
25645
27248
29265
26830
318381
32350676
26748
30108
376581
198149
31816
31853
34415
34399
2023819
13071768
19513400
1390989
4907650
33339058
2647177
5876865
14974987
50662960
7864048
55605561
55605578
55605572
55605601
25835747
25904883
6321076
1501828
12497843
4734157
36754865
3844576
40635974
1670791
13731897
5084736
1568001
27327668
4246990
28243166
19686537
32726246
38786381
1207792
19457369
48004121
3599114
1160693
1440074
7518163
14681248
7723568
2248191
39367546
14526318
2077951
18390156
23450639
376587
35555270
32707439
2530767
2505019
7164238
50506241
32071578
3176088
3176025
30207274
16924948
14941370
952962
46767198
46974513
6729047
1271526
29481936
22510293
49936435
554287
1188790
41958969
54324102
6563241
870235
297309
10625166
1239560
39882252
1911740
5980963
15546705
2192526
11392391
31359533
11758150
218339
1320430
5468790
43979271
20913863
34132860
34132879
34132908
27270060
59072828
59073036
59073135
50391356
3407120
5597563
1351860
490343
38562789
13662144
11795719
4318649
8459626
8459430
2962881
390642
5072434
7261795
1484061
5310222
1457263
823361
47836792
44700409
3635873
7268612
2080670
887046
2132880
10107863
2377588
856542
56115592
1297930
2191302
931454
1607291
405276
4417096
7401408
2533796
52889867
1092877
1594612
361000
998995
49913209
6122555
855253
3719416
7733202
1046206
8970
34462947
24466231
6770059
27816298
769201
18299148
53395881
50291242
6315
44311039
1942366
29631091
11251601
51847293
52947494
2758284
2913315
53903009
47466
47460
1116960
47725427
53163128
10502400
47454
5464288
1667261
7800134
47463
140615
41822
215051
3966381
5089687
46619228
13849650
26712898
6969330
3120985
13830040
267422
26281722
31576358
12844497
37765572
397292
595147
18960525
562598
26812102
46906913
19727009
254389
195748
34017505
44085
37194531
1649129
127368
520676
2727074
25836768
15630
42181409
13828980
300068
8145410
33915603
924226
11508
17616152
187933
189733
973115
13267735
3947062
19325288
55472804
39754207
29041048
57257423
271121
41521903
24317198
15398749
6489678
1114533
47348785
1599366
52750108
15036150
1591873
3607546
100296
48603932
1340684
22964702
15712540
35133726
16543735
1982212
54651829
36392276
14944697
38622197
40387505
13566934
52157002
50598395
170465
25958126
4815155
13835841
24054765
37462359
19914843
1211558
38978585
36945432
761110
28752115
26324476
1898784
54639617
26278007
56827527
1128411
34757305
30454934
26125452
23017057
1197928
870686
32219976
49655931
412593
3152839
1790
787928
6450719
25459362
6205660
20755530
39621660
404759
26766302
1409766
1697072
9070153
448161
17797376
28712628
28734113
1596937
37256255
35707783
417610
797272
20632694
33405609
46933351
48359943
19509955
11593
103123
7266679
1150710
5546586
54438256
49233671
57484903
12238644
514937
38773637
58951943
62692
26127259
5816
38528812
174609
6056
1044338
55397
58068113
1048332
45930
554386
377738
19322
1182980
27721731
37297196
520449
14351990
23234
23743
26302177
37882012
598434
23645
47413407
58134
52999526
32128
17918991
27113087
6300090
49643495
14663866
3236161
37749393
56413517
16930987
12951705
31497981
159046
29866582
2554979
7096967
20392947
43284233
48653964
1251508
45375579
47375881
17509637
23466802
44884722
31180472
31437791
13021878
17436712
8832825
57687468
15152510
5768939
31655501
679587
41980677
22126
261273
73162
53767281
26878272
56762621
38757924
28379140
38537660
28443079
38544034
1104116
13472059
45412789
1258580
8892305
13336554
19658495
24910342
37135322
41529235
42674255
45540288
47745622
55971850
57579085
38528850
38562377
1886716
37523967
35645766
30669
48341518
38534864
21626
854413
22747088
20662226
266344
18842359
18842323
32630150
18951556
698
1018637
29055353
18706556
30449643
376476
13227880
10431114
35895879
32182414
14580
330456
32225797
22987805
33245442
37797383
37657398
18699786
34071703
9284004
32711189
23070
47376875
31901278
1098542
31536482
20611428
24384911
17725294
20611262
1777190
27270341
568972
23204695
30969474
41210
1250001
178282
40239
1244926
2932854
654975
20425900
47568
27319586
6696241
616351
7520339
29068576
979306
355155
6771843
909019
6697012
4662630
1464555
42282764
49658
5250141
3983697
3428791
37890717
191061
36408563
191064
2629274
9770
438948
20292847
3964619
1195115
21756816
24906899
2719041
300659
1760214
13733590
1096809
949357
883842
343225
33888742
4968799
53865960
18306410
190919
190933
4400374
87945
526237
449531
39788995
7743380
1004014
20653168
3406503
15503387
3306963
7183730
164548
7371134
27195188
26446535
5279341
40174279
43317198
32789082
25383607
25383507
13809854
47527
31251910
11991929
9871209
16112368
29155096
13878463
64919
33443721
12305127
43514962
11034502
29013335
39562
18963910
1404353
27290438
510905
2931691
78534
898161
54962
11650157
794561
28637561
51143
12451
7940460
29382860
1786604
1276100
21062386
78204
4319474
41960512
3178175
21599341
23219171
31775293
10185698
6549164
29056004
44044
1365774
43613282
54512571
23084
328274
23263
48201744
14500263
24458151
10285944
52794196
39799214
938894
182779
286454
22679533
5573115
59413
12516292
43936526
152630
4472911
7934659
238112
39474341
20609863
72585
4886627
25383635
55949736
1417149
10658132
28974704
145717
9853191
16381737
6944639
3745506
16082692
17022531
673768
1431559
145700
1748525
31557892
255217
16842841
11360081
3646203
2939202
1858976
5863006
343528
39541633
3066768
145716
45241275
22972392
54191143
26275470
56039253
58875948
1079866
11107751
7732600
375826
981252
146249
38084580
3278857
1041084
20865567
377931
7400741
1589335
4880653
53759541
5555728
8307722
44304800
463249
30586144
52516401
52163976
199252
203089
73448
3571585
8993488
43455681
33554027
3345336
22693316
48593539
31302
203109
203082
9394749
203111
203113
203085
203115
35300839
30684
43456354
102024
803597
13305402
1777495
4937086
35306935
24860432
50406244
35305141
188480
19731
26692723
1124901
9058630
29071145
8163829
142735
13881943
910763
28504701
1379097
4802
47384181
14450419
14812859
50738337
42963136
42963378
32154505
113721
49544527
51886508
2175118
42251979
1678438
113724
45383
196971
507872
19067707
3447716
54991096
54991094
14669196
216232
191827
413885
31599569
57752567
5568223
206272
2334488
9322003
171118
14714328
198842
47588024
31600854
35779499
8707733
343001
42668554
26728680
21357153
2395906
26949917
17964814
69147
11290032
39907043
605721
2395338
5133982
1786938
21735863
3758628
54048
2584198
57175794
29001609
4114511
12183142
180210
201208
579976
201212
1914921
12229840
26925427
201211
797966
45393
45394
201214
180223
10496506
13901336
26589628
444794
52165051
5858550
1867633
36912506
1977259
8346071
4841845
647886
22460712
10926568
1074931
3885807
7921791
44676317
610881
32523742
36668656
11493
2463611
58007354
8259962
13912
20897676
3231688
820572
14455361
2268226
2323901
410526
410504
574126
38775821
5375614
842214
7657498
45008
6910096
907147
47735118
2548926
1363992
2997965
23128919
656218
632312
413204
39651706
47844063
68993
42644772
182259
4395920
52760151
40076615
32100
840503
2291091
2523683
27899790
2247446
5634358
58543408
1024848
3280844
927136
1497225
23541604
30147609
1162852
33167692
6393908
2561878
21070096
3096313
9531195
14885211
3509988
473060
26510692
8364318
1442771
8339779
401268
3513800
2322506
845681
40016822
3514812
146155
18618306
215316
24630747
185865
6493638
3065620
34964706
23334870
22263018
1991032
163697
2861374
8999799
593661
175570
1699572
4080584
26900438
1165656
76029
37215
33934703
1963842
11979405
277265
7760450
188377
271749
22563646
32921425
2184265
22190523
2021483
596308
5217402
847010
3877827
23689454
5911621
943625
1297816
5580744
193850
11652196
8222220
314006
33620857
23358506
31668416
29590820
1391688
956371
1569785
1304985
3780690
47154962
1641211
445163
75214
42485691
790417
13180731
1478662
26275076
2681396
599223
13185705
577091
327850
32004769
31276955
44925964
11502565
233625
1034471
804754
46930
977922
24008018
1514300
1955828
71935
632941
16035002
1610558
84662
12302
834099
3725861
65242
25469749
1161291
5000176
3275537
970507
1989044
4680513
1299831
23880983
2462100
1268700
772838
12553
3013789
1263729
2209918
1899632
564239
29434548
10102552
1880317
1672978
967282
584493
46927
3531606
29648888
7018828
43208774
7754530
46185063
1586280
41209632
3220719
30877
1300041
572247
879449
7391183
17101322
305582
28070071
21209735
3616798
42201927
2810158
7610710
20521876
19281967
254652
24921301
16705865
23987579
32455629
28878409
577292
15328286
46461425
15473885
3188760
37001803
7770472
29762805
29162986
34731737
23422043
8291909
264420
43956426
14650601
49863
234908
2134443
43947540
9317387
143952
13488517
759081
118571
1467483
52458911
1475316
7546
25603359
563098
1977113
11605370
15959119
1323672
6648790
397310
1503112
1830513
423872
3648549
34830678
3367900
26722212
43362910
22360555
52060395
1354597
52579959
1259273
36276201
310809
935425
11450035
8548160
2413831
519770
34522646
764492
9906051
803898
1827852
3336379
28867506
1521901
64246
4298965
26161723
2070783
18246427
39408602
346105
1451336
1830321
11536333
51096708
60132
32754395
298100
14270819
1443018
270001
38458432
258868
16323130
1913160
265230
38970192
3442514
18342325
55693279
1256314
5216792
5756033
3733746
13530902
1030123
22387028
1256290
10016545
2601777
248968
9166788
20984563
2296366
1256234
1256265
1256224
461178
2315638
4174161
3445814
10795827
2275405
1256330
1256346
1256324
2905411
6909494
17949729
4064091
3441425
1256275
2295879
7338225
50453898
31632993
56647135
77944
18245
32324220
17558284
35791019
56634239
22366161
6986732
3551123
37214
3630027
7118423
165026
45903
45111069
4041315
34270236
5639001
10837416
1234612
5398660
390713
11269656
1048284
778916
34070111
9948619
6851
251864
3041090
160103
251868
605344
19590990
1704758
48064
2103830
471029
29285521
3036194
1250966
169164
38250707
41567914
4634420
13812735
990322
580496
83931
50845375
41133083
5725
51383106
2065813
46754025
294237
9080
43529671
3922821
5163729
40255178
4848630
31143685
54516472
5385698
6835893
50709
56421883
52390073
31077024
3711459
54914328
27999108
25139465
26615633
18224
444351
192303
27306717
20986
77553
48555885
253430
46680201
47474153
916222
52141528
513034
40471462
35181726
8217499
13302082
45255604
1036221
1108518
19121315
5138013
2137002
895292
2163851
301618
7363727
11717690
1313025
54465045
357479
3844312
31718
13862336
40855562
5361861
44526218
7256150
163766
2163496
6881982
306850
41316536
1151595
13830572
13078
31497818
4617517
1899029
16928831
20768429
20020658
43147105
39206015
2841648
4172982
286882
44936720
4398216
21911
1806782
1678105
1007621
12768268
34648174
7247062
1607411
19079549
2059427
3824307
366863
1921562
44379481
55312
48947550
45389374
56776317
865497
56651537
4662360
2937006
3247230
65748
2940647
7682670
6918230
5855592
4707287
34884898
13302121
6107819
6554912
19372283
4328235
7191134
8691567
1994816
5760138
24949327
24365421
3304071
787763
1581338
7132082
673372
28361136
1075647
40716589
2185505
31099695
17215869
3641953
799038
19047081
7952262
664240
665347
46680050
1799283
6535775
2957754
6552362
7616131
22650165
664025
12247128
8801974
1539379
23644157
381340
1338919
3552138
7575278
29453011
10094281
11199110
7009224
7136947
7405358
912225
11462035
24312784
8914451
7131787
7094020
22324229
11259149
21609052
5837519
19342760
632103
38829854
46759085
46759837
251611
37112306
3900976
6794
592213
12639
17627929
11958091
1273371
8681060
33215642
7888663
51513332
7597459
162241
31098262
37307348
854
6645651
250762
3176093
1752957
1060851
47858
616245
617117
1046545
23487090
6390907
1148920
58481
53133850
4900276
33215643
507628
48872394
5501300
600848
2729134
277919
46501879
20457903
50250
636251
1755052
930052
55063
5311771
2008859
75451
230956
2388372
872026
36473519
36480147
5326076
4215226
35367131
76488
68743
7848092
38260
575865
9905883
5388940
39715
1028666
1364993
251301
2315928
6175703
11253654
5817727
1379246
891132
3031111
3771969
22904581
325752
184235
37757029
62142
867447
629237
60361
51901898
238040
426875
55064
143100
214929
2259138
3088398
346016
307935
1015338
583806
3923079
30873543
317992
21486360
474125
80777
18495340
3282159
22216173
1313846
18671
18138
3793609
4763849
750002
51402
234082
57274034
26624902
19078
45678306
1754714
47595
349428
31248986
30863688
2162530
19933561
33543971
5301493
20189
71454
46007
381121
2928969
191429
178715
19407815
1825524
404331
42876215
51625210
21724
720778
21492837
503250
172232
43619613
147471
427682
54340583
1114732
60759
501400
1686174
1342579
3903005
371248
37551904
1121972
314732
437792
437805
417624
173135
27885
37071478
435859
676383
7852748
73588
7351766
28399
3379361
190874
1342676
149274
2575443
718749
27067
385081
5622581
21050998
190883
144608
522051
39513173
433323
229283
36184743
28138776
842315
31516
28138785
4055142
43617067
1897180
2111325
33686172
30853
39882512
85722
2476625
28138790
234081
29888921
1598642
2962865
22620616
15168792
405978
43835636
50612141
338147
33658
5574915
29100656
12786691
25862547
1572414
41365283
27327998
10090866
51989814
54410100
343412
2466
21371767
159577
2136653
346967
56494
430948
3295
1505107
189203
285868
277568
176833
1472026
22526145
378109
264105
56636
209476
8500
2355626
2168227
2766819
263530
65811
11525
1006797
38577
11434725
1453902
59684
37534
215076
17123
171627
1183662
47905
7528264
56691
1269796
85232
168935
988423
555921
1630504
1221559
17306237
966904
65430
27502429
42040875
34723417
3894611
284223
343524
24583893
25936
80269
24320051
3715871
51491
7475352
504969
47664242
2259153
31453
1739486
30269
31360
37472
316067
19450529
63861
7375786
43412
82138
57404
481174
24768862
2160605
51318815
1616198
43569
494684
58413658
1139561
56443305
4554576
49726436
652429
7253055
26299087
30185121
39170983
55284536
54247120
255627
2018347
104854
105167
313386
60867
40444
53446
108244
60866
53825
13441445
54679322
54679333
54679326
54679330
247779
7246220
110198
109888
84493
110446
54679226
54679319
54679313
54679315
111830
111168
112311
113933
54679288
54679310
54679295
54679301
115474
53842
115756
150473
44591
8687
109863
122205
122964
203838
84658
28071643
28079020
259757
645042
127846
127839
129782
129683
130338
82388
50585
73352
61024
135335
135256
135348
1597904
135552
137475
107018
151290
91234
27364014
3506168
2844463
27343069
21607084
19596649
3101317
19494740
27447586
6968643
58481040
306522
36083958
413180
27375776
27265662
27460032
49842024
55873344
1523439
27622274
25048515
37305226
20000040
22385303
48361420
57330066
22312411
23837325
57336559
7139292
22327008
23870503
1300180
45322185
23110174
50615080
1819766
57483764
23439079
12781461
875900
51812918
2749087
47481
2621884
3935892
1763934
41482967
7747262
33327002
5623
851853
58065346
400223
39326898
3755359
873178
274374
35483395
318980
78471
25692557
50482
1818327
4626934
13034
33985113
5986081
29770195
13475
49659641
67060
2624383
496459
1830000
472464
81818
18842431
52025044
17446447
39920713
40530325
5837231
17477283
723412
25693233
10325214
39216969
3996332
18842299
3723097
631654
3292675
313371
313373
18842395
166931
20646704
385319
316612
58646
18842308
11032761
86359
19824126
547564
916571
32416
1337327
56269979
513692
15105978
19728384
174851
1083301
29146561
374719
1239375
29769352
51661055
32038148
1000167
24936706
53237195
349156
27804151
224545
72687
18740604
643020
43345489
2803139
3018110
395186
7890
5196218
47040348
245138
3480085
53472224
19027847
37355456
30175069
264937
3078795
2830028
45515935
247768
893889
180868
34924249
320323
1202852
9710517
656262
41282329
1053444
48065
583786
4546155
37126037
45343728
44069097
45252083
3454310
45251973
45252057
40439983
21722275
6022151
30760258
972800
55356987
30811082
911
47486
28761096
301647
4628290
7396149
4654699
28235530
964868
1364340
55237199
181897
8246865
34215399
5236
554861
2636594
87410
9189674
47025554
1441014
8201331
103615
24442062
34227079
34988062
43510028
18859466
47291523
3112575
14587
422737
240849
55381816
514196
1821971
36828359
437516
78496
1618377
4607613
145694
23260
3890282
19483258
3503453
27418660
438766
31843873
25344771
240844
298454
8173057
5347418
265062
28057388
1261318
8971972
295148
47777152
297180
273997
34235587
5021022
36758609
1761649
307200
42486470
7067202
270899
49164791
46977905
1102339
342729
25454905
28232107
25715309
2716506
58875546
43724915
29469095
23492133
11811662
1519419
58946937
239021
57196534
337871
78478
5778
36968946
234429
10545895
1021765
342237
919570
9797507
34953714
1221268
730189
51535257
38103101
38103099
38103098
47234583
11103881
47956556
29366405
1971525
439282
15201693
15201737
36187036
26401152
9888521
16334304
659683
25340494
36922522
23003598
33970118
3964400
51053056
4498492
342738
2029587
2235130
386596
10182473
47309824
1216977
49958243
51984880
47613743
51895292
4522645
186447
34838180
30346470
55679731
47246847
18057926
2014227
714908
10545968
2438495
46595059
58690039
181899
366294
3313461
47270456
1902712
4743248
286837
44091252
1923411
42963616
246018
914159
7597595
20248000
37273924
1637752
22016602
23743689
633843
396960
25170960
162621
24786370
1201254
8330094
12312178
11506679
24169775
40373112
191162
70117
186421
1895540
3123668
11468545
18608688
4739046
47227390
6087384
43024
5016159
11896959
22638269
11876727
169208
3335767
30830079
25930189
46439387
23994524
22205
497756
12310667
25919
2622142
4372011
18633625
5737907
3594512
4500678
21789178
5884401
415088
37154099
12943545
25792968
54677709
37400459
300026
234216
27484867
28997060
23573013
37578030
393632
8587280
30859262
4545941
58209558
55122328
53019257
1102649
317717
1513689
10063238
2717897
1895733
377815
56146365
36997789
1494235
26700324
34158482
45197674
54387796
15345520
945670
47523070
374163
1140654
44298
53994391
1984367
49266988
12463
5684166
13858146
3037677
15345799
25927204
319186
15341085
30266304
882162
41443735
34001704
441572
44299
3123653
34238304
49293597
4232853
928368
4667053
7696262
48047392
9889621
4512595
41282748
26899210
10860459
31213939
58791600
42593212
4387889
18953252
53984280
36695569
36280068
4240766
55361532
23014087
55197441
55260911
2343789
23741076
28777578
1097663
43889319
39177851
50158020
1213900
1500891
28182096
348952
2642085
27993482
8445107
3316258
4577442
28219778
44816977
2423272
23377831
4972222
4932023
55261566
24287725
23965864
979263
29549593
8977877
2573858
39775009
9623871
38153484
1637734
18007288
39681129
29575925
47346215
671766
12804042
10109159
8807745
2332019
12655640
44027969
33743714
4285950
24437562
52571511
44420155
32632717
1552807
48795955
2694857
1654198
33619509
422379
29569744
30189417
36655548
8334022
32991317
57824813
12756427
51493005
27968539
10898180
6829911
6136750
32631572
32676090
29399791
1577293
1205746
3895518
29516506
2761990
40654203
29722313
37876535
23985005
23362920
28894
1703771
5920673
46962192
29650066
741975
47667337
46416609
55262083
3613601
23990523
23640222
7003009
44323469
32649691
29406701
23815836
11216580
1509477
3992903
35832465
31444887
6336181
2408650
39790920
25277031
4110542
29047901
56699622
3081691
57971961
840268
29856860
16746212
23013773
4477256
1948461
36148398
56675418
56647191
58822256
20531968
38655556
186193
11445372
393061
30955828
17367147
157835
4328616
23208450
37754
30091523
54582327
45186727
1828393
736240
54885643
4885650
26655770
28804270
26949906
54582006
54583093
54582189
54581859
44510416
4971006
48476957
33422749
48559255
28526183
1619576
38532417
19338
208334
36908659
1994260
58294270
635711
54142920
18984769
23932495
654278
1523815
48967979
50925932
53530644
14630026
6194438
653283
48860835
30101128
6464030
8984580
55940604
26551650
374673
30257865
3573979
751489
38782631
32353655
32357613
9848055
50734381
35589910
469609
6985160
1486300
216346
1815541
33904947
28924376
23923686
157774
9855208
5843783
54399746
16398712
41288061
23233239
29694832
40094589
2436999
1520036
25080042
19124614
23275062
23345729
27564258
14351963
51797228
59012143
578109
14961246
23321008
428121
16673403
2370900
25406936
181905
51885268
3308878
88320
1408983
48610479
23264
538005
56551614
53663058
11678916
712625
2108303
4232812
1928140
495980
496021
19975098
497007
5322650
7801616
55932822
7592
10964778
5813824
56128143
51369226
24034549
2636160
21941655
27736342
25854501
32104948
1081235
3928193
4232899
8728186
663355
52372418
956656
18694662
19525830
2977222
1404433
277375
16902091
1687084
9211735
865944
200723
3001820
5701605
319168
162404
19458931
28625
263970
1258615
27580840
956625
20359630
12095690
1572073
32571
38574871
28088967
22013347
57756700
54189093
147625
36820938
44774986
23216903
46590527
57550574
29030581
5808541
488761
53099449
37998218
22794433
55088407
55674193
55667353
936538
253840
2712020
4952354
13231847
40170554
43876264
2882751
55187234
40127520
52663748
240496
46599811
228043
30698979
29538898
42481877
1263097
59790
156339
2437974
46780157
53786222
2739469
36386145
7658428
21446213
2128025
35265163
52918460
171885
20006105
23650626
1569566
15829359
3880564
46544670
18901060
48098785
11786026
7988232
181641
2633047
48781755
23820746
20428689
28801476
142449
3555585
61260
20932823
14018485
44126781
22928779
53982848
7986973
30857705
22320226
24272464
25099803
58070594
13790784
1682269
22928693
27937500
22892646
54414387
29045293
1744318
13791073
27882968
1632386
58649039
7561194
58933718
58548148
56834393
57052127
58635013
2699646
48091369
52368605
26025764
1013518
56181984
41265341
56900155
206018
56760537
555177
21714032
23695549
2010345
56623494
15469195
56623544
674486
18571658
55746545
24161667
21268357
555210
5560904
56625324
5275725
56625340
21503500
1053325
56625361
9898493
1445288
42492354
56625430
57032696
30177252
56625469
11647129
8858097
18395307
8431600
1767557
37997242
56293715
6612470
58577504
3419380
3882512
11679034
29511576
3911092
1252386
49987586
28477492
2405917
21878098
908573
47742489
51467698
54664317
29585995
26434089
51610162
3426284
42833392
45039337
55615781
212141
49336757
47776176
51515331
43915248
623774
49419155
41407054
58664232
11447629
48873645
48799905
48876236
3343966
48873636
510114
48835811
911460
103902
48873991
48782232
48783231
19712504
240584
48859505
862125
48798051
48807237
48720203
48790721
2941827
48797726
48781736
48861287
48833146
48873643
48873676
25676
1469152
48873672
48873658
48873656
48873649
48873654
48873651
48868332
48868329
48873663
921169
48853794
2056508
48807097
48774377
48874010
172851
48689472
48853558
48873668
48697907
1221127
33047509
292863
5561623
21356645
1742657
28932326
1505481
37946247
33047518
5953702
1754286
26161590
155664
1395465
37094071
9709747
20691983
41899239
58796253
20691950
17704657
7615675
4271462
25828332
274273
36725572
19261407
9764137
46718233
4073596
10203867
9709473
9781464
16403357
57536677
40627306
30436602
32877482
58182416
32367207
30865437
13294300
44223676
4243595
17781918
54360861
5128424
57425344
6530059
1409359
3762840
4299450
28832499
46685070
17583281
32122632
57999128
3720055
157027
2612605
10132970
19349018
15528352
631177
44792148
2729303
1094283
1833654
10020343
50435365
1275550
2078218
157009
1257155
284258
50434834
44839498
2803415
45443701
7286981
1555558
59257
14681802
17887261
50435889
8724827
1412102
4779554
2105599
184757
15766221
5085828
3593555
8649150
800948
31529058
36513146
58405081
47470760
1630600
21077076
42406054
43490
150235
58466183
36787896
15327288
14683203
495900
56168349
2428204
24302069
2428259
16083864
9992675
17200410
44829177
145193
36487466
41173713
637985
35108877
53947983
3173478
6709424
3064863
58262367
4037
348052
24970113
22809372
12182296
2562887
13204387
652467
6126365
5287446
9843747
15749610
37643691
12565135
26358574
191130
18361017
9380779
11056803
204118
9381145
2854368
9738064
13516416
32925226
25911903
929018
5962286
28191446
11974
41891002
3607937
19250
1739695
39918467
8323706
9383367
9383410
9383748
9384032
9380981
88039
82841
1673820
57895232
57614601
38353432
44847780
54645341
3261260
3261568
25146645
288213
2487141
32987969
22907225
4339310
34732738
747934
2395557
625297
1600858
37373
34836294
26364308
174387
174365
29206974
842741
838747
810622
2535867
505307
8972748
4633281
32497971
875795
261251
23801170
10175056
663931
29167238
234076
29166296
436173
10300724
1494881
84674
24434911
815950
5625981
32054902
357094
4336945
80996
283764
2152963
1695
4070920
1365857
31222584
2657664
14686099
10382585
4266729
168171
367152
40498390
811461
46248998
18524565
9668
394840
2478393
5883015
46248954
54876248
785136
2226811
1394108
592331
28773552
8172041
52421886
51628988
14382995
12375421
16159692
40067943
145531
861213
86006
13508968
3144323
617808
3761209
857003
7500573
4859
2577394
852902
161828
1922938
2181894
367589
3379914
1448707
7066919
1479348
39102973
5808599
154666
4908225
3047496
2012289
866154
169351
3328671
59617
454752
9505818
5976808
35229656
18513409
25058345
883573
5920445
5732935
1131778
37776
3330393
3234006
3722814
3247906
12692407
8811468
1120615
4297917
20631527
27633
65610
259149
5084309
4527305
10425456
9886936
21201846
17546014
34272479
877742
34270262
55904727
34276283
34270097
34060478
81166
1364808
34270333
34280881
42926667
33748865
34171998
34970359
51765402
28083260
34270949
10107996
69654
14507482
12668177
9771958
48506730
27100668
313870
31865085
31918503
58677565
31965780
32026909
31925401
36257278
5173796
31975691
36256739
31965225
32033120
26377192
37051038
36108420
1608551
36257922
100262
27846489
4021143
4540597
25807626
21017709
4360893
31927892
12418604
31937372
32037005
565217
37044979
24313
20261368
49182226
8171793
15636326
2172178
7355270
20262332
31126336
14992617
32049181
33218866
524200
19813460
42899739
2172198
2888586
734860
20289234
37711967
25795440
2800403
10835564
17679404
20296463
13904202
31348100
589005
11495982
11049785
7794909
58779968
27377938
58841736
39090916
633352
58778047
1829992
32708
20542454
3383921
16973926
58686708
31235
1649568
54424
2620310
205004
26998281
8162783
5267887
41030202
22234105
1136553
50972444
46402420
441599
10547320
5434729
3660393
3413535
2299728
40242364
11176263
1014872
11252780
1557388
8643162
174683
49790140
9386460
43415359
49050748
34423576
3098314
12007355
3729425
1552882
18096664
48491324
6866517
5797961
48491580
48491581
48491627
10442303
57957434
46889478
36197340
402344
38269024
616932
3697294
56657111
29804556
27153782
48491148
17940427
724309
57364336
8372083
9431836
20986646
9878401
2005238
4356877
9017268
6225287
28764558
53855533
15581268
6728055
639386
16930272
33851441
26488988
30824721
35069116
48893820
525972
525971
11177267
33064581
15150065
22756330
24823574
7892788
55552335
54556266
54556267
54556272
54556273
54556282
54556283
54556291
57318940
54556293
54556295
10794303
4785776
1065880
54556298
4998750
54556308
54556310
54556316
54556318
54556322
54556323
51716853
48491363
54362298
2235
113147
9033166
981885
1008653
650250
1160208
1137689
655516
57888997
36455696
4695097
26462401
30627055
31903516
24028946
609058
27243508
937235
21485670
262838
46689
2182286
4050781
35432520
6755837
1368968
9146046
3817424
16423526
16152789
16152959
16152963
16154494
16154546
16154550
17818839
49598868
16154662
13779514
16154688
16154690
743923
16209054
746964
16423581
1529698
9309166
16423593
28090376
16423667
16423673
49435957
16423694
3033365
16423732
28070659
16423737
16423741
16423744
52319881
49369205
48519040
16423778
16423781
16423787
16423792
49358968
49358833
49453273
16423828
16423850
16425140
16423854
16423868
3033358
16423873
16423906
16423910
16423921
16423948
49363615
16424060
16152114
16424077
16424080
3036770
2846205
1529662
49866283
16424215
27734976
5571329
27861783
16424233
3037531
16424244
16424249
16424253
49194307
3036679
5568531
16424261
16788502
49853551
50341395
54288838
49369032
3037118
888601
27639561
16424363
49708475
16424386
27773764
3037547
49708256
53789236
16424458
55997633
16424541
16424563
16424568
735072
53789311
53472850
16424595
16424602
16424609
15936087
3033516
49885975
16424622
58669153
16424690
16424694
16424743
49881122
16424755
49768018
49217598
16424767
16424770
28053793
16424795
16424797
28073630
1529654
55739625
13779727
57379863
16424821
5580433
57555939
6994656
7041024
16424864
16902337
16424867
3033378
26023900
2846282
3033520
49876514
16424906
16424911
16424919
55490015
3033482
3033472
27724130
16424945
16424947
16424957
49452575
17597420
16425000
16425002
49508777
16425009
57889928
16425030
16425032
735594
16425047
16425070
18135722
49883058
16425115
49362258
13779433
16425124
49878320
13779195
16425152
16425154
16425181
735060
16425201
16425203
741569
16425205
16425210
16425221
49881094
16425241
16425244
20641470
16425249
16425251
635690
49309698
16425253
16425257
16425259
49490950
5831753
16425289
16425291
49884316
48762070
1528904
16425320
16425335
16425338
16425362
38823498
16912132
16425377
16425383
44524800
49878840
16425394
3033466
16425419
1528810
16425440
16425445
28046675
49490971
49630160
49776071
1727621
16904640
16425510
16425513
16425579
16425582
54522837
16425593
16425599
49815344
16425622
16425668
1528618
16425714
16425742
28031129
16425753
16425754
7047593
16425772
16425775
16425783
49882792
16425800
16425850
3036704
49865340
16425871
9955320
49665860
16425902
27701231
49821856
3135580
1553920
49455598
16426001
49615782
49552661
16426055
16426064
16426073
29750393
16426094
16426116
17588086
16426193
49886066
16426219
27746048
16426238
49886416
16911558
16905613
16426264
49888328
26996058
16426391
16426395
49359865
1529530
16426439
49884667
16426458
27944061
16426467
1529475
16426528
16426531
16426560
16426565
49878702
16426573
16426578
49625560
49419441
16426599
49508090
16903843
16426635
3036697
16426692
16902369
16426715
16426748
1525846
16426776
16426796
27701311
16426816
16426832
49593647
16426854
16426865
16426909
16426925
24598259
8171693
3032313
49630771
629715
16902313
16426953
16426962
2846194
16427031
1525840
49243889
16427072
16427082
16427113
16427117
637687
16427164
1529632
1529543
16427190
16427213
16427221
16895218
57556971
16871318
16427256
49768037
55490145
28232465
49363599
14980259
5580478
1528920
15187328
15188997
15202190
1529552
49962909
18133143
49630167
3033361
15954458
15994968
49854807
49366974
3032131
16012326
16013271
16062635
16125603
16427285
16427315
49743766
1524987
16427363
16427366
55739824
18136672
49867923
28046402
16427442
49552541
58669108
16427458
16427472
16427478
16427492
16427505
7149463
49614965
16777803
16427569
54288848
16800411
633719
28048621
16427601
16427625
1528766
16427641
16427655
49884167
24082596
49629759
16427657
16427675
17588117
27773712
16427708
16427735
49883493
16427741
49420635
49239578
16427764
49629974
16427793
49665999
26214986
49615491
49226100
1528906
57900991
16427811
16427818
16427821
16427825
16427826
3032853
16427829
53473130
16427830
13778527
52894657
16427843
16427855
16427862
16427873
16427878
16800955
49815120
16427928
17597646
16427941
49508227
16814993
16427962
49877962
49776305
16427966
16427970
57556906
16427971
44560088
27760221
55485850
16427990
16428009
49743803
49448930
16428036
16428046
13584506
49815542
3032186
49674676
16428111
49433831
33294088
57900908
16428136
16428137
16428139
16428146
16428148
49876600
16428164
49420614
49467204
49631290
16428189
28041046
3032162
13779234
3032759
16428254
16428288
16428298
16428350
16428359
16428371
16428374
18136094
16428377
16428389
16428395
16428452
16428469
49886525
49815032
17114078
16428571
28047634
1620207
49598864
16428665
17113684
27701331
16428691
49508761
2551704
8883324
45205824
5449051
6525796
12858643
2412892
386408
10731668
23968937
23523337
6422875
9167841
19218099
5809406
57411622
1431498
23553357
23824931
27177162
5528802
3819290
39460092
18305607
38417155
19025802
8119480
15570132
10071625
5261864
57288546
3212723
41808063
58205374
39485025
58054361
38317847
6419285
1840221
26630433
13350257
1975182
57380351
35575643
40386717
44101283
55871084
22978321
38887029
55855320
57110692
1048104
32928718
30531946
4486806
38496001
50900995
19515302
6757511
31731420
6105270
57361919
57360629
20133277
47917061
26395355
5000888
38585005
58680697
18109205
6555745
39010954
5735169
30305719
23843987
1002225
5217037
1570882
40070195
58304361
8242279
29820384
57362202
44177675
145316
57297818
30577968
9004504
4332294
57760103
57245118
58014640
2339618
21658269
48920745
39089255
16224026
33969019
2201947
38825271
728843
41448263
580163
5057729
12906530
30943525
13915427
57379624
57378020
50799721
12592054
32409110
38894709
40081109
43933092
44054185
1052716
1192118
32794728
22354809
44780841
32057408
55456684
51203580
38015642
23128091
57560859
36468389
11061438
16339227
6174007
54524137
56014067
24140132
57823454
41258501
52753162
19860357
43777165
41078197
4871273
30520275
57786282
7876900
19599252
1441480
5886913
57743259
57684128
20332673
39614035
49834217
57699704
40670455
50927102
18965493
48447735
25372784
2657965
6637597
46810637
16614069
19376768
5088074
26463922
2315510
45015144
23057852
46742436
13632760
57736834
58406268
11222936
57736321
54561461
32768235
51848110
11824135
57663569
44500179
57781377
57245300
23833898
53033973
50597542
47501810
22297676
16507459
4870273
57678750
47079190
42642720
14468535
1546480
57495927
41640672
4476447
8394783
20754097
7147474
42876052
57471509
57480204
28250126
53897408
41454276
7522585
1222355
25652673
38962464
52013603
32866951
32060237
18835501
26018040
17530463
17530478
17530394
27835103
31453996
51031174
39258939
57389789
40847597
57245580
48723505
57764769
58113074
32199368
30678210
14581246
2292970
33258722
40516583
5302089
35614152
1726398
18589225
8576974
40706939
41555057
31899394
53311273
38197505
57286120
6214288
36685941
35150161
36594104
57361094
57360788
36595212
36595219
12757188
33102838
28947098
57235907
2230967
36604526
34192432
1823341
27030325
57413070
57296205
36604696
36604751
1831689
32863897
27030326
39736595
35670474
36719218
18738850
5377456
57213024
34857086
26191087
35819985
26723513
36719957
56978758
35820096
56960879
381687
21085759
35827540
2964091
36609886
21161338
36614003
52723190
35971845
35820430
35820314
27030337
35827557
13224590
9922197
36614315
26190008
40396467
28560904
33889454
57317765
34208577
102174
57380160
26190486
34430208
36654704
21106871
36654731
56959721
31628369
57379932
36655003
34836919
57165117
36655334
36655371
36655453
36655664
39629162
36656327
12733065
36656389
36656537
57035134
11739549
18110806
36656684
36656743
56979141
36796521
25168290
36659793
36659809
36663301
15853092
31856885
36663417
57773066
57042147
57671547
36663520
36663524
36663553
36663717
36663768
36663856
57035456
56986545
25990675
36663961
31601541
57687325
36664138
19265508
56984889
48736097
57413445
27030364
36685543
36685626
57022752
36566301
35854374
27430150
56969330
37418405
7175558
37003912
36045826
18510748
36078720
36078863
31323565
4113590
53807550
36107165
26727025
54560196
54794360
491419
36114952
4346117
36115310
32549177
36129535
57174603
36129577
36129587
36134956
13275969
34636568
36135231
36136008
6312739
19968844
36376485
6252411
57305506
55057983
37999108
43111200
55102887
23665253
57296805
43343410
1274499
1782362
46829320
2136736
14052309
57670106
43744223
869330
47299712
30248478
9979199
855216
48962287
13959310
2409720
15515704
50098569
25053815
740705
35251916
39437754
435795
17085898
77178
1372483
140289
9553271
6585494
2177591
49017725
25872126
23777978
1956761
32251811
39685359
3790653
7473098
14243522
779220
5450517
4478991
14299898
56919447
1274285
24282498
42946
33386360
28431
26237277
9074462
9125179
12585410
28343916
10844329
10835914
35756538
24745091
3240960
13490281
28825737
30880657
1435300
1435311
31028310
504794
1104356
15034041
4263176
8849394
22258202
1306157
4049082
41562201
3728321
9021683
50506253
14501385
4056685
4030358
8271911
11221158
14163574
23099982
7138105
5296529
17037094
3057806
34153797
1752849
48976881
16701473
236268
12903521
56217276
147983
53351715
1723528
24357501
1041641
39377992
24210813
25285928
1438164
16811582
2680305
56931263
26615974
37279591
46777441
5257783
41225356
630814
23516569
8704332
11433137
4033192
1677464
44433271
27977995
16827990
41470905
750629
13053966
12252973
36265550
916209
44441329
1204550
16481236
13700969
13718304
35469303
4397048
33196514
677899
628467
752732
22202480
956982
5113082
39836330
10658637
143115
54745718
3392088
13101737
2709416
37685680
28888905
54339873
33748122
3589660
5610322
7531185
3748263
56768571
23351896
55351756
743972
53290292
84237
37771611
6085216
43335816
12524432
10210206
30315838
36060304
3617568
3728892
41575984
1703135
