10772350
14541234
21014942
1685624
6830515
3402732
26334944
1827281
13774191
58618049
58034320
11325429
58158104
58657312
53372308
58645395
2377491
54159957
3184347
21207536
29617833
4254743
508383
72208
424789
10066498
10817881
30469468
4153008
47499031
33656853
51319
10046963
368119
14885290
221737
504008
25102
2541498
2644613
47107600
26830944
222291
48759571
4799746
33692
13575
104202
1416254
56919601
57726569
58579678
49981080
50371799
57543655
18372097
57324417
56854030
50897865
54198796
2329664
47737345
57997923
55837577
57384461
51193369
57187471
58555711
57303349
57205935
478869
7705856
866522
4884487
691642
86760
4285595
9002077
21288006
18803435
2346678
11569981
18693
440583
33199012
54676729
342408
26270783
10049655
46619228
13849650
5612659
3258142
29751544
9594833
210254
2973404
1828442
9502
4825806
35730172
23563446
39136264
36379883
13316
2469009
2093687
57039295
441488
2549486
12350852
37861192
13390482
104985
14463933
8543648
35067595
26755479
9547941
2642379
2189647
4321280
890647
54405097
3406435
1038374
1852884
26025764
50954632
5612881
33699756
844257
13539483
8278981
39224823
52917482
39684519
1045736
296021
4596804
6152771
15459916
12944918
24535710
7873885
23733
12305127
37073812
28905954
35740041
19806455
10049159
51008871
12290408
7104982
385467
32664281
52965572
1318275
1895197
12356378
36089464
19011098
40526538
28861074
13368871
368956
18480320
50142157
27093965
15056554
31562799
368973
3480941
48480694
5248574
33824096
10089791
10509766
1085011
14777957
55815720
31253510
40724137
27645253
27646456
27646414
36239264
21904787
18006435
12651397
31076595
25426934
56032468
18152774
52443680
11447298
24884532
30302086
58754268
50079
30893946
46585986
8752515
47195350
16716836
26442520
12308024
1354165
46814110
31427982
5516408
55931
2553
60731
26289316
1400
3759103
1656672
32523461
8827849
14884292
2551
12509846
10500251
41005444
3183005
1947892
442948
51328035
23883912
17785596
903846
6088
49730752
8231695
2662428
41113
9758
1390423
2659806
87030
17580754
38007
1678583
517472
51175373
9530099
1198231
57184777
204504
7218910
1791995
4555319
22286701
409192
249686
3194691
3209520
203451
3091094
1393461
1153952
985583
802226
6506732
2643179
26258076
55557
372753
1157399
37469226
4145437
18932222
5287573
47745480
6167964
40198682
40200150
364326
35060585
2612879
57556100
50923930
38347912
57556228
55677812
39958674
31073270
54952806
40536216
718719
32085048
56784475
4451282
4973111
4973119
13789512
6901022
13029312
30371259
44368303
9506106
7649875
17420714
28341615
28351254
11987681
13029223
3949711
9207268
13029410
20959122
23764312
43698260
690842
594386
252507
51320
717848
209584
925810
13776844
230322
7541904
23650107
10689543
118474
9097253
1291656
100096
46947
30758
219878
349339
44634486
340510
698982
5286935
25081409
55850415
882056
84632
444914
993162
1830287
32399129
1115738
8383286
7480035
885795
185130
565602
242220
4077467
18772250
3997006
13139823
39246077
196556
90001
2416824
477368
154908
25532
3661620
20027462
1477991
598371
630814
27919989
1307053
1894472
32798
11301363
32538
47676381
51452453
54729261
57969770
146646
27315806
146649
8801086
1923965
45584108
39084469
33185681
5546586
58937050
12964756
3978097
5778710
1816882
14986299
46600973
43254840
11065526
31838850
51135264
4226345
15665592
3201673
29298401
23308932
5787426
37091180
18091097
7058999
1003480
41294119
3537964
917982
13276
58423758
1214033
639285
58866743
42841565
1316
25351850
58840133
1484463
49210609
25095039
25129050
15458747
24067936
37861913
34443527
3465606
13433884
2769581
53114151
38674164
15880127
43218014
4545563
7134666
2571269
6688256
23376581
385822
43076341
26054090
639170
47751863
19594620
12084111
37022165
24126665
32851663
5126087
50266315
31497818
2619114
12223
37870921
14015
28743609
2248818
1402956
848901
3977310
2189256
2557305
3701198
767082
7059209
1555335
52112858
1406732
41894424
1123369
5777097
57975652
1139833
1141385
4682057
49859746
57241168
36272992
38279418
39003363
380488
41207268
482446
558492
9976532
103155
31282945
5175110
37850057
2049749
29305513
37835732
32477724
725190
22687
28191718
57443291
1406031
177438
11775813
34908079
55285888
2687740
177891
29634967
24468933
35886705
1340095
1793017
13293
53942605
3615589
1844427
23499848
2701774
3796596
253129
57963394
80757
51174074
51313368
154902
826464
262830
364584
2403336
1632710
53855699
296311
26985385
25430186
4807194
13674529
27746940
1849038
171574
13786015
32724355
7810744
15183793
31297309
20688906
26662182
22290735
50732483
31357792
891292
584894
54431983
24386652
55617869
31222359
47935866
30005893
39195435
9435603
39140794
16816176
12594177
24550254
32322033
2469248
19373871
44664096
9021164
11744495
23778693
24600336
31289908
2760372
6161870
50364007
20463524
31423362
27475071
44743493
33869005
20450205
32623871
46628753
29914459
39925767
31657115
11007002
26442046
43372196
33455282
30975697
39199071
41325008
26952
17047432
30865698
41761628
23723524
46430362
33827619
53793439
55858385
48796001
23364375
40671
1123847
27988206
27573135
55963183
4725513
8146394
39102450
12315568
49590286
17327582
32979455
12006609
4521675
33510179
57062570
33393921
15161664
6763404
710778
42882
5141410
209203
19179706
58751202
38058647
620396
33524705
380358
4224324
4607709
39551192
7912930
808876
20784062
20785947
2359894
615724
4006694
419093
1219810
44253213
43357697
24159240
24152482
24152050
24150210
24149167
24147760
24139921
24617690
33316520
49005020
49004682
58025156
16200376
4793376
42604607
5747021
22244627
332411
27926471
57996185
9464769
52728834
24737614
20515628
28999917
3238286
24312633
43629601
4970160
7423713
42917843
581799
28085138
11688484
7090419
7528305
57972292
3610518
58523612
8990664
28648732
44890145
24938530
23065493
23494238
11355398
143068
142902
1316842
14104519
59045866
9650166
30731873
36568231
29616534
24241117
18155348
58522924
404013
48777654
64065
11716813
2005882
34839375
25616952
768542
25644584
30253572
27764522
13551945
3106032
29526485
43244107
7034396
604587
13293517
36552747
23036926
3692600
51937464
51976489
34405423
37773246
14357997
15518062
52067517
23175300
11815643
3787114
30276560
34869281
24148695
40644020
175216
15489161
21295163
194624
1517483
20434522
423021
1496049
18285414
24089985
7493315
18880184
47977958
24397942
6995889
13910908
4545755
58344517
8928469
1249052
37354852
3777541
71510
313864
12778232
6891837
1021695
190348
49786591
5437852
2685828
18243091
1433172
7400615
17507309
13395101
59617
251821
4864036
8341388
34243145
690194
26092
748853
30875868
14318
6076316
2026389
380260
505366
57058149
52812473
23235716
1626783
24698833
35590934
4584761
13313953
2311313
4020368
41039874
11786772
15503838
24418512
634124
20286284
2945096
829548
9730490
1766611
328003
5261310
10832456
2296754
286882
12083411
36805370
80740
1072855
440114
1799283
12238644
9199846
22079251
19091682
847998
4894070
1313836
2291063
1100845
1390457
22700
23915750
177353
41856026
93721
12202907
4769036
1499508
158687
57645278
3201418
4174560
33575421
51296636
53944679
28335112
31635665
1659131
4208689
861713
1383698
24214715
1759183
38366244
82226
2144400
9336716
11095286
1380800
567826
23324417
50311566
5079762
15782182
27316335
6312142
20198419
4462942
960455
34270831
16306159
9542238
1823869
54980087
1758866
49092157
58589551
312898
17477430
52269285
7563097
9298332
40300485
31382810
19665
1022309
280925
37103142
40437958
40508191
27327454
6353282
6258
40626908
20155525
438469
1378709
132471
9891093
266956
99656
12021113
323912
31720862
13963489
48811073
4051392
10458499
47497309
44379567
3281041
387759
17129718
1965426
7124749
105888
47096
2580264
7299947
229236
2004480
221544
3952944
51808970
46313
8430768
7391958
106086
21549439
12598
43472912
17821743
43349992
46399149
18150607
14329
451950
4170165
46187368
31375
423682
199169
1204141
14914
273856
16531537
2100075
163901
287627
1231450
39845988
6324098
15432982
10878467
10176765
828919
18687
1791718
6748485
45505903
3817699
215214
177102
1904053
271786
7535573
39766826
17875510
18391710
639115
45498419
1519656
3208843
43350024
51233937
25081
10323935
728760
2656851
6157423
501281
38563314
2722794
691293
22994877
28298066
1342808
38502856
739974
19648723
1971874
48079393
2656804
35122793
2279663
45541
2118843
18023463
3328588
41138999
349487
31025901
28937240
40626873
23421828
30862857
33980204
960684
757718
33175092
66640
30762076
33926999
34046849
1028430
22729045
165190
675321
2219586
1508379
1908561
1582335
175075
54550989
2126097
53477184
5634
8080
32563447
7772500
2668722
24286212
44259317
2081029
27760909
37740457
27339656
27308159
41308725
46992825
46999007
46993211
40445160
38618869
37367436
34899557
56107279
37526167
36761462
22769179
27332128
27804499
27998478
25704805
35494152
51680394
36619555
58870412
21914899
21950303
35540661
24814624
23882865
27168906
28884814
30510015
23183853
23440923
22359207
22393770
29673341
35605084
29678170
35618465
27398961
27402122
29238570
30166387
42962178
42833005
28797388
28720543
28797352
47845602
32834517
44504625
27080492
35599526
25115711
21753715
21753971
21754137
35636962
35085831
27397121
27500869
25737458
26273553
21912370
45325184
21771927
22397805
22397868
29461659
37070033
38980893
21791231
936410
42649933
2595860
1491560
1527026
43033004
3411610
9442664
9442611
9766664
9442004
8900119
8900141
8900238
5466039
8900382
8899984
8900203
8900170
698840
13641012
12406455
10741567
1020090
13641579
13594264
4237989
4237996
4238002
1305995
9442962
4238022
9768022
4238023
11471074
4238031
4238038
13594268
4238044
13594246
47438046
4238052
47437988
4238057
47437828
4238063
13594266
47437770
4238068
11251559
47431319
4238072
11251474
47413353
47412391
4238110
47412345
4238116
4238124
47438722
47449765
47455593
4254639
13594858
47455869
47489743
47489976
47506857
47507854
47507983
47508669
47622211
47766805
47767242
34195578
36833526
26381867
14239740
34076425
15449220
56492411
49980605
37703609
36283601
55127908
56468972
33445405
46566815
55467670
19887042
50027444
44241294
22891954
8655087
3167611
6803206
2908543
6803339
3287371
5901268
8906732
33774210
6682257
7280373
30405122
29348793
57415733
34211911
12818401
24459144
5178746
29292328
50544789
49440775
27478173
8281333
5523934
57634458
4814745
36474477
2677379
13502282
47894539
55522133
32732991
32713865
39686465
50453760
51149695
27293173
28715145
47188946
46273660
39707874
12732653
5745001
15610996
4960682
6938453
24881530
15054331
23411460
23411459
45314731
7361180
7004287
17721185
13675865
25332775
20571337
21410207
50481901
2533575
11435156
27990764
22954182
8017687
9640071
17261848
17340263
11850256
5722633
24349368
623992
43278982
43488437
40424091
48290414
50353024
14388291
6803173
1416496
49326236
1092965
16773331
10497760
42488016
21409648
47888895
13856398
22654361
58650475
35823328
25636070
50961740
444411
28341403
6180572
4696652
24392977
44318666
33012321
37069888
44806545
25897509
32317596
55537275
15227230
15095946
53090722
23611734
6922619
31919786
31919713
31919663
42582153
15225506
2337070
50294289
49968021
31722196
47775317
55522459
13626369
53414473
7376028
22163671
15161758
10403760
13500688
35572675
1176728
14202922
29291425
838255
29611295
26921054
16776242
8683260
36488438
7243996
55454385
15449723
11424106
6642677
51039957
12343673
11183618
1755347
50352791
20721135
24022164
9356083
48385959
2699646
51792148
44963490
19419860
6914434
49265376
13419152
50024103
50066742
43882452
5972886
24098230
38023612
1131490
5722774
23411353
15054838
10700479
1053506
30081849
7772916
54197114
17845240
16810875
10894699
34735413
23558839
49661944
31911595
4210300
38116911
53478221
14208481
35695991
33058916
7628935
2782774
24383950
13355160
34096826
5783050
49225241
39734607
51732869
50325622
24073766
57038750
8630977
11730995
9740503
21687744
7459400
967342
24534325
8230315
626208
30085021
47158986
17300838
23513297
35604298
1277018
33999515
49786693
53081173
8270658
3288078
52173957
11205103
24599498
21201628
3243953
18303835
19148161
17112423
18305727
19145336
49616895
31541730
25842102
47799059
16395621
55200062
28242336
43396833
1503460
53094384
50565169
29875367
13218871
7853519
19372
50325890
28528929
3085882
17133956
42938616
50230453
1036972
56859608
14683203
30233587
34633403
29728746
36274692
53317201
3996033
6654988
3889344
27742990
8861287
6803164
27108302
50024050
36274882
40194846
52259546
1419775
4403234
3498949
3982721
53078835
34281682
46751610
6589186
45687372
32324649
5720412
15374659
13633693
758833
6587475
4792624
35255590
26789627
26280789
31901282
3610091
18568593
7144407
5573078
29581214
37917538
14135068
46441595
5901175
31707839
4896349
51879912
5715765
5777658
2319459
15664339
6207773
36238904
44540058
17537983
22635110
6746879
52884433
24081204
31060480
2864223
34249425
36283370
48806810
56216917
2892941
7040742
2335285
55454092
30447361
13719015
31566448
11861980
18373301
5958099
39846163
15235667
29202116
33282876
33393432
15227108
48621851
35128983
55454494
6034002
16796699
12378615
55835477
52812762
15227067
4115641
15981330
24415191
726604
17995542
2607191
8066775
255069
43572460
35643628
1479523
2360371
40815356
58952058
50512200
34333595
36041077
3891313
4053814
8316659
55206022
2708390
17227319
7580815
12484703
42349089
22644130
52691624
1484486
6803143
55878972
20844715
37767960
42841690
15226855
11524555
26723796
20152028
32325621
6802972
42411455
34006497
34006488
3309695
7094992
13629549
23405968
5813126
53488076
2599449
58505442
42505529
17255423
17255633
38477486
86332
18210026
4885453
47674614
7128565
24343190
49036592
44524170
565604
56295669
54952331
4134966
42505558
42012
6529973
33976238
521555
19342760
25443917
5454493
8066053
19342741
18951655
1620150
52637713
49823773
50402471
58530910
44563152
17970498
46724650
14269848
2221235
46807465
12678136
56085342
48528973
52100780
56637216
56409037
47239082
39870048
56137403
39765668
56087517
54614643
3346545
44475530
32455437
56499689
33950934
54532163
52220595
54291864
53611653
54746829
56169780
28350858
22860
58446191
31497203
50333711
43714648
43024791
55289577
50265700
42959804
435045
46828642
31132981
2692306
36363418
3747
8021790
36254359
47964964
53825654
18550223
5178
1536
858353
56507540
1920082
1084757
3644384
606810
581086
29206608
598347
20586710
52171017
2646130
29458388
7221912
4379785
27812828
19626326
43970763
33955359
6124187
16413142
52975754
30229871
1452924
367346
55578565
52141841
31684428
13097080
53565238
10395813
52960116
52960126
34691620
234288
1267520
55246108
54004579
12987500
52958323
53277319
52958314
558277
21792815
42699916
34627888
52653854
41326149
2916577
54985355
54551802
4636964
706019
34446347
1789779
867392
1540383
4842302
7709166
325617
614197
576480
3184266
1640945
1272919
55577051
52960256
53282671
598511
3420635
7714154
59578
41392617
1251237
1766637
30329270
43929928
34850214
21208262
58413347
8845105
54365708
58905229
26519723
33437405
696542
18938115
35303784
5612009
4097096
1139545
2412774
56286411
53643626
24490360
46736086
5974844
6355878
30498454
1979707
4407985
26826220
37896642
889726
6811017
33570327
51600548
19202875
30542008
13502171
50771841
860354
9655463
2393552
143913
4576518
715596
33561186
994299
27495080
32943782
1182836
1197362
31118029
45594735
52087541
15860477
56786196
31181225
21921818
3214812
54306081
31194939
6293856
3733026
58093445
12106559
4978737
51191406
376043
23317868
31698027
14199274
8373977
610469
38710186
31596997
1967712
58538002
558395
27632749
31792937
43771244
58537412
8886039
5085226
1500963
6485533
929983
1170328
17814266
6185790
12682525
4009849
16610592
4563276
19864705
417136
32447275
42796539
52697301
30934165
10544689
406597
40936607
54842762
50401485
10097823
29233337
47249882
16785902
40151557
11204928
39903570
41093443
828043
9199621
58750809
29769027
9116805
48917819
47230744
18062866
4870302
761079
2652072
33883260
7407271
3924999
6539511
25675706
28541877
3312771
14824905
34880963
6043182
1187578
39630606
8933593
3144245
51437274
53774766
1453015
7134588
47643
42097278
39834673
31671732
12430217
1812191
2330609
22261920
53141004
2513258
28246937
1833012
1520354
902720
651228
31365315
42825483
23820760
43262184
4901717
14836240
19286752
58041910
25987727
42536551
211641
35732859
1744832
42336424
57045484
3535177
58059325
49436196
31437878
7966993
55681708
50635908
1653730
55185119
55476278
11584195
57137513
49493963
40073522
21712522
46831467
44529961
17725400
55172816
55882108
3098338
44453903
58223090
308325
48539716
57229892
56361476
49202512
42686266
15944650
4873682
55667591
55904629
55664235
42978835
54643521
36343260
37130706
44453580
22331960
3685674
21495714
55752191
51165786
8250633
409215
27431555
56557630
58120194
45656072
57578038
53671220
55454506
55153385
22381650
56796994
55708532
39806442
51338227
44358390
51838947
30196385
52874032
56600096
55763533
51240000
34068005
42422651
41500856
20137114
58133907
49254280
52265494
21920030
40975010
55772476
2664452
35645763
41293545
28374432
53496732
22089091
24512255
53060558
54679690
51240181
51778389
43690874
49346144
36020234
55485283
24441221
56065588
52470623
51006578
5330592
37024278
8124288
51338095
8298229
43280297
55766110
57895741
52949604
34586035
50813098
55022085
51547875
55927031
29990494
53695277
58935193
55650947
55141157
11868579
57070199
40211940
32784643
55855444
25928875
58731401
58024185
55561812
41945079
52780243
55611566
55898626
58306720
33149371
9119558
57979521
55861978
45670575
57500248
58879660
40203251
45378459
23449076
53411167
44260456
51926719
3689805
2385496
41599756
24376482
54735589
55785059
25998304
55797249
41857561
52265418
18178745
52885914
58059416
52718852
58054284
56964755
43968822
50202943
46537873
53659495
38171137
53653447
52415964
58500730
28785832
43675266
58390320
55891165
43643967
19918736
47420004
56160621
13478068
55483002
2617604
23966548
15425589
31546055
22220817
37718899
55829876
40456176
56476686
53815472
56975567
52775150
13755308
52149925
58214813
40908971
57832021
58337718
14627244
7264188
65407
25665430
54008839
51282178
4246319
53596772
49694567
22760731
58320097
47281756
34011111
13593905
57660062
48695640
48830888
24287130
51311990
10865614
32224810
1640682
2381778
55694210
47112226
42604959
4789891
38134561
2391433
25564321
1173688
48407929
42868265
54262505
13317366
18546677
10889535
2924842
23633866
46963894
33033881
3098161
58259587
39330291
5929235
29769680
15655857
6320392
55716733
53681743
1416966
32950263
5227384
55840578
49664441
2094250
28557740
49995647
31508301
38769878
88493
28342114
25214406
29872104
2772631
13305261
432985
36483239
3593954
29230379
11859832
488226
35099871
696701
4740275
1016247
1436016
30765
9893635
52333679
42853062
6730459
4416668
9275260
879611
54619595
55862032
54671193
4464057
41652547
12083395
46728550
30828373
32097459
28496516
1005236
681691
5189126
2014294
33131666
18696048
1590153
2793302
1745836
54172533
1078449
31342960
21256288
3541495
22754623
1245298
738601
514693
50501343
54672678
8060037
27901927
1061478
376823
12303979
46854011
224624
13994946
35987862
4712393
12942315
57042698
17250053
26311239
50789082
29592180
39168495
19232496
6989422
15505159
46858636
1173799
6179229
22387067
1023278
3405159
1361053
24896107
39281827
3619227
18627940
3541940
1396189
2748269
20217
1604753
39606970
45494926
10917099
37497345
23650846
47700877
2819675
44638522
11395079
49069604
56405544
46865753
3043882
22275900
6643863
42801727
156326
98056
52714465
10356640
36499718
54597116
41687138
42034669
48269700
53763484
45063146
16743
50133345
43221310
56523287
372532
8632198
3100538
1796622
54129663
932453
52265620
35583742
17460286
655989
1063091
939450
27718270
1783392
2851904
20511080
25117953
816381
5254172
2809594
23135827
13607304
16684214
263260
32943394
30486936
22716412
2166015
10182398
39146744
62238
26282193
34995961
19004488
49427882
56413201
57797542
28856084
37712711
23093698
2736910
41892640
6391286
31831056
34814700
55228078
47853304
54238686
52371617
45114008
38327902
24231722
34452
27070327
42777797
38637787
34583314
3741062
38011691
53129713
13253
55924942
49389307
24546790
35145550
54159484
50985948
9092998
28905151
15920684
235411
12806559
43114112
52740837
40545651
17586554
17577092
8415448
48956368
4888396
21880303
41982765
55659584
40950130
58308173
10484032
2755204
48294089
51993670
3717631
21354045
2735153
27679082
16049369
8663808
51099293
23757796
24177747
47483737
50672336
25304798
22790426
19639615
31169034
31011650
5185176
43680532
20584926
51813556
12517039
3559781
32748024
41321772
32392696
42184130
21746010
47778859
41280553
47110912
855728
2250606
24790600
50617808
50836845
28707196
22912335
8773010
1909446
1776477
32249289
64372
19206323
50946287
47189608
32435438
19406269
58020121
14691308
9015408
22284065
55553123
26008491
35692751
42436171
23690406
41957425
49429077
26752261
50774578
44527538
8815445
8825983
13527451
25729866
56294778
33537145
2926653
56334842
26301709
9452640
2020834
56487493
29044626
50910938
7503960
23786440
3395206
29098915
2069268
2196573
6147531
4306736
1855468
291926
2066352
5020764
41855047
32673959
3519799
31909344
5010020
8481795
1650626
3231525
32071271
43286554
1276360
18905179
191325
40745657
31886132
1981069
239320
4983212
7920941
8889905
498227
875657
649501
23581756
1340024
5561206
562689
56355
2582389
29479093
3995215
332100
31757309
80249
885757
32065309
31916740
2932718
1822009
1304791
31216703
58952968
8759562
18127715
87585
19322365
5265794
815227
2197041
3078177
40058663
7077130
5636221
13931538
402153
8850725
408047
1853535
4256108
32352873
30862977
617633
450918
3662985
936797
229571
223203
9043650
386517
2952530
357834
7857171
6908822
43585978
6524610
524919
20208
17500142
3556371
1389700
26377293
44949586
4778069
10350990
3418491
39664989
21677709
2765539
32026898
5710458
5965191
406236
2755222
31098125
56885498
50050
18233520
3370120
3959352
855042
28773552
2476086
137788
31926269
549088
25106032
6179196
189716
229606
225009
4115785
27132507
52034
2757924
212785
8573787
5208672
4827327
167622
58385807
11979221
3990277
3211971
5904283
3104022
1640696
51031515
1707310
6545538
4257236
36904924
14578563
1148461
21077459
3412824
790971
44499799
2667734
38520165
31291774
38075867
38510463
38075857
38301048
38509959
13566693
6033390
15194867
3127475
11069093
14019074
4942419
7726399
54825638
25885420
37013824
50559430
14223861
57444694
11964733
4367107
41360209
13699248
7774432
18400451
53474722
53179425
23507886
30506749
7718874
57797016
7727525
42187944
31593145
22906640
58024456
7774593
48779950
57273406
17088758
7813142
7813287
31261756
55559477
14285084
15213054
7816063
24077743
23242576
55162020
34943406
19690863
4851182
13642886
58574807
54097476
52378453
7833461
20739171
54933623
40903757
7833707
10763697
44056211
12136938
20545646
23046582
53410744
23723137
57196500
40353692
54090703
53544099
5230907
17327911
42133308
1881712
1182341
42616459
6997625
26111948
23138732
55983742
47319272
54139064
52287733
11693577
15978940
38623168
49192378
55560612
41441953
57427422
42230937
14392373
5417801
7833881
7834000
57797068
7762289
19040661
58626589
13380925
54452503
40902889
42137088
53133201
18545942
10737394
20775860
13014663
13860168
48612955
42115471
26151975
38283735
48345610
34542029
7742563
38612926
25048835
50354897
43673091
50613498
353622
7845066
21042403
41297885
44499175
55279090
50312537
2243719
9235407
58491096
3868127
36353547
5984918
1892818
59026089
9189804
4068124
2923830
7743163
55982178
57434407
57285125
33849912
40903463
46702790
53181182
12540501
53923757
34384514
38929432
3677495
48294360
10469948
7215030
39853142
3762849
7844946
58758461
47054677
43943469
54079728
54198231
29400553
6452774
56075016
155438
7845163
51066395
7845205
10753753
4390744
8249080
2519259
15213289
8805573
55036221
14948584
7045750
48810737
19219247
19570553
55960860
34238878
627596
6699606
20574687
25684806
38894
4517597
21926609
37561613
259151
8311688
25751855
57052829
130438
130541
130440
9873660
130465
7721553
13604900
130339
130578
57420985
5017482
130643
130402
2705283
5720108
25179987
49822513
253264
130420
130421
130088
32898963
130644
261683
22801900
17642056
43215970
47870680
47870676
52267189
9701385
30967625
9765510
2927
24500461
44783572
48390961
3656919
52434366
929323
56065186
47623889
38370512
27931749
26973774
40479225
450921
4810937
43343961
802377
3907600
9996449
47234675
166957
14978162
9719229
2729902
8390668
22534769
10489522
693778
307388
40043062
38959786
2323094
39032232
41215228
222788
29668286
19349605
50026984
35014281
1786810
22474808
22395226
4806974
22474511
1721210
38364580
7840942
24086826
11580411
50027214
37052671
360385
15534388
4674165
1509185
47278005
48487744
50027953
46597271
8459224
15886910
7855688
1118168
18555218
43676448
54784271
1973923
519316
8997061
16933612
7202280
40310061
4829994
1120754
36519078
29020314
43431837
14860641
14974987
17666490
12072180
32815506
2405863
76464
32574488
16888336
5929391
13202109
666938
36562765
6835965
37763763
40310101
41441617
32528871
44779159
402020
4829927
9092021
3513024
50225243
13523158
36674065
10146510
50224369
46767772
47407671
44466914
12111356
8159490
17144098
32574509
58917
4073652
17473587
25663146
49102699
48763316
50235816
3074065
1191253
1058081
66669
393028
1070959
51415874
728603
5595391
8295187
13012641
13012779
44373636
76446
7985859
49346356
731923
1018971
47624835
1055072
23435139
531031
322876
36012813
47961393
18087779
36682929
7769920
44364034
25072318
693507
14863550
7674744
8996925
44362590
1530922
25817335
48860938
1437031
39983945
42229962
21954244
20205147
49050748
7752415
8038434
7725754
2401793
41280590
4408064
18882944
50297936
11176263
14705016
30272727
1343313
15760731
11311176
11898918
4240946
30798977
19884150
21261766
11176723
8159527
36659781
47634411
3298021
4829872
698315
18571238
9765939
157766
10006121
18821476
46228290
32684679
58632
6864914
5397982
40231427
20808102
33198014
22420253
3158910
33198181
49949461
49668801
52098568
10407400
49005
7898996
49459380
4080735
3025988
21633323
44236282
3360481
47784266
1030599
45495641
22498414
41291543
156887
37484595
22241545
1230197
1316143
1126818
2648545
32352635
55622295
2711075
50180178
10883219
5104752
54393378
20845187
21421698
26276259
47221666
40001230
282937
21363024
47953236
44891329
40628164
2686404
52349870
8904631
32719515
32789099
314445
9421943
1238700
15197025
39163730
7444742
2131375
47819166
8528272
11627918
23574574
34047945
56548170
26525308
21717836
37473718
51046741
25760630
3112118
2709969
52733606
22195431
52883825
54301107
21240823
44615134
9874808
5535126
55610868
50061524
50071194
13571915
32890495
34173854
55689118
50662960
3700997
27170739
3513117
49791740
2057583
2442029
44637219
5327591
41950276
751311
11310898
3656882
55689153
469948
31499438
48536242
41956591
33472852
50058688
952074
814723
18407392
18408596
13532600
64214
55432228
1167256
39476
30045423
45467653
754889
3142711
7644873
32967042
39016573
48395703
8923555
26418178
23063849
934327
50209407
38962266
17123601
3266883
38294825
3116908
55605561
55605578
55605572
55605601
55501071
3142720
21775666
1733577
24768341
45590109
17714654
513309
106534
32647632
41743352
824490
12540301
3916167
12332115
1100177
8447152
44043414
55739887
3234630
32580628
294461
32066661
2802462
5234144
80562
27731393
415870
3142722
3142715
3142716
50222764
12528491
32580670
5692912
16183466
25945098
37942076
31763956
49009807
1589246
20950434
25686269
50224295
2619280
1173697
41374712
57654349
19873016
13196057
42646919
1702010
2828066
31187115
50196592
6552391
152659
171409
3639303
38692155
25699035
24133989
37477828
510300
1694778
31792464
3015521
28004497
3877153
18778180
14599657
30238073
562763
3234963
25904883
57818203
1736929
2724298
9031558
35836341
49039371
2648665
35841318
36065747
35774362
49039144
36304647
1972299
8656006
23696897
48530348
37676983
38274555
53403520
35548804
53699614
173380
35548540
53806260
5758417
4885862
2514174
2469134
34399645
299021
40384795
9791838
14013
10409827
17315317
17065813
441078
10100903
52068396
7532404
1890743
234655
13944076
440403
35681604
743447
10360150
18576
621357
509323
5134369
2835731
1442320
7853009
5951342
5865939
1988656
48799363
17636087
28332853
2568806
33669533
54607293
34750044
7407819
1709286
8052510
19963758
4479039
2634825
17106358
32259408
14989889
51289246
15814846
1184321
8990934
4279993
5788845
1776157
161659
3476490
19736082
51432859
8816496
2854130
5485007
32263991
11394933
29295249
2459747
8457216
39439265
367280
2402376
660665
3239326
65313
5025767
622746
32478307
303159
3393901
52447
15319
17361881
3597268
25869325
3598599
8075542
20254094
47064319
20108931
22786227
1239866
51617507
6231630
55974447
28095491
53091
29657163
2799269
11892373
3328697
20361898
56398814
2590779
2012063
53112268
600797
20604354
12760901
7448470
3236043
51398054
34297435
48086096
35654302
22302362
47946871
2199641
9592274
28304178
39333284
42032945
41987350
42043696
34573283
20024797
37730395
491487
1653654
7345857
3010729
2679275
41610449
33599962
10548446
9239897
57445638
2797957
48652671
19818147
2347461
7447534
14082485
45687330
3413810
2262294
2587391
1422478
13357428
34575776
17011179
46872536
2880937
41987413
3736022
2018273
2420796
33191135
47716135
16502034
26075476
52032345
3974247
2098301
8917654
5207598
11105293
10885034
39285441
5001671
1593664
8193565
2645668
29406039
3943013
26128045
45660715
1908125
13982077
11922534
1436944
9551666
3259345
54268857
7685674
48445876
28412
19382957
42041117
9457317
3871063
462159
2822463
57899992
11686128
4537794
52196065
11285923
51884972
55111850
55121545
16307520
5942342
708643
5280802
5823212
14330846
24430686
2510506
42589952
324954
1192773
9660078
14166561
13748919
16671988
17242380
9913744
583517
43107517
35926178
19495532
18732451
19166484
2131700
24582712
1386605
17267157
24181353
21674532
6285569
38303685
1571333
283766
23487090
29503976
304141
405419
13808
55342140
40845537
53676634
148545
54477622
58830224
11956516
56256675
56863241
19756260
27596908
54417816
56256476
166323
29266469
3214957
2265382
17505264
1504013
36244408
20094649
17486658
39771590
17717624
15731802
23508247
11537568
13457833
7662687
13785975
54897558
52448291
20639211
12489418
14548671
52335237
10101528
9441541
5284305
3402508
9660016
205781
33934679
3758611
219947
4362570
35723982
1335973
25230713
17135265
19729651
4013753
31376607
35032860
4314285
35423251
7299233
22683641
3744465
12545276
26726201
5640200
46262048
28580148
15082013
24225498
50445824
8633547
5257176
30838567
20805307
34105185
1956351
56690867
10707911
2746666
4630959
10590775
56238832
507688
474929
29254747
203959
5551749
3245771
31010761
35751730
1056681
1480548
485459
18069618
11130358
48602181
30552772
44621836
127254
6284228
1103969
50328467
1046545
897315
8882068
4179046
22886419
20908088
57337962
42033517
41920909
41541334
4072532
11193203
18982645
24123028
27773309
22295236
39573184
5542149
42154785
24575472
2833502
41851387
39467838
56439521
51958893
2200400
34491883
15218608
58200202
416798
36706323
36973489
21558830
13144095
12696821
20461477
4536912
329735
45324484
373672
1486336
27316611
5909386
13782690
28838419
22784865
38489498
26333301
18346385
5859116
376857
30818716
30993486
2672861
2437461
16073346
12562715
3372879
34298315
2086214
5165528
21723842
3168779
607945
47391165
47371590
19268904
53702570
52052111
14934252
47496229
52040758
3219950
34692648
49236054
35243501
5753218
31983981
5592189
256717
40966270
50974770
4660380
61928
28243635
2494280
16778577
24013021
30865221
28878698
1812639
5251799
586081
1976710
5074201
6323770
36511882
2380683
6274529
4598910
11169151
3027099
44571684
7248045
46709940
1008350
45683757
50776230
45045906
2887074
15939991
181797
6171136
1508088
52128089
26521991
1711523
39882252
1729516
44526265
4478927
342763
28946635
49029830
47397780
29784224
1271233
46203589
45055446
33571833
467969
44081142
487467
35169708
13579247
15962550
22773792
3646814
45522
43315366
29465900
416870
43380878
4708150
38472636
35378338
14182278
19466534
43482751
28131408
438722
7940378
33094612
26854025
2651325
17264631
37236975
53579922
31701665
19786282
55026296
1606762
1721273
381446
640153
19264087
15376171
42765193
11438455
36398536
27981198
1758763
1779760
6367005
25763160
54505364
11432282
35284143
11091039
4650431
58209483
14405298
47382690
47382707
47382728
40448356
9488376
3517724
38926619
47382613
28812871
44931378
54012952
1864220
49532086
43978100
17834149
47382700
34298473
28674167
49516318
29081571
400759
28739888
1173931
29011691
4511158
28960432
43590183
1993872
7139173
356375
13647216
26498380
26498568
5732663
10933466
38927229
47382189
47382184
47382538
99362
5466843
4363042
16880155
12504057
28821446
47382654
47382560
47382742
47382720
47382607
47382587
47382547
47382677
47382645
47382540
47382195
47382694
47382544
47382680
47382552
47382567
47382487
47382599
47382206
47382210
47382604
47382633
47382584
47382573
47382564
47382107
47382593
47382672
47382555
47382623
47382615
47382611
47382698
47382562
47382649
47382685
47382100
38927141
45042094
45244437
16881873
1262132
1717625
45042480
47382828
19176144
1258639
2256755
2256808
2257855
7794780
2806779
55078556
965022
47874254
47086912
28083427
3812436
54006841
4095077
625058
29101593
25915550
42505586
15451227
30790599
4674806
56384241
43464740
26694930
1445653
910844
16714023
392528
2452456
6804234
7660879
6202264
36766062
670646
2853901
3716695
35654237
24554091
3262761
11178746
169499
167266
21522903
30229848
36466007
22965771
41495636
33109636
6157267
36820938
36469718
28028899
36346926
54430972
24619964
4254164
36466021
30231346
30181088
5958027
21748402
23084915
20260016
52184850
50947282
51208913
22626782
2116099
20675250
7245192
4454773
4455050
33375631
36466050
30570044
36568
31423064
530738
6674505
33536918
32190002
16447808
31979540
29321710
30140900
29800494
56061584
50010123
10730363
1849140
23704402
1558204
424367
42081580
42109351
42109416
42081649
42108861
42081250
42081671
42109449
34311331
42109256
42081286
48047632
48057208
42081815
38992215
42081860
42081981
42082021
48057255
42082067
42082110
22099577
42082165
42082231
42082768
42082992
42083152
38793829
41693648
36542719
47056805
42081376
42108936
42109191
48057313
48059828
48059741
42108894
42148284
32615781
52114556
47603957
42108879
42109232
40177084
42081409
42109123
47095498
15087794
13046106
30071322
13046272
3253952
35034850
1999546
945818
2913399
251349
50108469
10691770
3094255
1234837
31326350
23666772
38596781
22615157
34188816
2650647
23667138
1465190
3960800
201912
32967184
32966347
32966487
563521
14697061
21188248
10150504
26241411
2154755
21396853
29752766
3981713
10108021
5531650
2281261
1040867
23375589
11958463
6155907
34657877
942315
40106633
487164
23900299
13445139
1381851
24912020
7650310
46667037
20267921
17607951
43221368
22436359
34788799
953193
3184503
25578908
29214429
51076603
23025123
21003502
3752148
38286927
32300957
36039452
54865175
4023213
20979518
26984485
5959328
34712914
47179653
36307210
3162782
56952631
6562864
52583239
56657490
41274644
4107325
341587
5481113
43874373
31765378
8908033
3347978
57892921
53333891
21028668
1334222
2928328
47095013
31885105
58223074
37487059
31799222
7860372
180445
52130966
53940605
36435691
22538780
31786291
7844974
52403304
55501846
51090762
25559810
51040389
26579234
46475058
35756538
2152035
34516076
50610081
20345861
46874689
152442
16890740
39456045
31684217
21764548
5364687
26808127
58743868
56790642
57729230
35698355
7514478
57276753
56916315
29660013
56813658
7460352
28047
55274138
34328667
7486293
2219088
20230301
42082874
27633340
5939534
40922307
27706475
53234514
53255628
53446181
53591420
54631317
53614374
53614424
54703092
53657160
53657162
53601184
54468810
53589165
53255694
54174727
53578413
53192064
53604623
53522463
53315707
53604595
53523066
53604616
53603039
53247352
53768465
53548027
57525843
53378491
54733039
53226986
54911620
53614438
53315171
53446553
53227285
53588465
54109839
54217413
53925436
2935655
858424
443150
1889530
50094881
55936339
38655745
38455051
38188430
38453247
38010921
38655789
38478519
38253723
38655760
54826888
12196588
3922292
16226614
52394257
3794749
41351834
3550538
33744564
17193637
38085540
4751966
20235497
11308227
20424037
30741545
4873297
56601044
53719379
53719416
30154014
32174674
27763053
30222588
39647732
226096
34870804
348385
270183
1638240
3547485
11332987
9269
33650295
51363
51365
13910
44524489
2639855
7848417
616237
1117450
79285
1072066
98935
5151664
23600403
483395
4141536
22133240
24292013
38637407
531179
197274
3078218
7564022
52068054
40792354
40703996
30724310
4215239
327745
28978794
195860
41394930
30535156
23158057
530331
37469849
31530323
2930155
31124559
4677572
840171
48978656
3821208
166592
2115751
5248
589287
4511448
3993649
3993672
57294790
420956
2163412
22294755
17162502
19969131
168224
1075422
1861828
1934994
3156380
25069529
1732129
2290355
22964080
32039614
34341
5662
311400
17895
42895763
34310824
23726961
27182415
22677569
535678
33072512
22305099
14821485
40524429
9458703
46187677
1442402
2372311
14262151
7982330
33111
240900
20084130
41241080
49974803
32078647
31376228
3738278
56637710
15624326
2777609
51089652
28026009
36289205
667598
3391403
18238359
56037020
20867787
1827600
13394986
24972250
31627440
48340341
37292962
4425405
45355076
46649294
181324
39004900
1881089
35030018
23963520
897420
48156293
33758989
25571439
31013543
16095249
24051690
7203644
18790395
8500280
44267417
26651584
11404312
149170
1686861
584809
2228016
4685264
144930
33951564
5622072
28307303
45007059
876255
3230705
5560362
67088
31842588
8837050
13375871
505760
1115961
4488870
492996
15732918
15551070
719365
54524279
1508112
10385519
185259
244588
193965
2673103
23083748
37995171
37440011
57125773
35223708
44719851
52948436
1828083
7058047
645698
26027488
876206
18761837
1749418
620299
16272361
39565
1047138
2230357
1410488
3143150
36045906
1639158
55837901
11811516
1606543
58777
4488510
33691108
221742
3723674
40172612
4156768
160438
3918700
54032
2587315
39832444
37568
16199839
910535
5254
676767
3456878
33642883
1043779
3960503
37665946
25919213
1109998
3237605
42051349
14503222
1972258
239253
215836
256695
1835106
1392699
6530059
20989225
197639
181508
19544925
223157
56477239
38898977
5362810
6242799
53086233
56667439
844911
7879939
2281366
273418
61358
266307
12328396
38908122
15134834
353654
136535
7789295
27918562
829338
1921026
21189546
22522610
24391884
38906160
2068560
23597414
28177
20903342
186330
41241741
1197460
264510
3777728
53924840
158492
25595604
47236519
451461
21431793
2495471
8455760
1251533
25995519
168221
32679304
1827032
31990184
41316536
16466268
17090832
5883157
55940100
228753
38032018
1214936
6999780
50326840
37422613
11401784
13929
34945846
25011238
1831837
340314
1870071
1172131
23733822
8999824
43250358
55044599
18763425
3332274
1986025
32065926
2347090
12797709
23340
27533089
1981121
508376
185642
12032006
47105495
48339801
4393502
12192781
29266
52175459
12276403
11408137
602114
46190680
10325000
18076631
10373576
10899216
43015432
512539
14285
33580758
17007089
12745891
4904061
16742933
9090
23431927
37781958
6126283
43131303
28682259
13727840
25119700
28223209
23845095
39047424
33523320
44017960
603166
5662964
39784978
45564275
8343377
8624955
13083448
37747762
68282
333096
45000327
46911576
34821434
28681785
43129012
6985614
173620
16925701
29802394
30864554
4877807
398318
602667
9171174
42868401
48405303
54721288
41895524
1061357
14098
2068726
435268
21106773
14109447
56258775
18994022
4843981
19946174
14253151
50166890
33153769
440490
30485377
32687549
9948788
28756775
42080739
7879527
55183923
31895345
27358514
25758309
16591817
17058744
31038826
48518771
17079791
24362833
54469695
55457
40181
40186
40178
40179
35944
35943
35942
35941
35940
35936
35938
23443424
785755
807969
808601
808607
708846
794626
794683
54318681
5881
5989754
202620
202619
202618
202617
202616
202615
202613
202612
202610
202611
148332
148331
84342
79106
65155
46104
52404
50037
49710
34856
52184
48060
42644
42643
42642
40658
40657
40656
40202
34857
40183
40174
40173
35013
34840
34839
34798
34838
34837
34835
34628
34744
34743
34643
34742
34741
34735
34740
34739
34738
34645
34644
34633
34625
34567
34568
34569
34570
28419612
34558
36179
339184
373608
407640
351804
407643
407646
407652
265379
45388587
695530
15642
10845
19344
1004
19345
15785
15786
1005
27529
22332
21445
8143
11323667
42749943
42733161
42718187
3554923
10538797
40999045
42775596
5879462
42481993
42793516
18180446
14079825
1068912
51282357
42706853
1647831
9746888
42710329
42573947
20563689
42755982
22523834
42700936
29619781
38542762
23044496
58558897
42784583
33538
7463815
46304442
193714
5339308
665809
43382004
2016347
600888
206960
52008300
42970995
20261829
21219455
19167840
477069
35184975
37880633
55601953
5523240
24365940
56337393
51628242
40399363
54397982
7105709
39270850
24324924
9165654
7289082
51526138
3606916
7106370
38480385
4270511
51361648
45189136
49447276
46599442
14311358
52454436
273613
25249479
15296860
253763
39195440
37088067
36533
56894411
57345097
47768051
1040000
25530675
39248125
40202167
32219976
53076894
24652345
149582
630363
5377
545577
9981485
7598723
4031654
25287133
25675426
3166587
36466358
3398101
53893113
52182998
316038
7509034
7952697
1659874
7123
5206032
26485
35488272
1827917
20839575
27424591
13950019
25886202
41000
20925895
6145428
26254
21931701
7146057
10544951
295772
160332
9014317
49134970
32818495
5752099
34248281
39602449
25139820
1276249
1827918
295888
49025506
15290
50514938
2542609
52557979
52713717
29821670
99227
28985631
20925893
50994625
27946490
7838710
26456374
5504984
459670
26875948
18382
14417898
32239416
30367482
20426
26267032
20354
57140232
27483676
5879735
21637
22862916
3775248
502579
599965
5463983
55480343
34741838
569154
23234887
26274666
55835384
12587786
99801
37075093
11178099
9226144
15927465
25792
2252258
24873453
86594
3991526
36692983
28483
11746739
35043850
3369076
15340084
35388362
28976141
25453345
50176591
54330932
32176550
1799816
7334144
213552
25739013
25960723
7507
1933583
1219981
54573230
1661325
56065506
33702193
56101197
26079216
56335790
36375170
43964969
55272035
53930969
56637466
12498967
56137879
29856040
56637426
2083135
1932161
53840241
50343633
27383590
11223172
41134790
1569208
57522627
5258943
3061134
29856185
28562226
16285412
53552374
8742168
54814607
56635915
30059012
33390548
48872703
42471165
4041
23579052
38190280
30418466
44181142
30558101
2591136
30558760
25132140
51335261
230172
18600916
25132259
41972144
102058
190846
22520411
10172
32222846
32038340
147616
14842349
9998702
741001
16005
39124
22268308
34322422
29559825
11251749
165552
415080
10394189
2953769
188885
31735866
43374750
57021149
2851214
27052436
10143814
25855733
37800
55212540
554386
2289787
242282
4135363
57814397
1586228
2992637
9330285
48029047
208369
208215
19400397
16613804
49256
971107
13733666
322355
9757
17736936
3306318
3088053
17737010
15711726
18092646
12967
11603215
47863127
53339813
1786604
6729727
3681668
53738585
29002325
52765992
52819963
17720432
58222575
10857
6304351
57765042
17720707
3350024
5878921
36038124
8965501
8965605
1826924
36713284
4044551
18750766
28340828
26173486
36533860
41560399
51233941
56336608
31897527
45421272
13890231
13741986
13519672
524271
13891111
48204
25965217
13899702
14643603
29684021
393363
11137542
32148532
2617805
2753269
782611
1466910
57274680
867894
34527113
4287389
6185069
58603502
336335
1081446
31351422
36929694
170487
595095
50566933
12830970
1160100
1061521
998777
8224142
521452
42149896
36919926
4017314
45357794
9524935
66185
106402
53850690
39523627
35581235
14878998
20668696
29198407
9138693
54748348
1924163
28227824
37537803
32729933
36770514
3460247
52386150
1699622
38005779
41437886
1093324
1405473
2032208
49911457
2153902
14350259
7315270
8917639
58232792
1160318
49510573
13295032
1721249
50207244
10701042
5099504
2262519
2219122
14992617
2049932
7369386
13062226
2625667
2173348
2331488
2205123
57300672
24502668
38704890
18941653
18872386
2659647
20951784
8706021
6814410
35886599
1250506
38670560
230566
842741
43590814
2839582
50026598
1208887
2906710
5154570
38911962
319769
51346
52350
1014150
1286180
25985020
24513157
465318
528980
1766749
4910842
726304
2560333
15750149
40831315
37799
45099410
13779717
5953742
204492
7748032
2375076
16909067
92818
13734821
1365857
331795
53301009
465426
14819129
796416
637219
1262277
1858822
4923882
7649046
428952
295764
6617256
429135
5467262
817963
2583160
12489165
51227864
433207
24434911
815950
32054902
946793
2080103
4929108
51374096
8413101
14416469
9718700
1250802
29489695
1260928
50143773
5709016
1000143
464712
465429
2900565
433413
13378506
43162767
15783414
11981676
26453663
26283939
19410139
15257268
25819042
31089958
302953
3495298
475830
175115
16022654
11477170
448816
5633898
32716591
8930236
4475161
31628663
43611289
36863709
54674740
44587260
316723
2179
37312676
25498357
9253
18190064
33487458
43399901
17878314
167389
33447383
14051
46186879
665585
30752254
77697
31933470
33702231
3698546
5803681
9647108
414811
189922
42445815
54331811
419409
33057143
409725
9831605
9839890
22558415
7414536
25093449
8629692
189669
2712468
765527
3536121
52745872
2370772
917995
7665690
47257736
55737790
19799465
1963361
36800862
4043610
8645374
5944201
1094619
22256573
30155891
2169169
38653281
53114829
45436045
4033098
36752671
32737648
4159552
42394919
6187105
7267076
10672432
46942911
22333859
2331619
14435877
58951907
58952070
16829413
27760956
14836812
642775
14970862
1502471
14038538
1678076
31295
884502
28801622
23754317
18691820
118582
6331094
16539443
3957
9109634
16524860
35942464
9137
10928780
30063552
24421581
25893650
13277
16107811
17335512
51590138
58126720
7104
183280
11823525
3049487
27685019
32907761
3170274
36886
11291747
5959121
25903661
53626404
16290254
11730918
57766788
2624057
14013748
24150726
47555277
900011
32927
27662703
56303927
4545084
36758088
12027162
17369281
1180038
17020605
246843
8148
9787607
37534614
70602
7080086
11919358
7375831
5635
18079465
20306750
7464272
45592
23279015
189733
9660501
4467178
16225974
44990478
7080454
45080
6922674
4425025
19395694
56206039
44631
55360088
44014
7717190
2792706
2269838
6908877
37462359
19914843
25851077
1833996
38678459
14092
25711447
15184962
28429667
5266298
1052431
143363
11143471
14346997
15710065
27556949
40786249
29492025
44611182
24096963
35171243
18888996
10047141
17286057
12468190
28655252
10528111
506548
1697326
30353884
56214179
4424627
17018101
56206672
25168000
3703995
24134693
21052842
5918060
315598
3431555
3841204
144571
42737
43281
2185764
42914169
78566
55883335
594329
24756797
552927
5473205
3595931
20378555
22146136
31864333
378374
83109
74234
878486
878460
246701
642982
397870
51745385
29865528
2299218
58914652
1227385
7203088
23206603
722166
56545078
52656680
3404661
192415
348793
169955
332902
19049413
2156650
1686784
3041571
1675364
52498532
252905
823343
54250570
24641191
10532933
3771969
24098432
25117436
53755038
1694427
12868484
7454874
24487338
46767667
13461082
13461648
50080000
1258250
47986793
6249
14181749
46721
57165078
14706103
52530112
11665131
19283877
52518293
23804005
27159
57195153
1111766
873475
46913174
53776570
1073116
48238593
3622454
34987345
11894682
11543
4881724
50426250
1973
547008
2021827
1147337
23275904
308126
62017
17914
2808901
5573232
225945
9717041
981728
2672606
463477
9825623
58907571
8217
25525
256749
1825690
101919
947474
2824497
1703255
50432821
20249192
31642145
40871920
1582625
1002075
464119
42548194
165158
3007948
540802
99613
1541759
8425499
16094
1497489
55121741
49720
42127
15492199
50764772
5250656
14631
3773710
1909490
407075
49202
44732118
42001
12281
56671043
22320220
1172493
360909
49455496
31627823
7843173
6705617
30860996
1466832
1068513
15135354
25933890
16474487
2839436
31066741
1807112
3723101
4638396
12281064
18155056
6201650
2461888
23994976
41941400
30795
25121
4480937
7093189
42900970
183563
213709
2594866
175425
2704698
7108572
24300667
17912788
97377
27113
11150813
575910
4717185
6742278
51376102
11376634
3408
19654851
174717
6196837
2963563
183558
15621925
7554518
2785635
1922894
53564207
34266740
18079
32375
2000305
4581658
31358008
17914517
3613072
7648077
1570289
1263729
31000776
17766353
173433
44942354
1045028
50271049
23477159
25686
9956
29767204
18409468
22614
1855190
359626
664490
8652281
36170490
24624498
4277819
49516543
12452102
39867851
24275317
297203
40249151
602967
313656
24916163
576007
22696405
883627
12284805
85342
43454774
885351
3954443
6837263
14761885
871192
1091465
26509895
2501949
166784
1428809
38672630
4343460
54265018
885379
4250665
50158482
24892474
46885416
19599103
25565464
28361231
51180310
1454146
192713
8911974
37403815
15945356
637228
42132949
39773873
3055402
1997191
30625677
16723782
979195
27296042
21264572
24462666
45653164
116748
25310228
598272
28303523
17223915
2498045
40127489
40234652
17864
387880
51767373
57469894
635166
34577936
5678908
1455693
45644046
165062
32080920
49347261
41232442
14082131
27751337
25686494
9489179
10763773
4143414
55509763
819847
35788722
17278353
38457886
39413069
18902799
706471
46671035
4104491
718973
39934250
342913
4984079
1424698
2261764
11677564
2626279
36158001
23106095
993518
31172872
35261866
1169902
31522657
50613684
56114
24911517
116965
30019789
16844676
165067
57914448
6142104
21952176
24909705
47220093
37933324
3260249
43349181
7381
4633802
20496314
48828864
34737892
14774
14889055
199450
10145438
495664
14773
2251893
232462
624918
2983517
316667
2351677
23970554
21508
52195091
42054042
48613477
27700016
30059402
2392595
26038653
33139
10935861
368411
1351155
13507972
4548177
26636929
495373
2231892
282291
53528780
54228447
304601
7968587
19317941
2288984
1219348
25741107
57538
19148352
57125728
51327656
5075440
54422
1941706
55056927
44551490
1399763
360435
43200403
47355353
8021899
30864668
29908016
11042765
13466097
7333723
32511805
9075811
16574218
32578030
1826711
40749708
322123
939736
868674
34203764
14034683
5893557
421685
494313
30192355
3199483
55979109
7618453
33685
3079095
30623301
1084808
2030432
2740616
1056982
1105173
199742
1183007
1102014
1130861
1046202
1091417
6864279
1091431
17821156
1098526
1102040
1183087
1090993
1105154
1056870
1091439
11615058
3293023
13606076
11358179
1091428
11613391
1091452
11614761
13185426
3293004
3794998
1091404
7865579
13187562
164945
13592746
3292972
13574709
11506144
3292954
1098552
13638398
11358258
1101936
1091031
11357790
11014451
1091414
3292977
1186037
1186056
17821137
2738400
1183031
2738391
1084897
1183109
12135377
1102146
1090908
12661529
1091425
13012754
1084914
1182679
13638485
1110081
1056969
1091026
1183077
1183060
1120248
1090977
1183083
1090886
1130869
1183063
12539811
24362094
11342025
205058
13531168
1084954
1045670
11341920
1102105
12651765
1084864
1091469
3795006
12649726
11654917
12126355
2030512
12555326
11359843
1105165
13012705
3292909
1120220
2738420
13574544
1186118
8364896
1110109
1164183
1164173
13574631
13606006
12803321
17821217
1164825
1056984
1098654
13592614
12823673
1183127
1098546
1090913
1090968
1084878
1102116
1105167
13591866
3794987
3292967
3795001
17821183
8364450
2738366
1084786
1091443
11014427
11359495
1110077
1183067
12804053
1105150
1090950
1090982
374161
11643673
1110122
1102097
1120246
1098669
1101975
1120270
1183050
1120253
1120212
1183012
1171041
1186128
12553763
1102024
17821231
1102088
11014479
2740605
1091391
11362463
1056987
1183016
12738138
1183124
1186048
1091460
12863182
1182684
1084925
1091401
1091462
1084774
11341132
11341789
1056978
1090921
11617670
84786
1091419
1090926
1182617
1084839
12555391
356763
84695
11359152
1102134
13007153
2738342
11341601
1186069
1183095
1098619
11357884
1091434
13574809
2740592
11644618
1105142
6120382
13012563
12539962
37643935
1186028
1101929
1098561
1183074
1102057
1183013
1090959
1120259
1102076
8658642
12230290
3292996
3203091
1084948
1183089
261240
12515022
2608107
12538946
193353
1105157
12571755
13012612
1091393
12803258
13635600
3292900
3292934
11014470
2740566
202245
12539995
12843372
1183001
1084793
12553937
1090907
13606253
12651817
1057001
12568809
12571905
12572247
12571880
2741077
2740570
1091002
13187379
2740581
11340907
1098647
11643471
166289
11654736
2035564
37642670
42516811
52992201
18478260
54453542
49373501
56802143
660679
27762045
1902917
18836
532476
503345
2287895
32420961
58652416
15378608
9825613
57415189
56538683
340026
32420946
33726944
58864320
18723302
33951178
666212
273869
24161377
316966
387109
48887267
332306
16288
3197311
505029
8884904
53307142
4043275
48837566
4128638
74962
5935306
1117836
64073
20762091
1796242
1742340
1742287
24192975
3453173
50123187
3311594
87323
7410174
2393351
4533592
7112588
2341023
10902248
784228
31811518
4671747
2450080
17834167
7596048
4792288
43060933
13715965
893563
58506504
311401
54794624
2376655
40186131
25944
952792
1398990
16456482
290237
322915
9082469
17091424
11518297
14973076
36146587
10804088
4119289
36880869
3225161
9240851
13462164
4175709
46515904
27499031
2739
485374
5062445
213058
2665429
240520
2998919
15361562
285658
5354983
31162928
7129
1795750
12986561
392629
12466
4220599
883012
36346052
1775568
1870664
4968918
2052150
1105110
12956023
6010489
1017229
18251720
53495
3116141
28767860
3194879
1770591
27912060
70804
401638
1599293
645631
12075369
2246544
2302846
627432
16850149
2136956
3679705
3377872
55341859
253174
1799819
1240175
21912686
2180372
49594999
48925635
282220
1446061
485133
1094478
244229
2234378
560252
25784046
369155
21476772
1815888
1999060
236674
3336985
38015156
29133725
359923
3971322
12943121
201363
9111593
35915579
56451041
7876904
20774454
51221183
3345809
15819998
57853481
27566599
7651709
47409717
298170
1815672
364450
193829
234993
15016085
58219
2702218
270993
47150511
329210
42720
1199124
21866354
4721
31521353
6059700
3078193
44627338
3107891
10878216
31211920
2214764
32484245
32469191
33077701
11765399
36179647
18483148
16229575
28554489
358336
1914839
103293
32990386
8102552
340546
10406090
39361754
8215233
3303247
33078971
48423461
48920636
34247213
40006182
6699273
3440978
47524995
5289620
21820
10526380
22670058
9272356
13016817
17370981
11950553
18323472
23069
1075641
38894794
37814933
36764707
6780351
384998
696547
56366044
1577663
10413806
1048052
46977589
38815153
221374
2257252
380102
8522498
11119616
608014
30097194
29152695
3038565
2591154
4041205
1098786
17869792
31555075
31554951
47150401
58506634
55094473
43559559
48989944
51670361
48824844
2073954
19333309
10710167
44547027
16436951
27879991
48712714
1076475
51055910
44717355
1295270
58662839
43003122
56485808
57927525
269525
43527986
33992
2790
26964550
3691741
30016414
26911117
12680498
23830806
40575899
881762
51651393
45389662
18543315
31448232
29508548
27266422
33386167
21576978
13662768
36364182
54575396
31658633
16731467
32335285
11743867
42369330
2290497
51466788
27482103
1932555
11063941
44425085
34830109
29425319
3179523
2296307
1447898
8318581
23396325
349868
148688
24815566
20932258
12451
43349616
11271075
46321926
25837478
1870896
980137
3745308
25706228
26302177
12025821
28831147
14322312
24242250
58500706
29156982
147625
44774986
23216903
46590527
57550574
29030581
5808541
652429
488761
53099449
37998218
22794433
55088407
30185121
1598642
1566
1429110
56575943
25028141
39903298
27058106
612945
3613584
6390907
53086988
47277417
3553424
38335997
24942012
25066045
25052156
24613895
25040467
25063561
23963775
24758771
566384
463856
24534207
25108767
27264339
4153768
16411450
199292
25066370
980807
4763849
24349349
200475
4540597
32641657
32641648
21699
200568
9037676
24024400
56574766
56591781
9415668
24673166
47276499
4111106
806141
45476728
766855
45328565
343412
72476
38050
58878766
5178735
3956787
2736220
6123392
1998
310208
2687698
60554
7115553
45433
723599
30864851
313642
51032
11052392
44950
250126
59739
2623328
3558276
45859
72735
17723509
91333
52250
1281059
55116
9483
596834
6537284
53840
1255721
47332321
38264
950009
140790
6399318
204547
1368611
66956
13887
13774
37534
3391396
43066157
1281090
110474
3049318
19791175
105036
34592137
176138
5797780
47905
15413504
1273452
417498
43694358
1004939
110577
136773
238741
28341707
8157437
517943
30861531
23438410
1444116
68682
3755665
106325
57690
2659528
2828870
55880
642029
13783392
10458406
1427618
38881
74592
38707
9062581
12829936
124622
2813530
37409
53274
295123
35251878
70581
749790
135454
30063460
684782
7766553
31830757
180264
81271
108244
115846
504603
614096
23026062
545270
1888151
1529696
62653
19450529
329680
410081
1391565
1597904
21488120
32616
51169
136747
1553648
1404483
448611
135552
260272
43412
137475
356443
25167165
6934693
54247120
2466
21371767
159577
2136653
346967
56494
430948
3295
1505107
189203
285868
277568
176833
1472026
22526145
378109
264105
56636
209476
8500
2355626
2168227
2766819
263530
65811
11525
1006797
38577
11434725
1453902
59684
215076
17123
171627
1183662
7528264
56691
1269796
85232
168935
988423
555921
1630504
1221559
17306237
966904
65430
27502429
42040875
34723417
3894611
284223
343524
24583893
25936
80269
24320051
3715871
51491
7475352
504969
47664242
2259153
31453
1739486
30269
31360
37472
316067
63861
7375786
82138
57404
481174
24768862
3245483
56176805
16199015
56180966
57119173
56181684
24051593
56192438
28067175
56192313
56192007
39623418
12046662
5991461
850010
21351751
12283317
56181314
56181088
56176306
54921520
59069851
2137779
7117512
33302565
38269024
51367286
50710234
1806632
56180677
355225
9736900
3080
535877
13101399
9897099
159369
20609622
58241
518080
4492
4443
4238819
539713
57161660
23053817
4312
13345677
70291
13246544
15438856
25394437
2882512
86807
9853127
31034361
53669
14180953
2634372
9588637
421556
5800892
5157240
169103
430062
2650853
4441883
14703648
340282
2238668
1846041
2000461
5432930
10992
8133992
38823
402344
26016150
28246759
3968387
59700
895754
1600508
40010153
94014
160976
1304505
787785
323304
998902
11418237
582933
10755405
12103919
1560007
5690458
43891101
10267717
1938014
7773720
14883
2535471
33610767
16082
28704306
10665818
33220026
53414748
2704100
28342148
1573420
17423
7016575
10242277
244481
405940
604593
22485800
3467435
24431255
58299270
22732456
56274
390529
16815
532464
11191809
15306556
8113702
896781
6834333
1812742
2360295
49968
7058311
19068
15439532
184763
99627
24014383
36636
1554283
1379502
5945134
20485105
9691852
9694646
233369
1017712
13245985
55545
5164931
411667
2200885
284235
564479
360094
6010607
2976664
1406850
745212
19536112
65670
18691665
28412943
45386
381865
526195
1096499
477095
16942823
323384
231961
17404917
5668715
13237197
24387678
13172424
16131552
24618362
29734044
2455071
1523625
31275529
28620651
40471
14030921
31099317
24540559
515053
189455
13063127
34627687
32597
1666786
387106
154465
15308994
33896
49146
1474915
1327436
23218987
31873349
57312500
995922
27553277
42698182
5752051
52891039
48502494
28246683
14705625
2298723
29525903
712865
47085743
55833099
13735117
4162375
31341215
57804526
19732568
1840254
34507113
30818712
69718
58300827
9028796
48208524
7474750
8599873
1769867
15227378
53098485
8916288
41200841
13190987
3711215
1410237
36496847
6219186
57607833
1608246
40118862
18028729
45521454
54670232
4496360
55859147
55849584
55824281
8979002
1251492
8998406
25228238
502499
4136136
3350640
8981398
18622081
8997646
5868612
3213407
4845957
5502266
14280427
590524
12238892
4147502
1202989
12348366
9372358
1603913
17733441
1603873
5301493
15709665
1674865
5366678
16718966
727871
33614408
23630347
15354388
5721479
12639
17627929
11958091
1273371
8681060
33215642
7888663
51513332
7597459
162241
31098262
37307348
854
6645651
250762
159433
3176093
1752957
1060851
47858
616245
617117
1148920
58481
53133850
4900276
33215643
507628
48872394
5501300
600848
2729134
277919
46501879
20457903
50250
636251
1755052
930052
55063
5311771
2008859
75451
230956
2388372
872026
36473519
36480147
5326076
4215226
35367131
76488
68743
7848092
38260
575865
9905883
5388940
39715
1028666
1364993
251301
2315928
6175703
11253654
5817727
601694
1996872
1379246
891132
3031111
22904581
325752
184235
874676
37757029
62142
867447
629237
60361
51901898
238040
426875
55064
143100
214929
2259138
3088398
346016
307935
1015338
583806
3923079
30873543
317992
21486360
474125
80777
18495340
3282159
22216173
1313846
18671
18138
3793609
750002
51402
234082
57274034
26624902
19078
45678306
1754714
47595
349428
31248986
30863688
2162530
19933561
33543971
20189
71454
46007
381121
2928969
191429
178715
19407815
1825524
404331
42876215
51625210
21724
720778
21492837
503250
172232
241261
43619613
147471
427682
54340583
1114732
60759
501400
1686174
1342579
3903005
371248
37551904
1121972
314732
437792
437805
417624
173135
27885
37071478
435859
676383
7852748
73588
7351766
28399
3379361
190874
1342676
149274
2575443
718749
27067
385081
5622581
21050998
190883
144608
522051
39513173
433323
554287
229283
36184743
28138776
842315
31516
28138785
4055142
43617067
1897180
2111325
33686172
30853
39882512
85722
2476625
28138790
234081
29888921
2962865
22620616
15168792
405978
43835636
50612141
338147
33658
5574915
29100656
12786691
25862547
1572414
48091369
53139915
52368605
1013518
56181984
41265341
56900155
54638395
10571781
141957
888572
20983717
149676
18134112
15603870
3527094
3907977
48903819
697166
48924863
3586970
411091
4073155
47610149
22602259
17553674
3582953
436374
8526396
82583
3165928
2227311
32734383
2551242
1359910
45190656
48334145
48216150
34335413
37155131
51255897
49471087
42363093
44707614
34378626
53515939
53867083
21985535
42979925
41975762
29521306
47292967
46314411
54612529
53472069
46497339
43482857
35349024
31816013
55840536
43661068
49287516
50256460
37442017
11942605
56397736
53654761
38214750
10406323
8974442
45195715
55447762
50506796
43114042
58068224
57196508
54309435
48789592
42516318
46242949
43508405
54487071
35982207
51834094
41984722
53456301
50244482
36723078
41938747
520421
53867431
54299459
34377216
52261973
43290251
10887124
52256886
852979
51396529
16598232
5749929
48393672
5638040
32574055
24202898
2878046
535282
17283952
11054436
14690683
14276237
36856032
30727318
16005867
25614300
11869125
11176597
42908426
19812118
25941693
12477209
49051939
36422453
11826250
44676816
40654250
6818549
48326568
48308535
187919
35452997
2737895
37713012
4877913
23392020
21593134
46204715
47068740
28985746
35233688
6435607
11437095
23147227
40338600
37040005
42659417
39119410
10739609
10400318
11078542
30046996
3930516
5000362
48229765
14187903
49334563
5451425
11049264
39710976
15485840
2191880
8803301
2971454
39396341
34780592
40384967
22597265
38004318
1193609
43689419
35130479
15012336
40470372
58723902
21108916
486215
3087454
47669422
2196932
11075690
36630874
21407518
2976222
10350225
3492266
19805154
38583925
1609553
51860616
171761
3864
10036719
2304457
28051
568849
5579651
1703740
1115808
13134825
1926861
646771
28046
33887035
2294221
3867877
23409187
28394320
7678210
19372829
490568
6863392
2409191
28064
1493492
28404016
7770119
35479610
2659106
25529297
5209059
42573906
15204666
3759636
55661580
30350408
37900503
449964
371186
1172920
12711627
2176749
27540718
22722859
316789
5014699
20557386
8229053
28066
2557478
38227478
9765654
6374203
2905314
16490844
333154
24095228
6685287
2485422
7051120
28082
28113
172933
3916765
2168341
44103
2658444
28061
9474608
33015386
13425800
9755597
24114935
4614044
36282893
67173
3435022
40290997
4836118
39992407
1585862
24199350
148635
39971785
2419084
58095538
42016439
50022944
31049103
27179600
56297553
30873056
53588294
72214
21075880
50055937
42617864
1019091
37257606
168269
35799636
8103
2206580
37514
6413510
48640148
23000071
3695117
33543787
638331
47183801
40380109
42729808
8026722
214043
56921904
1974988
55204880
50128538
5023832
41422841
3343805
18172194
20498
14795816
1517711
14056148
15059413
24920758
8842893
2161882
16350357
5089277
53683
37477110
52145021
40495206
404505
6241951
720599
4008941
82974
25008
15487
45547
47842317
154074
56635096
421012
1481067
20611212
56116
3364880
164406
20124600
46849992
10847572
153499
2204271
74673
53280672
1591612
4873216
44368234
3154383
31964
18537936
327806
31049263
4384335
56821329
48626
53330150
2589303
42007734
33473249
45466472
24436223
24329941
7062377
69867
28127236
37233028
47417845
29613006
89732
1431051
56588660
27662168
30477724
46880097
46893699
1173346
45594346
29402308
35608259
44342304
51902477
44390632
33110904
4820896
24630500
25090564
41162464
38466004
12488904
8355983
2075350
29444637
9998156
28814343
36850340
31569884
9285415
4041366
53230170
45616378
8841943
44278249
23572929
36849151
46315570
20610197
55979268
46902526
6131412
42724701
9924698
3144642
52144995
285918
28807360
29643755
22713904
34345985
6166592
43086661
654343
4378582
55747055
5508956
26337113
45604181
1575223
48757588
48345834
17951536
11489895
8343529
36552488
4031280
71246
27867874
7645962
5074505
55778717
826850
24186322
55776382
22523618
37126120
962224
48674068
22879260
31347126
31570362
37114403
44282314
1631358
12229873
243495
4048623
15873877
27538168
31124421
12314286
22742
37106232
51356522
31569955
55735745
2069374
174814
53239157
12237724
1963761
44716989
288400
3877101
261479
38483998
43964576
15795297
33068101
45602626
13693806
30856471
46802668
5455223
46453694
54407335
760571
7714239
22706403
31449831
49633190
22976479
11751835
27380272
4682515
40712105
1007642
22886513
3684864
8468017
358837
12284556
56146951
19892899
51855532
52273912
907924
907995
382074
27197114
8092763
31162962
56153527
43824323
3096130
25386608
3130315
52833388
20919884
33326175
1998877
354009
7694768
3931064
35946985
47514903
34063832
1044456
27919332
10157023
43080787
35947239
592830
23270696
22609
26748612
683252
12499276
17836390
199256
43082987
18642130
28238
7246021
1090860
2275676
1409766
589658
28712628
28734113
2032300
24514641
47145695
4905584
6357967
2488281
55327521
1703619
4082298
27701073
2086947
1703589
47145498
1155995
47145689
56492423
13152040
6193684
50929834
3613332
34814781
46715973
34416873
43641917
49024634
11744690
11744757
11744269
11744440
11744607
26266501
1857621
29540624
7819722
1306185
31985477
23954140
39151134
42537874
20993674
46713922
34810117
37549773
8400567
31594802
56688797
38670230
236975
45273635
45283122
1803590
2474014
33700672
10929505
31349118
56002415
40378927
3984800
1549586
54350981
34304217
2415598
35757150
56512015
34727409
53290020
25248801
16785510
49999901
1954898
23768495
20647153
53548763
56011849
21025981
41661521
28810830
56431267
54300944
17249901
3018006
3245019
46975228
42843131
1808883
11151031
3000572
56915648
29923423
15495
21658285
52838549
22696156
31621733
10373578
4884918
56921455
52547947
52545779
12544254
42742573
8440794
34685701
25375151
2660024
55461884
3741747
5961110
48249165
7905269
3061661
31454615
30506970
23942156
39266647
38670301
19859347
10712340
1428931
8969967
9737542
32795757
52647051
58883120
11926965
33109218
762947
52370620
6962002
20308010
22875827
22257220
19132579
26521024
49003851
35702408
19160154
58741508
690428
44940948
43702931
600530
604567
50593281
30504893
14927404
56511151
32399342
58709507
45282433
328767
19160166
672797
380103
40071098
4953544
24422439
51226053
33313316
54445753
19160169
53241879
16106869
19160173
55433791
17809407
25740081
4738076
3813072
29127184
15333697
50781628
57531065
37388677
41056307
33896364
51619022
739171
55957782
55965112
5666620
113595
699265
58427416
9070748
4355689
36639777
35534410
2011339
7921288
49003740
26052233
31328440
40731093
27472075
3724202
32530425
15303241
33607800
422285
36105137
19186615
4172627
19826194
19315290
3679526
30996084
8773205
41048445
3865516
600431
29769334
7876805
8125431
40187534
4248945
6045326
16728011
5031834
5085176
48557870
34817499
15422616
48945147
12986264
36105018
366356
31450208
365559
32898703
39491026
36105131
17119777
54411742
13111274
11192642
37388083
167759
37507268
23292034
11817346
20612855
56674122
28319848
37094839
22114686
23095265
19160149
3649537
37762380
25747726
26618369
12783448
165703
17734198
51247377
32178376
29205115
26264604
16946721
54920088
22515425
12445181
33814423
21384217
58580724
11678035
33657826
43862173
27364462
23006542
9788431
43862748
47550062
24654128
1179888
1179913
30730101
23618630
11510641
7074615
33547347
3679050
41187712
1552198
13458948
19193976
7264170
26759624
32733136
37964475
15081744
32580074
49340973
57360999
43254555
48492675
16035219
21108825
53382193
20952114
9784312
1758289
1806503
19877099
5739065
9940627
11866879
2736854
45450807
9425879
1444910
34495251
53027393
16936266
31548945
11536915
15668398
42425338
11929989
20623953
33228611
49683529
394572
8698952
53854143
22443937
14674672
33562665
46714159
29045550
26376590
7952471
39300642
35194635
6353698
11696978
40379780
40378201
32629793
36433624
42484925
21918748
9989464
35807756
41408770
56847351
9254165
2953343
24144026
25443925
14435121
34327467
57062107
43513556
9327496
47578689
17829635
6719212
42493479
7083739
38316418
33253201
49444769
42207810
9626796
3660931
34337702
28563342
38059558
40418691
7921817
46756537
12532390
45426488
3754471
58750069
382511
32580710
50498815
43288355
37088511
22357144
8190694
7110190
53676163
32583585
14295934
7825135
8332011
27313049
21488758
38178707
99125
52343734
2244308
40276437
10844741
12602916
10391781
25661393
7269167
1796693
4096163
30262369
12564829
21585542
16162986
16700865
30079285
42095937
19891472
773818
8331742
2469435
55481987
9135113
36966745
52080379
21786641
46712804
10370203
42493121
7311903
52023684
34520544
56070996
563226
11337285
7173720
24351081
38343552
3795102
36475508
57441127
13984305
30056024
30486963
1735199
7376125
44466439
10117406
41531812
15402046
23614993
30983631
7650014
26912311
52792050
24401423
35992999
22738262
38484634
5850579
30865174
31283654
2127969
4808666
21701122
56265303
21091057
12689262
19827780
32143106
26516329
25680677
18442360
6838307
28754767
48998472
16034432
24040917
26177917
25659737
11188300
48991953
38597158
29272654
31043566
17683322
18642703
19852879
8902517
21341363
8878177
57437799
17683305
8960889
8401224
6710184
1658356
45242111
39521206
4944379
59037114
33314056
46213694
13077411
12226139
9389288
20924381
35486422
16798332
13600647
27238361
28991065
1838453
1453656
53569628
38268340
8699089
5393695
2066697
55829059
54977354
10824197
7894960
24958309
55061792
5288908
11065987
23310476
14164332
51318128
48645438
13253588
43964732
40452056
34174942
38343828
39002348
17874604
43849257
12280531
13609405
30166032
1431888
44223741
10929786
24657400
57763606
57449388
2602099
6129946
25770422
8703664
6244699
22053240
49629000
29761021
32851667
22879569
3963885
25587808
10983473
35366545
37035568
40937088
54424964
13151267
38707343
24750414
25512985
27985663
15346
34042680
10293988
47887920
2353975
10869037
8169915
20156829
19437961
7828347
2893236
2606860
30428341
28658679
35011217
21368780
782302
10236735
39369653
31202547
4937124
33876461
43621263
12434128
20875810
9060222
8595689
18540822
3231754
32421768
20938687
7239549
10020469
635954
27212191
3661442
27459533
742780
26909383
41914580
8845047
7239096
2036080
4240488
2991157
54647245
28044266
47049804
7486817
38069335
34055517
37927495
42963788
9637674
25525698
10653048
23929582
46227955
600204
22703798
11214538
37404470
25648473
53374513
28195638
34006393
47564139
526936
40753365
34791177
14979538
42854661
2922912
53689724
28269121
9797611
51852718
33381526
50862029
31805630
17327426
9474263
14938868
15749502
8821854
18750055
18744129
30883833
2561766
10241545
5316598
24524062
606039
42978493
8413208
7251962
56853114
56861131
56861144
19930734
658949
14980843
2991575
42765479
6637748
22382356
690243
56861123
3927303
31460848
40666398
13777186
2950235
5810751
3618556
14961191
14943926
2705078
14632202
14631868
22815604
43834004
26203820
2686753
46714798
56861150
56852493
37851226
56852891
26040480
15828894
34731034
1400705
56861154
244354
31959070
17224076
6278799
1133118
869610
1245462
14360779
1027324
46403881
5627720
3589295
56286397
88919
8309
275051
2022651
7598228
28116099
877353
2340491
1704222
1297694
20925054
3302820
570062
5504630
30366832
44409804
23897688
26411796
6001461
12350939
51081092
9031103
455150
29269618
20222384
12117603
7802760
26558506
25245790
35739066
23129563
17617486
18390988
5219129
53866273
847879
13258353
7322
6139438
41975063
44506783
212374
37373
841452
26257152
34698401
15577279
11473533
28937173
4302669
28140468
22185825
5909103
12193774
6707204
27118694
43896355
359954
1052023
2386275
3377680
728004
37280998
92847
6462779
92815
90198
27764770
36029730
5326
54223
92821
31865085
31918503
93127
44649829
15562544
94623
7881514
380683
31925401
97187
397114
10055
1813173
28125294
1116229
14044497
27240024
3517209
9801646
92858
1029554
728003
5304423
31975691
402201
30828401
33144582
14067509
28549106
30807231
30782487
31965225
7197701
17055
96423
30798432
28272647
8076706
40886482
28125064
5849742
4819089
28124101
58574908
3908190
14403153
7286120
1923664
312976
58346759
50919806
97094
10569161
24290
312489
41602973
2014396
92556
48610944
82710
4464359
95460
2396489
6517935
57998556
36136909
32037005
9120954
15630853
1017009
19341074
711032
57166221
36029714
11245797
28140686
4168623
2307320
19272041
255573
90838
65627
14067317
412703
301899
46492736
4553109
26341738
2594984
460917
561488
7139514
678594
54015318
3302423
86346
2111364
74094
24117904
803262
36972698
3391637
198827
51343553
2115318
30333903
3363650
2351785
2814788
6391797
2968366
43772696
8159227
344047
61410
3271645
3375012
52402835
241857
2546406
1237196
85135
179444
6140
30871305
46777432
19014270
29161
8457942
4305027
301537
2064542
4646635
83207
675845
3369681
3986
1084766
7683956
316134
2275686
19397769
296732
45471841
11149541
2040158
54444254
518621
780445
13684
2071879
6868895
11037991
24118466
1618943
229247
21251522
7733656
291747
5098292
37027181
23289755
2175397
23820619
51578910
10342253
18175635
966533
53305589
53316021
30479
4393787
27007
3375112
586522
50614038
14840940
30876078
86449
100012
5865712
192031
27438491
1424155
435081
326192
2332845
1117127
369227
53314867
3375199
4106591
24635904
1908101
27397791
159204
533062
24117843
25589909
8139424
4403494
40487560
2232329
27438691
12548007
3370394
69035
1006790
15872
2096492
7690918
314528
45353663
50054444
32168
982691
368422
27921198
738264
3403189
11162096
8437
3374940
1908050
5692969
300472
888207
48358091
17562268
36982
46201285
36523419
163852
5887445
2051567
32131559
1894412
1423602
881273
1971854
40088250
790775
11709
912426
634222
44247100
1186934
1789850
38358834
51572309
31753011
59074042
51982232
59787
31480488
7307026
2863150
11705957
53180781
12264843
13258543
12533094
35617716
567655
1575598
156658
3748987
9236
3533357
44862806
49482835
55257518
1260420
30744522
36136905
19349161
2533237
45682373
46348501
53867278
15938221
1065253
3079141
38045209
44701366
48719972
52408383
40745870
57977652
22433196
23083720
190837
268020
1960343
2490200
2132454
53918629
3230875
47971685
55895027
514231
27879368
48471703
7149688
1159407
3592098
4187880
8746727
53365898
19770
2466610
14389994
11241418
46661027
49516442
53850852
26999670
20044858
55968776
46324244
43868891
7917758
1267220
8028338
49021319
28545000
1174964
1448018
31880880
40624269
44055899
31596828
32128
926840
20847621
46333271
29225441
12025
55927181
17877040
45667444
45667572
48032454
48032533
4083089
157833
866026
24242210
2839278
7509273
376052
52442161
53371986
210286
7801511
4098495
29401087
26789633
1769438
5500855
791114
6889
1118256
31753161
547420
2013678
5411444
640846
52414665
28325198
412395
1341151
2510815
708195
2874423
3418112
3167861
49863782
6761170
36616118
10814
1607322
169269
8110095
45558363
54349569
27855197
46733917
31539030
5898339
45639384
27812533
35632355
11036427
47228579
2421384
4312260
54603415
4083754
26575592
13170237
37653159
44383547
37797674
646660
13286041
42955281
472667
1853869
1853773
1852264
1851378
1850846
1491115
1491116
1490734
1490327
1487219
1485784
1855583
1858742
1864059
1120154
1034339
3554409
343261
691874
17937456
1536236
96628
2222518
52328268
13301952
27725112
1528776
1100499
37641052
2053831
56052591
33165502
52630923
3854242
3990952
22431691
44398243
4098466
2682840
2524765
13890291
14368223
6490247
72243
1183387
26120557
24306566
4101882
999909
318672
55030748
20080535
44525775
18143904
588564
3280462
56373983
37777670
51256915
34984967
41865411
77492
1443485
43591208
1664561
184483
25908088
1663139
3224705
4392610
2216052
51634
1017748
3013746
827158
29776592
18254861
1966466
3219081
302645
179824
4829036
56224032
25897766
5341555
1011679
97517
48981533
72581
1546032
95777
95782
30536683
55489052
669886
14365
95293
1099047
1194702
28813036
7226514
18338962
9403710
60786
41365592
31235
7476016
1151041
96574
4341855
1830381
33736601
2787
153158
326920
2993817
56101350
32703814
1170166
3902028
35632441
1523787
52325275
51926348
8485135
47906524
32150516
3268926
2169038
29491519
41856558
40000270
394464
40341221
1301827
5213005
20821
92419
34928636
1886716
13041514
19590450
10358680
610074
538810
4082177
23678
103437
653006
971997
607464
24959
19179678
43588545
827792
9911369
25765
54551950
5977418
33329683
150135
25344564
46565922
372437
458078
10029
53800065
13435552
7109281
795184
526648
1915666
4913342
4535580
6870645
4907743
5802112
526488
9412160
3249868
15851980
2260443
2865150
7109236
39481185
1821711
14258276
9250068
1882706
526647
9523753
2636347
7775525
619119
1193861
21607397
3007244
10825488
19291269
57899729
32267569
40321354
8598604
14220736
50000941
1413997
472146
740634
35836039
16806155
1128052
867850
46862086
2400008
37304
228998
1409290
361643
332245
2909815
35538916
49289326
333826
34710472
40066592
29535266
54956
14590246
10671
5018128
457623
49499143
31952115
1425360
16340
22588
26696508
34786461
19455
9171380
15802801
1180592
28999214
59033494
20909370
2071225
5098312
58565830
28246232
58441497
620530
1129178
38612139
2248008
31530961
19539104
22311897
41186221
25411921
53073627
42409365
1730162
55868881
12256826
56561836
40047768
56997673
51265646
53064363
10941313
35300993
327631
15640137
13429072
30916776
1884392
33130528
9907370
54300235
32332189
20904558
20904559
19097556
5453295
25721094
1018540
644041
1162110
31270479
31315954
30876804
25459458
36980787
10253558
41495235
55703765
47511040
17481624
20974036
2114955
37020320
22097849
1399183
41952085
11708373
11062060
8311301
302972
8936264
4462617
47605922
10001760
51663638
258944
6598053
565362
6965812
619243
49953584
1107605
41924348
39188044
42578737
42290456
54358169
19491007
42178962
39345285
5724620
42151706
1460996
1414133
53765597
58892509
58892915
58893254
599683
58834494
23279483
56137524
23373471
32852824
26629770
32625048
4192630
55016743
16810469
4148811
40667225
29360989
38521983
32624110
40806876
36546963
3842333
31088694
5345085
10845901
17747678
36870779
11949142
1337571
3761425
33963943
56801616
19461826
56806350
68604
13951898
93506
51176143
964150
87890
46289
301719
1963956
17405975
18547138
52764668
46414271
20169675
38076943
31894521
27174257
23383834
31896477
43725258
28426753
19106974
844291
15704208
364286
38359281
38055341
31893078
2160140
8682624
11271401
13015446
300181
5516086
4373278
37074740
1427184
25891135
286478
5232431
986468
11192902
419509
17382713
41697432
1294079
3195236
32127814
4053473
19148025
33081944
7375491
307502
7571231
5359467
1905040
7417294
2423200
2117374
1379331
3872122
2584909
692808
46532003
31466668
3871415
1490636
31923511
29479362
49717766
250401
9738942
416787
2452445
3880050
6300136
23085408
477815
7652001
10886497
1757715
41576979
50021573
1477153
31160017
22925800
46955363
28392892
12840429
42402138
7921689
2173228
4852080
72705
6429380
29163913
2165599
37412159
512280
468458
1394108
1296388
6921205
2637385
2048173
57174311
45151723
2211034
12029692
1619859
9722632
12116644
6426450
2876716
4515441
18563933
896750
3740942
2178
10382585
36589144
2173054
159184
644144
3207665
1596302
4364457
2725929
35296519
54296633
9017275
7031310
360812
65218
21654139
1470011
10108869
33089845
47118
2181910
7392408
1889033
5000415
440276
6090994
290392
2676674
8451030
34296981
3737120
26096
8056034
47787581
2291106
1614968
23397345
47776353
1294202
1882525
366567
5164148
302262
48639921
5133396
614506
5821497
615124
17386257
3568712
5833971
4608116
44589681
43143817
11015252
43349749
37333650
39691334
43134145
43934112
31458654
52024946
41330767
357308
44589765
21617199
11367284
5623486
38667895
37818808
7097242
54964960
24489978
13887298
44379517
4283625
59047286
302252
10522152
56232242
1896889
5721669
38499179
8467077
9985755
8824
39699737
2609358
39426236
1823182
3273162
322163
55710010
7973400
48969761
7056868
4530453
4963629
40628008
59047396
40478017
6152834
41479162
48441126
42823898
45443552
392304
11163409
3392048
37349
3661758
44358145
44379811
20180150
16936683
38859786
5971202
3849813
54432160
18849
8315436
3690512
40980061
32275208
23328201
39658843
1470347
7092541
13652104
40949222
1038798
55800218
25051739
34492673
12981529
645713
42384660
31771913
56997133
300184
38280978
48658120
42768428
18793404
16339318
53069992
9641126
39766788
41249155
4093375
43349971
38888613
2630795
43473086
20224767
12278597
14354202
1480989
55741899
32481792
651231
31720130
42220079
47574487
31336385
28621
39244097
11471733
12461645
41304880
31155053
19036648
38497833
36745639
43349760
39903086
3099428
39459433
54475887
55315050
5021160
1966908
55868990
923406
52893548
7247
10443117
1571390
35119403
50482513
8258191
5949785
2267869
2208292
26636309
2267847
22180428
77127
8205394
56733968
106082
4301701
697242
42266
4057344
177907
921136
43087289
19548
8094288
1153843
2811304
1213441
268938
11768709
1582312
747259
28004507
26482249
16985133
16985144
46523185
39038931
24683622
18843884
192829
292892
58699370
6094381
8760355
967552
58076448
15769715
11267401
45271303
30203241
52572580
959908
57647226
30501244
26852213
1264610
34820384
4474669
147461
13064314
6794673
12302640
31935616
18190104
8660390
23177944
54570
57686232
52564608
463572
51450545
34904974
470292
31811329
52959112
482711
19741641
420312
9433220
1076806
33101223
16194197
12070080
58263273
53901388
4598612
31272890
17928377
23218594
11345754
17645273
22420523
4800442
32315768
3174404
2476072
14162
1614714
26516489
8656556
2198160
80937
14190685
45272037
14523557
30682427
39690140
27209056
5369090
8385634
26371734
58235338
16595709
55558
58672639
36132793
2943691
21742296
6834400
17938322
35466481
56595644
1452829
183593
54123
33451754
344636
10947294
33511173
33931501
35546730
7774845
48287252
8125947
200121
3267529
23391759
20606376
6315825
573646
15754847
2204219
32530878
33663228
32336601
6019355
698857
32766895
433763
3782549
3104905
31167895
21312676
18390919
37972773
3935456
11821029
5580856
1689365
36224020
7877990
14078966
50416023
1104454
47554620
57487450
57487479
54115568
46649848
41793795
50004431
49153068
1244953
52251532
53911450
10762777
45684607
57341280
43150588
8807652
9059168
591135
294286
854316
671734
58434422
56110532
58552106
55396551
55780030
57884484
56172007
57338725
59022132
58110291
15578441
57827831
52485633
525311
56858533
888549
4067375
169213
21548158
611507
57393912
57484716
57588828
35940395
58962080
58442718
51820453
57543194
1390380
904593
2904759
57828139
24870275
21267040
52285994
3327778
25815668
5842030
15622519
13213920
51898543
57358809
56767723
40886115
45636688
45637060
22651708
40580562
45636898
45636373
49701953
45636751
46364658
45638447
