21830
37205291
19468941
52634071
9228
40159918
558685
53806811
14389994
14272151
35659147
3759820
169115
1548703
4316600
212485
12393
340304
33959
16657872
35593749
49659014
103944
3958869
249527
37355128
49316021
4277031
23350794
660678
53261437
18032715
18027464
18012286
24694990
24695021
822008
24694906
31466336
55409829
16964856
146118
50735633
33429243
2824997
16657861
4650764
1301543
1760214
2099301
12422403
37660
2395906
16092414
15911800
31645223
2071938
41816267
4065564
11301067
51130935
20172828
21873573
54612063
45237559
50752458
58377746
33896250
49801999
29529485
51506837
25287133
174069
35971482
33256286
944638
41077022
47992
113728
226741
233668
888727
24179592
248189
20571391
11603215
4387132
13844012
2068726
12804696
148578
41782533
14997569
23708860
9951602
315426
27132425
878461
4224324
26726375
24714
146689
827792
24994958
4396171
29247528
1335297
233636
2430727
26686432
1870708
52275835
31016
712222
6262231
19678805
38714
9649
23721650
1841288
39090572
7900498
11003420
57151017
36238152
1800265
46488727
31450053
38328166
41731857
1610231
321382
44689684
28672294
22807593
4772620
26356935
43699304
52058583
4329772
32974036
1686779
180236
37493759
40111102
58439642
3595285
47958635
52660479
58590304
939466
58664232
1413688
10854000
54716184
58075631
26830333
9236
3533357
44862806
1758866
49482835
55257518
1260420
30744522
36136905
2377491
19349161
2533237
45682373
46348501
53867278
15938221
1065253
322355
3079141
38045209
44701366
48719972
52408383
40745870
57977652
22433196
23083720
190837
268020
1960343
2490200
2132454
53918629
3230875
47971685
55895027
514231
27879368
48471703
7149688
14329
1159407
3592098
163901
4187880
8746727
53365898
19770
2466610
11241418
46661027
49516442
53850852
26999670
20044858
55968776
46324244
43868891
7917758
1267220
8028338
49021319
28545000
1174964
1448018
31880880
40624269
44055899
31596828
32128
926840
20847621
46333271
29225441
50756104
8782181
13745047
71318
14102440
25508508
10019499
1846827
12850901
34688121
31744838
19873073
69902
13127033
23793839
1420409
21898316
31161
26821712
12533306
17038488
469990
56106
18365403
18393
8553751
3447756
32703814
1170166
44262036
183290
2169038
16554664
4585070
18789195
2629440
22508780
48191313
41401861
10038314
3813656
31167381
2845506
563239
5551560
48114438
60784
1867894
36980
421129
590687
7876225
54474095
14194971
27233680
48048662
48211145
458540
5593595
13290399
48107455
167120
48120666
48790532
48049760
144551
5232171
18401357
636424
2277747
2831510
19053
38393
48100229
314610
4286589
513965
3090379
48191844
43530
55613190
22703423
55695147
44214
37738
3469441
4354345
46594
103141
30938173
2964733
11677633
33550
60773
19673093
13662027
1045142
13566984
13566263
13551670
3588836
3591456
13680406
6748280
229104
36688650
19555
26364151
13680444
13581828
13873874
7204172
58685900
166380
33802674
39270850
25646039
40390498
53643626
665333
500948
4014603
44817531
25214567
48483301
8243937
889726
5318004
42001
38973180
15522138
8177105
13360851
4368966
18400577
14738913
15654603
4576518
30635101
7777698
188094
38103101
38103099
38103098
3627783
51353807
36438005
43400705
42626232
36104129
15822723
42796964
36939819
4290647
22756813
251456
40626908
1106205
4327451
9285
7322651
31180513
3900344
3112323
41856558
4205386
40008104
1904053
395107
39127306
4349679
51370704
980435
412846
18254861
1367932
16038926
21176
43350024
5308780
18106574
1854919
7304484
167742
1576445
44244083
572303
2436363
19653842
277664
33149795
6109333
3522161
184495
56312430
42739
37970127
4024
7555
5129726
7807
191282
3697368
26834979
7783
2262154
55742877
52303418
32236479
357190
164610
103194
53646845
1852572
55199
440959
5389553
19570879
33316231
226187
5764764
1494813
44120129
3601462
401062
184101
3173180
42752
614763
27656682
448321
218320
44078902
427992
1945275
31040618
38890
14541260
33017018
53815472
35353877
26242611
43427
41751262
50283749
41301792
195193
159472
43234
997476
4968799
73231
32502
2249310
515382
6111
169146
312308
8609949
2831867
2898710
53384839
1675601
1155556
52555162
1681984
53121641
13806732
177602
774575
15388186
19951
32500
1967137
34317494
58206657
235576
3331283
31950254
1103359
7879916
5212064
10340923
5547312
308158
3672150
143689
7367038
701188
32496
53954
41821574
32840848
33448130
20902194
23158223
1842698
41566158
50891575
1827283
1460862
33442335
9552389
43421
27460929
28902157
22414608
52880974
41832454
5308146
53248346
13965067
312864
38849149
9738171
10299096
602068
17862013
11876825
4699587
40243586
4615979
7595969
37551405
27976161
1583130
140731
3538621
373150
34459743
4180483
938911
5427634
53556535
318160
1049434
1423
19690443
26223218
17990997
27534729
1035886
57683021
22462329
94917
51487718
2282254
5207395
15460996
13078
23049767
36228195
37373101
27100668
313870
31865085
31918503
58677565
31965780
32026909
31925401
36257278
5173796
31975691
36256739
31965225
32033120
26377192
37051038
3722814
36108420
1608551
36257922
3207063
100262
27846489
4021143
4540597
25807626
21017709
4360893
31927892
12418604
4398216
31937372
1921562
32037005
565217
37044979
6072959
23602761
4766969
14100915
43559445
43559338
3720264
23210613
36989349
58002085
35839862
21801574
11880429
35562101
55909608
99748
4055462
2542379
18020168
99750
54632646
451846
4107996
6402034
93104
17379
3264618
11158086
3088856
9077514
6002763
82162
884220
1511686
29067
1812610
34945713
95278
970992
25507712
6568326
5640210
68554
4695306
1424697
3865671
35014197
27764770
378436
41968699
847357
4035076
16721058
733975
3217727
54551542
943833
27051743
27425320
31427652
29786770
442749
2139882
33010213
461791
551314
5482979
5637406
32744136
1011976
43220172
52811717
5381994
205540
41096027
47269642
1956052
55699130
6600189
6600588
6611405
6611493
6611564
8591323
8591336
8591345
8591363
56574537
52918982
26233012
39053231
37247934
808626
5338093
7276042
11097664
11097691
7276057
11051845
11051842
11051840
25315287
26188539
19944144
22742831
153625
38802940
36558191
10016001
56299797
37486008
51812918
7107998
15640177
36446401
23468697
29769352
50003334
179604
5373791
25366085
55993560
39726224
17334297
322161
2311924
33245442
38227676
1780609
349156
146106
21219219
6571534
38348972
306794
89844
1532897
197049
395218
58882118
208932
3402101
12644763
13366494
13192647
56317336
13194689
38469902
39040223
29535601
28339153
1832701
13769036
17964594
39141516
34301571
22277470
8165166
51651333
42605477
6017625
45635853
1999546
46425664
20009077
45637463
15676779
13415592
33758989
45637451
34957675
45637423
2006073
46425671
43644671
303094
1998027
13240688
9486
18003216
37674425
47349455
42245410
39689710
25663053
25488797
50910632
44308948
9948858
37389326
26270372
22346523
376078
17372238
18155816
11138566
37949418
17233058
23191089
15759764
44659110
38216839
45651898
2001042
8704200
2017
51484929
18410438
21742296
35730172
43710862
35282712
39464584
36954781
4265532
34076548
35280558
10470168
98325
35655100
21442641
50153316
38684321
29062023
49253530
347080
27816757
36244978
3247984
44985323
33695581
17526258
17769327
28407905
51668461
2434357
16694145
445633
38446032
26705239
13875357
10026727
143121
16696582
6516852
6101930
6100967
3187768
18948394
11469982
179880
11487930
4079830
1406322
3244602
3244435
26652654
125487
9179093
75283
11522746
3958742
14314537
5435686
145614
5840200
1498475
12186066
16436786
9019057
3762065
242157
16175377
10084913
334173
438677
1257003
1403777
17476231
2306576
22841910
11487988
7374175
20571077
27740421
69412
6191199
144112
22663262
53320264
15185968
47022443
53207983
393306
25741786
10142344
7611805
58847886
51138863
50231373
12986360
2058570
32333902
28848563
43042866
1144769
34588428
15025536
51098118
21304964
37881444
21303406
37881542
58329521
21305046
31315108
21303666
18761742
38993240
21305180
26179944
25044229
6083777
19185567
21305408
28254962
4274189
8344111
51813292
21305480
51809281
9291127
21303512
34198347
13730906
8087677
3615473
2927242
2935355
3069716
4262900
4389009
3062873
2942303
2943384
2952737
4422304
3406753
18327974
2969194
4400006
26629446
4401404
4410602
3634697
3655849
5072827
4410971
3301025
3676111
3264664
3300675
3301644
3125555
3069940
3688079
3397403
3337376
2970121
2969862
3441059
3358741
8279262
4454918
3225134
3224923
5153347
3232180
2904745
3263650
3966746
3239146
4509676
3239735
3263288
3263455
7950685
4543284
3291137
3291377
3291607
3469779
4554946
3292654
3300381
3238702
3069537
3300910
3301826
3395591
3291776
47485446
220151
46926578
46872376
31326034
355438
46592456
47570571
4473614
52904532
45322969
30205550
20981720
351136
31260502
11587676
5373894
37031283
1753419
31039923
55026959
47720729
17245800
46872106
33445477
8496192
54084937
9824816
593364
56073935
364840
1724411
27319928
6234567
365106
48176889
6963071
7150805
715027
40362626
365110
365111
467022
88207
365113
34365874
44519
7006794
413091
5495534
1046524
23776822
377997
4014808
365118
4000057
4918409
30964781
32850182
44592
1888461
894791
44686
3509744
31099339
15113198
44648
28244418
1055916
390707
3707505
5318234
51138019
29749126
2102224
1765011
6186219
44914
3569632
1695753
113346
3617219
454979
12329506
45349
4139170
55568741
55715420
25846291
35886478
57117803
25240364
6539217
903139
53044634
7290766
9241712
5898579
7406830
364842
8343049
48173
44649
18863701
29296203
539943
3513442
31204750
29533390
8460569
21334764
36101385
44512
1227392
640878
44597
451969
34558087
3408446
505485
39655638
4466537
381665
45660866
579472
53948906
44756
23659329
11132430
207816
34557509
533509
25815997
764388
14181444
4651526
6041470
3054266
994119
55270456
37835381
15099450
40648523
35478088
333978
973344
47266228
1075216
21740306
675151
12069493
499867
42588011
6230216
312541
853113
201178
14746277
922586
39575917
80604
27030200
42588398
8639024
51812597
20598064
42193386
20941824
51813215
42588994
11238548
28344340
32838600
12334335
48088823
47107855
49818851
55196915
420513
11809149
56550601
56550618
56550630
46500642
36201494
32049154
1460740
6072401
5856482
47571281
873843
41422923
51319877
40260006
40422122
40242230
40437629
47095543
40271292
42319748
20615759
11464147
18646359
29521689
55974555
8990853
42365452
35231363
49711392
51446502
53026436
34406826
46206451
5676556
1619557
41783096
41782052
22150284
14582040
45288684
4150964
40107958
853231
41783145
57196508
41783230
51659014
41783529
29758999
25235238
3774310
39887829
13545702
10257677
17769512
8169082
36198576
37460595
36023761
57814128
31640369
24173924
17999685
41408217
19650003
7685906
37615790
44677226
40522430
34256590
24173968
24206158
33787406
1104478
37658639
949744
38398925
46302885
99469
1908235
19475686
37724748
23937616
20021390
15860399
50302335
47021961
21460789
19546866
19348699
40918726
888571
3609690
27173077
33558266
26766978
15339373
8230144
17484911
39827212
3589686
36210163
6096927
7241062
1692768
10933069
52946619
2130651
1692711
53592102
44855053
4876259
42274295
28676576
1478634
805640
10018708
202898
6315
44311039
1942366
29631091
11251601
51847293
52947494
2758284
2913315
53903009
47466
47460
1116960
47725427
53163128
10502400
47454
5464288
1667261
7800134
47463
140615
41822
215051
3966381
5089687
46619228
13849650
26712898
6969330
3120985
13830040
267422
26281722
31576358
12844497
37765572
397292
595147
18960525
562598
26812102
46906913
19727009
254389
195748
34017505
44085
37194531
1649129
127368
520676
2727074
25836768
15630
42181409
13828980
300068
8145410
33915603
924226
11508
17616152
187933
189733
973115
13267735
3947062
19325288
55472804
39754207
29041048
57257423
271121
41521903
24317198
15398749
6489678
1114533
47348785
1599366
52750108
15036150
1591873
3607546
100296
48603932
1340684
22964702
15712540
35133726
16543735
1982212
54651829
36392276
14944697
38622197
40387505
13566934
52157002
50598395
1670323
170465
25958126
4815155
13835841
24054765
37462359
19914843
1211558
38978585
36945432
761110
28752115
26324476
1898784
54639617
26278007
56827527
1128411
34757305
30454934
26125452
23017057
1197928
870686
32219976
49655931
412593
3152839
1790
787928
6450719
25459362
6205660
20755530
39621660
404759
26766302
1409766
1697072
9070153
448161
17797376
28712628
28734113
1596937
37256255
35707783
417610
797272
20632694
33405609
46933351
48359943
19509955
11593
103123
7266679
1150710
5546586
54438256
49233671
57484903
12238644
514937
38773637
58951943
62692
26127259
5816
38528812
174609
6056
1044338
55397
58068113
1048332
45930
27693715
554386
377738
19322
1182980
27721731
37297196
520449
14351990
23234
19654281
23743
26302177
37882012
598434
23645
47413407
58134
52999526
6101870
17918991
27113087
6300090
49643495
14663866
3236161
37749393
56413517
16930987
12951705
31497981
159046
29866582
2554979
7096967
20392947
43284233
48653964
1251508
45375579
47375881
17509637
23466802
44884722
31180472
31437791
13021878
17436712
8832825
57687468
15152510
5768939
31655501
679587
41980677
22126
261273
73162
53767281
26878272
56762621
38757924
28379140
38537660
28443079
38544034
1104116
13472059
45412789
1258580
8892305
13336554
19658495
24910342
37135322
41529235
42674255
45540288
47745622
55971850
57579085
38528850
38562377
1886716
37523967
35645766
30669
48341518
38534864
21626
854413
22747088
20662226
266344
18842359
18842323
32630150
18951556
698
1018637
29055353
18706556
30449643
376476
13227880
10431114
35895879
32182414
14580
330456
32225797
22987805
37797383
37657398
18699786
34071703
9284004
32711189
23070
47376875
31901278
1098542
31536482
20611428
24384911
17725294
20611262
1777190
27270341
568972
23204695
30969474
41210
1250001
178282
40239
1244926
2932854
654975
20425900
47568
27319586
6696241
616351
7520339
29068576
979306
355155
6771843
909019
6697012
4662630
1464555
42282764
49658
5250141
3983697
3428791
37890717
191061
36408563
191064
2629274
9770
438948
20292847
3964619
1195115
21756816
24906899
2719041
300659
13733590
1096809
949357
883842
343225
33888742
53865960
18306410
190919
190933
4400374
87945
526237
449531
39788995
7743380
30935329
10070899
1004014
20653168
3406503
15503387
3306963
7183730
164548
7371134
27195188
26446535
5279341
40174279
43317198
32789082
25383607
25383507
13809854
47527
31251910
11991929
9871209
16112368
29155096
13878463
64919
33443721
12305127
43514962
11034502
29013335
39562
18963910
1404353
27290438
510905
2931691
78534
898161
54962
11650157
794561
28637561
51143
12451
7940460
29382860
1786604
1276100
21062386
78204
4319474
41960512
3178175
21599341
23219171
31775293
10185698
6549164
29056004
44044
1365774
43613282
54512571
23084
328274
23263
48201744
14500263
24458151
10285944
52794196
39799214
938894
182779
286454
22679533
5573115
59413
12516292
43936526
152630
4472911
7934659
238112
39474341
20609863
72585
4886627
25383635
55949736
1417149
10658132
28974704
145717
9853191
16381737
6944639
3745506
16082692
17022531
673768
1431559
145700
1748525
31557892
255217
16842841
11360081
3646203
2939202
1858976
5863006
343528
39541633
3066768
145716
45241275
22972392
54191143
26275470
56039253
58875948
1079866
11107751
7732600
375826
981252
146249
38084580
3278857
1041084
20865567
377931
7400741
1589335
4880653
53759541
5555728
8307722
44304800
463249
30586144
52516401
52163976
199252
203089
73448
3571585
8993488
38233680
43455681
33554027
3345336
22693316
48593539
31302
203109
203082
9394749
203111
203113
203085
203115
35300839
30684
43456354
102024
803597
13305402
1777495
4937086
35306935
24860432
50406244
35305141
188480
19731
26692723
1124901
9058630
29071145
8163829
142735
13881943
910763
28504701
1379097
1417710
11655845
33024295
20478586
15566656
19275267
38861135
20932823
21442245
55503807
17500066
44436435
15910445
17918238
42416555
11832700
15910202
2114539
46455143
33331993
3223939
34308683
193939
14205946
29434769
26357305
626455
36072163
54838
7906908
45584729
50688613
21888016
23837856
23574769
1392242
54497950
855056
55017
51245900
17066992
54779339
43441652
1115289
26112706
23766663
22391303
2120798
38785187
11743518
14090587
47278528
31859002
32348051
4711003
26778836
5719785
24606095
18964485
43255083
11347064
53716476
32114907
64599
27743
13690575
213555
533423
30771750
2008322
2988035
19815598
12470526
51538647
1413965
2795314
52432122
223352
15482602
2391422
23983963
2885000
18801266
589225
31039221
11278410
47623374
21716908
763555
583901
39669790
12565245
7021
2152426
43139769
3910661
4655742
33307786
76086
31002280
1323240
7005062
23479005
15550386
20122770
386965
11729
262256
39870257
10242236
13654
68316
47346126
4853761
2063535
24763942
14073
31262483
4538124
43656643
44613827
46633984
35886071
15944
1450795
29249120
31804992
57060297
1502835
44016952
27934495
16531764
20548535
14030953
21544
22153
31539170
22151
23601279
39070425
68498
7062643
1228393
23579
1110936
31566537
22943850
2003406
47621173
24975
57997388
8404649
4566476
155715
70157
56413729
4705609
4297420
20055670
2352910
9775906
29268997
19145951
413092
28685870
50889773
6757017
10084899
27692
3814851
16635719
3178732
3306631
4024093
2549543
215226
642896
4368305
6553728
35675274
30832113
1693910
23565977
5163454
9715434
761974
20541773
1893537
40059247
533487
6585471
57832784
2326866
9560946
11989180
2423894
4884217
13534706
56720263
20857581
13160155
28937856
8102
6168349
551731
1520238
14535813
3254691
2935251
23624536
9250002
9560337
18148181
649042
21188370
2614674
29953411
5895015
140271
19082332
23613089
3263679
5540651
23169958
17810899
10189501
14700343
2371292
47926105
11738757
48533270
27342482
11770045
11034547
17542938
35347926
32291265
16017389
17376728
43734626
5743225
213682
14766448
40978013
342086
570662
11657097
22826277
50497831
3270043
1780823
2432697
8521492
28156448
42986
12534519
856432
57266820
40758
6128820
1706048
6945419
31908510
12701886
4430041
19335893
3435954
28401151
4360868
14189946
12604168
207561
12407850
47308192
22742223
31858593
47713
8432385
58476824
3426993
19174720
58512652
1975956
277750
14105333
33766737
27642888
20114268
56044584
27579471
320217
196141
326545
1138590
212243
1700482
22191625
2736308
12579099
2446565
23937596
21347660
29469938
23582155
11036055
41215
2841659
21504334
53347752
40038649
20370216
1849366
30406566
14882652
2127941
34220486
26149056
22990818
3604289
40455737
7739128
180234
58685207
35778443
1536956
24927248
22775557
20587582
7737918
5908793
4490333
49109446
18713565
16390520
41262001
15402259
175959
864168
21701586
23400395
32908006
30839225
17282937
36614013
7473698
26078437
23931489
3870862
2923194
9650153
13241768
14322415
39265457
610773
15929501
42194433
618077
670376
41779903
782836
712617
2174083
12825821
22657974
1138512
4098326
31948597
3984833
25779373
4430013
4430027
359626
31857185
19345163
34147023
3895745
50365786
4739163
275945
57681488
36048753
6254253
1561900
1252913
1175180
38829
26340005
36997969
1047944
488815
35670796
22719240
268145
827528
56248020
952214
19145743
20832220
383813
177696
30784907
6453717
148135
37139601
17545414
39383318
20404865
14322950
37123009
32276019
21037560
29495337
17541500
19406460
313739
6183688
19344840
5069898
49680032
28437161
18830020
48684895
1784516
3276514
1323604
7214368
38317591
16542019
1595817
2900719
9185833
14987463
14750034
48682799
10669204
1706565
41993095
18668456
18038146
8864153
3254125
21233922
40871379
29946214
8418197
6266718
16174922
52341031
24721284
1228320
17318804
16006394
23702872
36974123
4313931
342520
4475796
32379454
7064416
360781
8468050
31424530
8032596
21747203
3777622
22632319
12123967
37852796
42112784
11647747
20078879
14445477
42071787
11066704
5259128
24029148
285292
32582607
46560320
33876162
50187233
44366445
8941842
3769587
1843931
11730924
20549371
8608695
49127301
5074354
19080286
3010833
1489559
32430563
198579
18562555
12322042
23160300
47782660
9686849
11005679
4425541
16509656
26158226
4432542
40922605
41995484
18484291
18505995
2688256
1503750
7625061
24932220
15611
32148878
33941695
35763643
1055890
43576732
51467331
46214758
7273059
8837306
32018168
4211531
53421127
9577836
4734359
22647884
19724626
51018286
758264
851794
9867697
31619878
13745812
18181603
13025600
34059625
33986645
17943671
15202398
125769
996955
67088
19604228
36548037
3780269
20560973
10274
9363637
579026
696911
340757
162321
446712
1805832
422481
859234
44017873
8853472
161253
2030045
3659079
40523295
40523438
39221
5489569
54016907
5351436
149861
84400
12321716
17877275
38810286
6109551
6171623
39776215
32040997
2043467
1007484
24953216
20163646
21709412
8642593
1040953
305992
9529253
18435336
30560133
5497504
30547984
38096337
28812491
21546940
953399
4952836
453420
39519079
41097
26319217
237957
3973438
1733063
37630
3036860
3601896
2908738
31349263
41369768
14865139
57136484
177089
3617189
1343597
4413754
17327
23971781
23703
22472780
477175
344173
20068474
416666
467047
36172555
18179220
11470059
8312093
33328003
1078253
1919695
43276293
28857542
53867357
57429688
25049711
12893837
38244316
3145631
1660393
50413747
15160793
29175652
21482299
38803848
28296423
418604
4397693
2221532
16873422
26528973
27579073
3473688
56129398
36009567
8819939
22877948
44458017
39423886
49557879
49318590
37506729
23516216
32482632
46975952
9773374
33183470
4487622
44255544
50727196
26047109
10974917
11180183
20162597
29511428
29538735
23431856
31889068
14251714
15514645
19669402
42714267
15058693
31552692
3240475
24865182
43630987
1203608
1074406
11345064
10066930
50611173
14184070
15585370
31326890
11723653
26886320
31306060
4623524
18960512
33243186
412985
21130805
81859
23262850
22878547
38700275
213072
9623824
19854847
14320541
20745797
8850412
8614096
2476425
24738459
26627431
23583055
22400674
32593227
9797256
16644587
50701377
41348328
32478215
40333038
4363024
34286457
14084981
26279144
15144684
72573
5478961
5278372
14135401
13338605
15160635
16142
8573930
1230540
18160509
9239718
8824490
3798183
17440610
13683986
43755101
1762067
336878
29442599
42843259
39122452
7939170
39618697
11944078
19480341
7708669
5076347
23591022
4596815
3001849
478933
38637693
8997074
1303857
2170017
8856894
14130266
7783698
8314359
39208945
16392407
28432924
43773629
51308712
22079616
42609164
12686181
51153674
44770494
4478230
1559907
23136449
55940397
4017776
32181898
10041299
988796
15884402
21479121
381465
14712165
53481999
16460664
20162753
2459254
28297350
3103801
3088802
21279257
40156355
4462117
2588118
11021015
18397946
1790153
50375026
20304739
16538579
10418624
9238407
727863
19790402
3423142
24512738
10778792
11136930
53190615
34080404
4992420
11405124
26779825
36672111
57785320
24813796
9273237
24130
8704205
3664546
54299994
45228255
49336757
22491620
5314955
51260
36933877
37048011
24860148
4932111
29723676
53821763
218994
381774
436418
334463
37192426
11522143
12294713
50659600
41326124
7160369
37927197
51667103
30521489
47860163
50937084
3177830
47077272
24325138
49419155
24177288
1352347
38128895
37675116
55321521
42058351
1646838
11072810
53475230
33129476
6871713
641565
5382986
44981414
23344482
30938449
14896
7982164
53820576
18103
972312
9994297
19712
57367053
7661723
5054933
843050
49887558
39071843
40468305
25087021
277237
41072736
47928489
47663720
727242
3258327
35325377
12006784
1166646
1414572
19651322
38949621
28728
5055146
2465250
17632964
32115739
46995540
42646366
39122096
33275078
12461135
37793839
29688124
31963747
19257338
47351576
46255716
51075046
32535596
21551677
34919471
41043078
11568347
58028753
57146914
49089762
52444740
57544988
38624912
37447215
51684387
46462106
33221518
41658217
17153836
31837656
29868842
32918795
18754121
36322233
10209776
15643588
33038899
14504482
9848870
2819
58156803
17672359
32351392
30741901
2007274
3228880
42304380
19997315
22135800
25115903
43106272
23356578
22526716
43106404
43106488
20250538
39141747
24872330
48347078
52667783
33602881
20430226
22196710
18161344
472018
14679902
26588267
14822794
38063354
51755560
47587204
24709684
29648687
6843398
317844
5937388
43106571
3088777
26192986
26278239
12685721
22560835
19341001
8453001
31655508
22292764
41526631
41526518
41396916
40589785
44083564
49733794
27909207
48982381
48058232
48058587
48059540
41456058
48059648
48629578
48077288
40604730
35196315
43424526
23675159
5976300
35584412
18915587
8839947
20954465
22698582
47889747
1420831
2458941
22353740
23266844
22353817
47201853
10051286
10977572
48583555
19921095
4130399
58053625
48698718
12830079
29136815
23252595
10256071
31160742
45639598
55305587
39011211
22513715
6903037
48738587
53544246
21547084
20329701
35574265
35562981
41843579
29472914
32194976
20429217
20258837
42284438
53666267
27415887
17474947
31804393
28404157
8159430
22049795
45603322
13844556
15440181
22646492
19527615
18434026
31451841
18806829
24610803
31196386
31165657
31196577
25565997
22671489
58059699
17293433
55601750
6678342
20277638
28814089
27217839
52299651
20455598
13442518
3048374
44865976
45447936
16767406
3188227
23524398
19343913
43422966
41445803
911516
22032425
31372715
39303674
15141981
2793808
10882863
10597358
19328599
50564126
49544456
33633277
50417100
772301
30876715
30385324
36677484
5630755
49021455
24844129
45447250
36626877
6797112
45604402
11559198
2595255
53179118
573924
19376406
243447
57744417
28001404
51779233
5189278
51631063
40408388
48803
1414710
43882120
15107340
56785809
58017976
63794
40167806
10730840
18298
21784
291234
22858502
52242804
118575
212764
31156672
27680
21681993
31652273
45273959
57896281
8521120
23812495
58921
42661330
529093
55387617
11753924
6221709
25862206
10204330
12163566
147685
293270
7949372
56683615
37505537
31741791
673711
56801839
44503418
3268926
5788607
30864636
28287537
25944292
50781388
1870896
8916537
20159996
25957874
27944144
27930306
27731272
27725921
27718961
39794191
23209317
19852895
957529
57546599
817175
816785
1653007
12327097
3890352
7815174
7731295
6947256
15551070
9670
19163660
58476264
26127292
11080148
34920670
5730634
30038
23003393
37712621
7195477
8787159
19445663
10225184
11039478
15357916
9499590
19191080
28080823
38503554
522768
3645417
627964
7373582
27558974
25839999
44636079
1514142
26536158
39447416
418075
3062637
15702071
30035652
1050195
52188012
1098818
49305019
5751182
21573718
4483084
901162
12836631
6548718
1514566
34542671
344922
1346015
25056220
36089423
37436
214269
4061360
872938
11092324
439497
2507173
650518
37438
3038539
591021
263636
5664
24502933
47958972
1823454
325729
17302821
5896051
3559731
25142817
9630
1100001
2321181
2927686
783925
7082881
25881839
59604
40435056
1333727
42427606
522936
39871498
1924251
44519600
206358
19418707
10674054
1429237
34796035
621429
28187739
11367563
16236775
201087
22267941
2894897
11233475
1001299
9753150
784621
350966
19378
24574814
8983183
4209781
2267869
2681589
22837841
33544127
14236625
6880483
23479
31999551
253786
2242471
681579
49198
15221455
3354877
634444
7756749
7458786
2050224
1569292
325286
1710828
227053
997893
36464530
659757
29238
48917358
41356490
4041766
168322
1710822
620396
27980176
20740563
9281
7710218
184421
5626283
8423938
8167741
2383086
242228
35739066
39577891
4397821
23940
12057920
25490263
5411012
145810
3047082
35343748
25867
8756
1123434
15864516
900498
1945956
13585
1435143
18938059
8758
917891
612100
6427405
2618310
18761837
7929246
10091154
5151373
473319
203808
44190
32838550
1571390
5151648
351039
79452
46692161
21147
26789
58589551
35119403
50482513
8258191
5949785
1117836
2208292
26636309
2118843
2267847
46926424
2657664
1891348
51507225
38171752
2787
1913520
380015
1985145
3837308
25763366
3288827
2044626
682421
7000543
3202072
17390365
2680899
390864
54799459
19995454
27980
1118042
83124
7195427
21014315
12350617
25480269
232953
592172
56049870
11971
507854
5664126
5571591
23364086
8729584
5571489
695523
19605
24082423
37555875
1812512
32087244
12121068
27213579
39674
2272102
2691899
9673217
39577606
30000346
5894781
5586326
39630493
48206901
56723918
173838
18966340
33501
11821775
25437026
1127684
66577
9146522
201208
456161
7958748
23962701
18676889
13728473
17095467
37498273
20611356
2298065
2756802
66676
66680
12077540
10042176
19826061
24405894
19963330
4368975
13476223
77060
44263754
35912969
12308997
5116483
18626487
18208725
45259
26366005
63942
35789206
66981
10064702
6064646
11008433
74204
71481
24255
11388020
13621696
48411613
46422201
35525473
3410731
39958236
782310
1820562
58914925
7541598
4415356
1258983
14135865
10106
7951313
41613635
1097662
16191394
426729
37396309
54726298
292984
1589341
1953160
27885903
972457
5238080
238246
2431323
4994694
410821
1815563
24281365
1815428
28625
58826853
55624933
26593829
391431
32571
379647
1719876
1968588
3099164
186821
5718055
558397
54648
38180478
2426653
69907
58017495
26977557
10958349
13411406
30508447
4682545
73321
29516819
1615233
489965
20785764
4548
47522164
2591641
5779365
737029
42806
873829
37335
60605
10081897
10531
317311
16812637
33934947
50482
5615223
220825
35313285
625897
14458
3463900
20749128
10519988
21713216
36114202
78469
61344
42241060
24206177
24854118
32760552
298837
5586128
445131
21334758
57630
471813
37490705
10121426
2269568
4600808
676502
32512530
11593538
1350243
2426926
38556766
130312
70807
37530
31627160
50072049
1552050
6925359
8282374
10813277
47863556
1157585
706884
49054091
610527
244878
1532591
36122619
41077350
32952970
985619
1660757
1000441
17404409
22945287
15731007
21781351
1183312
153158
451178
404015
20615875
1977225
552609
297098
557189
557186
40852299
15677292
39830246
90021
15677650
175996
7754370
105016
6998101
30526821
13590511
2615613
4131001
2760602
3168948
1600053
500163
25816276
27419972
23838524
328721
1694744
51470343
8597086
1851887
1651963
38907720
39067533
9542388
723506
83443
58420452
25020556
24280486
24939285
20861435
1170160
1170169
17283420
23616040
1630997
172644
22506127
685746
213380
41528945
148234
53010729
2021871
658686
22063516
19667315
51078
55040125
8221
38481828
9820592
42860045
2196795
15602282
23712707
36488854
1681293
541223
1297855
42486408
31537853
16784894
3157035
2197297
51022863
24865137
1918452
13262036
44452821
56925556
36152709
27983244
41185116
6121900
9538987
46558433
177052
1688154
659414
15656504
378986
144147
14019169
29107838
57969764
19008500
51427743
44857677
47959728
3660217
56761839
3064846
335223
55251911
43068377
30970833
54162446
8236080
2289941
32845879
52069950
18560708
43382004
8566976
49245063
26141640
8704167
25324226
27837389
35325932
8859825
38586943
1256165
52875786
6760
23347654
1468466
22092879
40854066
5914541
1438818
6079418
436824
1404523
482990
12660556
5679463
16993993
5299993
13545317
22690333
50218653
2940858
6647602
1700075
42812764
366863
31462743
56997348
34144367
16796699
52522313
168927
3853380
1364342
1878640
779111
8455187
857849
4273784
56016131
4249665
332122
38255280
4245377
298371
335213
5216272
46871132
587393
64243
7316
856602
1301827
380890
933503
19919849
14897195
4125264
39374434
100329
1231522
748517
57125214
3136137
143366
13428111
40644081
162435
8476605
35803963
152176
49122
41701288
30299
9214162
87890
18896
4225483
18716400
1384777
40170111
40013071
186811
186814
37728824
1867733
47767241
17097201
3675940
47504878
2513911
3873141
41028575
36743151
41263577
45341261
2184210
54667600
53461533
55914767
52315048
41162671
16458049
59010226
2188910
2400728
32126749
51416229
13196933
30763478
43129464
50338260
56763750
57904572
25499788
6669774
23231061
1796123
192481
24501416
57567228
19085530
18446241
21160798
30022306
53299482
1351107
1891317
56435452
41306263
18319119
56541720
58620964
58299996
1926213
3657357
44393684
37598430
32501079
20754704
486042
9292074
13820259
52303169
4371894
41992913
32498719
52331783
51145804
36567867
50896723
50527564
25603076
16851558
12546131
57018288
31609470
55969140
57977435
6225471
15585006
6973466
57089965
49070918
12279552
5577640
6716334
2733539
38884720
55408584
51276804
24769094
5278085
49119990
47951796
58808070
6225839
39540288
35864967
34495462
57408363
7152303
6242104
52818142
28353124
3453142
23257618
13382406
37696565
4331127
16159192
2160683
55717173
30230710
53989078
27364349
47744979
16502498
40859649
41110113
8652215
33557403
48720547
51133050
55258300
3600962
13006454
58180313
37446864
43780242
53691736
8986399
25668512
5982406
39681640
55912131
17339278
5622737
56926376
36343950
58687892
7755735
58688118
52008609
51808884
34273704
34274080
28703342
47739715
16619170
57632784
53783126
22963487
2876787
55198395
5366495
56530687
6854131
20556534
15168040
55914121
24697925
55914454
50530504
27395518
55914525
36788975
55864593
40446205
7513975
20298506
53776295
36444583
56658155
24697624
27254665
15281720
6974014
30782549
8343259
33591982
30770792
31367669
7028188
36542139
7028169
7028277
48350265
22785402
36169336
23001222
8652122
56603598
49579270
49579251
49579222
58442478
49579186
2703791
52082614
274441
57999336
14516619
14466176
41762647
1302729
21703096
15778599
33369728
58835502
8087346
50106666
7998745
39563088
15604876
36241235
26939867
57965213
27190236
24884314
24094683
9402973
58923520
51341253
12818871
43513747
7135448
24914288
8118302
23013401
23918527
36511081
46323540
57414691
31738957
3656214
39439822
8689190
27175527
17875764
2795033
5025875
37870603
32102810
18315622
52808072
23046578
19746323
48064728
52404036
56071501
5042707
12495893
1936869
41615213
20402844
50081510
11478079
14886338
14696017
36092383
19968561
55355295
12937286
21920817
34210742
25407721
9449381
55915028
47452612
1142540
51394702
56861938
21907093
44132614
58436932
31592784
11592679
58462675
29902093
58478901
58090811
58294704
48398666
27628685
7847660
9112294
48297479
20317651
42680061
42559768
30554025
31595561
28556568
14321
33668554
50275567
13700991
2584747
23086171
37982275
983395
42195448
6572465
31102424
25028568
42246079
41864026
52470167
48223297
1971941
32828871
6284418
1810883
1113171
11432574
13707805
55691196
53028469
19660295
55168889
1869347
35955391
55314975
43555830
54615043
5118999
20420243
25710255
48748636
45015595
6044177
31107814
14138274
5519373
14513688
799261
36263588
2323288
55915264
47204100
1449935
4679405
58706263
44030911
48580836
20085921
20086050
41207093
57995605
23750840
40703800
2550736
5612102
23126116
37739794
58788848
49952427
38180408
16797942
18661486
29887064
20723832
50367654
3081387
55710138
18390554
55517515
25158171
19931330
54021327
35896163
53769148
48945470
58940884
56055735
47839636
35209865
2669326
22220478
25369420
12117508
19910779
25169350
55474114
48777564
43383543
55414175
5731037
52983317
55915363
2612942
36894265
55905256
53127900
43406250
50107160
52414871
13524375
24042393
19714238
16430167
14175978
12809011
11078353
48678010
50066824
54614670
13930364
55266992
20215023
36618406
53885025
38520515
14241026
50536109
2390594
17740321
36396302
56468800
10537645
44806166
40084218
424295
36352566
40625608
56060798
50373283
34523757
38421087
30476390
47137826
33345125
2863206
25781762
8973849
1662198
42200550
51862784
13350472
51663667
34222580
20760300
25547590
44084263
25190156
2517018
42153373
3342218
29112697
23260053
36759928
32873672
26566246
27991733
35140085
4249817
8917884
55569201
54342674
47635577
53116254
17731970
49907475
23792924
33092406
27629290
13229957
49671005
6229462
55915712
28255895
10536256
9529661
23452346
12481169
46771371
51466167
440404
8489864
33727741
42483178
33178821
42195250
58133011
45568331
38278380
15645835
1226936
26707494
54370909
46271308
45538851
25100829
46833498
1615776
44490268
24574994
32048279
31595498
27976969
18585265
55915832
33292432
162456
25869076
53885627
233013
26613183
581391
2071113
7265090
52784842
3409
40767301
690278
44006007
56221934
38538913
9567
1285228
4402239
480672
48081
9235
9258
2667092
3182668
25586605
9593
173286
39590404
47921
12239
42129703
166213
13110480
5135982
306320
15181
832518
27087481
20467439
59017152
190041
29813511
20347
25876897
47172
3181120
37234316
3397134
20058880
37503128
17104172
21663
22081
218792
47487167
353837
24743
1626446
31564169
37653832
47789
3117750
13620318
43305151
20844067
37362851
965332
1104874
732200
9246613
471427
15826297
2943008
9407088
41503848
216238
34790424
44023804
58473121
58468255
50918022
26658954
11830440
51144944
58088791
58567455
49981441
58967015
58966672
26310
2406859
3647987
66535
1544170
25391738
3366914
23428770
52507691
34133981
319610
3288573
51223392
56075062
155192
14286773
23665572
46828
42716948
4709473
52808816
1522987
18611260
1474988
40963632
35646178
19925030
57880
58527266
367639
1608622
2734882
7462137
5402932
2507552
41838740
96628
28200580
7383487
15213586
23803009
55362208
32398910
1741453
3052305
35574369
58582242
1818326
5146476
7055324
13013807
22610793
1656730
39107086
589516
21304415
3294779
18899714
2100624
51472
9798607
1247882
2301322
1247702
18182366
31385731
31869754
52962850
50925207
4964392
37289928
32818565
68140
53296445
10526566
41550553
54098179
25577815
47864200
58687979
58858617
47926198
149326
8383637
36476698
41855006
27612945
52347214
43794088
145197
197129
22718
2713504
420737
3301549
4730949
16077444
2939171
2811711
39696453
797472
2666536
919617
3180539
525722
87410
41183297
1243767
13160
14895
26196010
16585
482847
38001
1849181
97150
81580
24809481
2079074
39029
17644264
43438858
7994349
23469770
27832295
52786646
25733690
13317539
42485895
10917133
561564
5409432
1184778
42008211
28997628
10769478
5534071
1412775
22316336
28998397
5801630
48842973
3247983
33073181
2161214
1242991
344775
837880
44962413
6588067
30378542
20936052
13441593
12667266
2849003
238911
321668
6948626
97726
3118602
9216083
20863293
27398106
3243110
11570540
26345614
2839367
140558
9008914
519887
12352153
43345038
171208
23387624
52001960
43637292
1587573
57248187
52400224
48692630
2278611
5507816
23644389
53679009
42395495
43637347
39703769
1408963
2784383
4406110
1355641
59044775
24769245
56838580
9130187
2054994
53391941
5042942
35006837
31205347
13044800
32462549
11018196
15192453
48954341
9525301
1258473
1810027
17505649
33421030
5410719
51971
1240883
1869575
27709071
3646225
3313203
329115
4666698
2179144
667600
1430367
3313195
3548426
13389314
3121206
22721
2450544
3318097
3548362
2883124
49153903
658283
4615500
22162602
275128
527984
24294930
247326
158830
1224501
51162980
12806
56179620
2492100
2492179
2492206
7777962
3222990
49615976
8046543
17233674
1387
24143921
36036985
15580858
7878791
4555960
25275503
41083788
23698993
48659244
34265685
17349402
24021181
2417629
48667512
3156395
7797716
17511268
49643576
17231142
4088165
54321473
49755248
24007866
3985880
2350124
706422
151481
367503
2985627
12822286
51153830
34388349
28850335
37977625
8382727
56279651
28812639
22445657
1962646
1471147
3052112
1290544
16369125
49644467
49426460
49752646
3505784
1023498
840652
1994549
3474165
35843308
26681607
34309396
2253553
1359269
1101515
51266113
41191476
248753
36743319
10277583
14946
14602813
2890230
3854018
40414239
49754264
39115254
447914
39909316
3636783
45557209
3813481
47136266
12054908
3181121
184302
1939348
12990851
13659870
14255345
9506405
23129145
835139
28849853
2537332
19834219
54289331
55599618
6274127
57421004
1233070
2172345
10326601
33925047
38478213
3833746
28849468
5805247
2123460
3174442
56180250
56180276
26875817
2501523
51814784
38986449
216167
24090621
2452994
16550580
32554813
7778966
1866153
5096939
48661429
32474581
17260298
4008824
8841318
4576338
22474706
3862238
1482695
851681
1712172
1283839
49614667
49854401
7525878
1613999
2127566
53784413
48099717
2682122
901831
4818945
58229069
32564567
25591323
45545884
49616076
3954107
674109
3977033
3988333
27310312
21675
35108639
1667490
25929756
49914720
39476619
2412926
8082883
27684483
177694
479209
52972898
11034412
996699
43004829
143338
6974596
1473750
45795
25466062
1741516
37858311
55829912
208999
19751325
57104829
55967224
210537
1845085
3627004
34004632
41478943
515256
92422
320737
51886508
22860615
26897
50561501
192331
52077117
17671149
204967
3760
25122739
26855026
11927499
48610479
7682366
21025499
2472927
45020815
27057346
18812122
1575209
20842572
24013517
31293393
12863003
21898509
57487845
10416112
21898535
38256728
38861011
3090734
6110610
5505266
2888511
541353
26449034
339747
49163826
1438060
633016
7444893
33490363
33490510
40249948
19159702
3529490
44561758
49598939
36395362
803925
8967572
56302927
6589006
12932227
37993088
40046610
9034773
25801759
26374197
15900261
3654631
57911638
1738731
6787317
13296226
24325593
65037
1944178
56471380
29769528
24600565
49513408
53564323
40399359
35589910
44350166
413885
13367589
5448313
18365940
5966
33657881
6460996
773959
27380313
7870371
24620634
6763495
650321
1846528
25296388
7393326
3338291
113530
26413989
5564520
432019
1486300
760027
2009412
5580290
2454477
34278064
1264444
13364000
7726257
55458652
32295179
37018980
13022920
16921372
22859885
157024
20917863
1402016
28924376
1164768
43068147
9155666
3868736
30643318
292211
25211861
49090922
30578970
1620257
2717897
56551614
18317045
30099659
50319778
31531097
13500578
4372011
518790
2651861
265062
723712
5988682
170406
257916
13441556
1704228
1251925
22940609
7320446
19231038
1522331
23611170
18877637
23611163
8450341
11671698
23611149
303350
41414610
23957935
44493625
58037613
1754403
32528480
4232812
5627298
411781
525538
22129319
13440971
41554784
199661
346451
10168169
5138094
6005240
9568523
31352816
7096085
6733355
907123
9818747
32903628
3436651
2600253
25266201
55204880
13277557
19054
54173890
54260933
305399
249614
27772
652462
21801994
44718
615075
48566641
214934
5259473
18780840
1690435
371197
415224
1393046
2216708
22847685
29650449
54476668
39359853
7865593
5942793
253842
6532966
42471006
1200509
9021459
10766148
58883
1276680
372949
6147977
56304633
2603845
993578
42583131
1558144
36335774
44750
4396843
1440257
9280142
184073
1409530
3190268
9620974
8296169
2947653
3251231
3677471
55924477
3280211
4291105
2808158
19045361
36827335
360939
27754051
12969359
4474492
31370251
434840
3739769
2768804
10655554
53145642
36973916
184583
1161775
1597754
44928
12899361
12054085
17502363
25070974
39696
3742284
49044859
12179151
32624519
2625520
10481911
29473146
1464101
3251151
208612
4147579
36539588
2703758
3165280
262108
46901598
2068877
34407181
297999
20160538
303469
10992586
69137
4381744
352311
6587903
5716275
10126260
2736725
27753094
2218225
23580615
6089536
2716153
27895771
481484
6395908
15100822
33118
6641584
5114327
18923321
53126139
3684776
1317
346133
9913028
52081
1327
29631617
37854
27639095
938631
87872
18226967
2032832
13236337
3404684
24731
24032
14444088
16189704
42406424
1039609
2264346
11724178
902
16899513
673
48900
433879
20191692
14225
11724245
43979118
15795860
58662878
19604151
14162739
31260516
3129916
1498040
24318403
34154322
34841856
71478
4474
207820
19444970
8651
144428
446539
845737
31146000
50338645
50343446
1029967
1129026
26730261
35543722
199940
262606
21485
21869
21868
39797382
1818265
203200
18605319
56710028
57210774
20646400
249684
23984205
26884
33721
34043
18963787
4240854
19357020
42375327
2602098
1417264
16865821
27211191
197964
858101
1592806
53651947
34373639
326386
14951
210000
1117290
50311265
3964732
4520368
59611
59613
15056
30197642
20835484
38540559
2148144
18413515
12772040
6196217
699689
25073
3238601
43691183
6906913
1247989
34522
19048
16977319
1524630
34378672
26825555
200716
50253290
1065970
1144487
10845121
173961
145040
202120
175875
889576
156706
21863927
21144218
16794316
1311537
20556903
14909
23590185
3264579
6513914
13087180
2428476
5073565
1575643
2432911
36383032
6513985
491022
2139849
14476384
17596012
144241
19836
203875
4539992
24479046
41565982
309304
85747
1307960
4150495
1085343
3655251
30552217
8652125
296036
4769408
67046
308683
28022779
13095366
230944
33931
4213165
153215
29637793
10626475
46718276
1072213
270981
1616044
482912
307552
25393281
52457311
21161280
484858
44747619
8083276
7466
42649528
75820
23251268
4082119
35568637
55524455
39467547
3010408
283829
5658096
21968037
12476254
9806397
19609885
1539049
6503797
49520524
52636490
2036687
2061993
15066
3986111
21066540
2317035
31508894
56892858
10904383
31021099
18100810
31023913
10348500
32683499
34739005
23775576
1932328
49511662
6243154
176354
11610913
1517745
22984547
44478442
2937664
56017860
3584826
16861908
3289793
922972
323371
11614796
866099
13286310
649356
344899
748047
4148025
861928
2481476
24376808
337353
3508616
15698103
5491283
3682781
51250772
840577
51167783
250438
1150377
20709007
3546422
37946218
22615422
1196186
1566231
9364565
29779240
8556260
18705367
5747674
33791207
37418456
13068933
366555
22307956
45598981
28426846
7071490
38957192
13794001
921245
106231
3758700
10543014
40874485
4968235
43939378
49250446
49250487
23637
37461
58506572
18993869
18993825
25916521
18993816
1314474
2889
18836858
1172161
342851
4655598
54723517
9504117
3684088
14948065
2119658
44708
3787507
42352871
35557310
22616026
2477282
2227503
2580900
17973
13473147
46313242
34745933
14147401
13459955
146630
2522070
9334855
14626877
39368969
15181192
11515823
3919647
3551532
1919367
31349351
4449204
13139890
10113242
2747568
57074205
762691
44663137
27573
35607283
20650838
285522
431529
3552981
8647217
7817474
1722616
52641193
47353
23196
25713415
1984682
616293
56784404
26053735
31417872
5346
20957502
17800165
39639151
23001219
24208026
12578506
13695352
13584590
13757191
10290
2025734
44146963
2563234
22947275
28775600
38120789
2786928
24833024
15470144
41558978
15875167
57253094
4154507
26201453
59046
1846298
55665108
12282627
57763
48287182
10197275
55746198
48287125
39190148
212490
385334
866104
19916559
28048752
1839990
11274
1982315
11529
38173962
3276306
4643400
8207817
6187083
1182993
44596
3104334
23017591
23083731
136115
474589
3464969
19262028
34687569
34686580
23643065
17554500
1588581
305265
31880
18413531
2033875
37634973
24051690
17921881
58278603
53641798
26334743
4456373
3942109
18184507
29400312
31360712
31825960
415915
58988962
52848782
18287344
10368520
83193
21897806
22103162
3895831
14139425
4636641
441852
10122624
53957980
33784859
18067771
26288862
37484118
43681421
55858784
4567598
39019161
342657
206509
5211982
17945609
5284746
19207502
58096762
17321713
28932246
18306501
581799
51231091
357170
1254336
2193
8369900
35048724
58588
8069949
19997989
37760217
26616666
6301655
20515628
31027238
1407435
6625288
29658740
39124732
29549786
4148087
7222298
38733580
13977590
5258948
52753112
15907019
48566
39475259
9971
15559579
28228644
39204523
2364800
5228690
190485
23406517
3237738
259162
34162981
39288041
19682205
47963327
186351
31836835
322915
180868
588196
252582
3238386
3923230
32173564
28479203
8335486
26071502
37249254
3550569
44733438
154487
6110795
78214
30339188
36071642
31294077
32094119
29678719
41114338
14967273
21376140
173513
35488450
26143098
3508283
3329332
2336903
8444877
15260675
1708671
1546216
3523502
3457359
1721470
22100545
29486330
4109488
655311
298170
28506776
6852052
31950486
20599992
334986
23737622
49660332
24956896
42433033
23589578
38454300
46504493
26114602
16806577
19633010
31180783
45119474
11791198
206243
45086
1413411
99358
1859694
50550012
11499338
315203
26488448
42940
11708788
213008
42248988
41450867
36344470
40565660
21410579
11267683
50431941
31834667
13399188
23513601
51388505
14768005
21650435
47151085
8544676
31550784
35150994
10625535
35946562
13963489
48594435
21424701
1843913
20962425
22992249
39314328
5121209
1198465
18997355
4151398
580067
3560440
36027701
12201781
316915
30509934
480107
31125554
17303574
3574959
41161859
4411204
25790152
57731730
30155658
306064
1628599
20606605
7173874
33257107
4457559
8461948
45318437
47057320
460983
14017274
634764
16682228
14700754
41387300
5253609
57230548
3008596
644152
442443
17322938
35350800
30389209
9619
27195467
55562359
56608953
623501
1871862
392309
3269260
2938915
172331
3175680
9503180
12845111
12843792
11517267
47470974
11336837
14680221
1596317
18348855
26349919
52833015
58851634
12563713
1881089
1607622
56398219
20202584
1256970
50979026
22584796
3114516
31037820
10485844
394815
25754996
24755469
28267409
2636160
50091049
52921789
5533009
827016
22589893
44805474
55998971
5307536
33910664
55625361
1261001
2050671
43225941
52558749
43667479
50702025
343457
624313
57882429
3401385
40005621
45521521
25863044
1472404
3219945
18881256
4068993
55990616
36081308
36908659
5224295
7654820
48660867
2755147
2272402
12731840
4976168
17312943
14598117
32086877
10536491
27164953
6363357
66575
32086658
3400261
27064677
5226382
3913867
25111839
583598
457991
11396416
2676657
4371612
21799992
31536987
647359
52197659
6420688
536188
37887483
57674142
6867899
29302590
8839481
15000783
26137572
14456919
6327216
45446
55624938
826478
38051839
41532403
5259440
208303
14719160
26956160
2129870
1183598
44276500
45401986
48264022
22482490
12772746
2205147
2549893
1387110
1810870
12759897
3157750
1774404
2515784
44421636
50390340
10368228
49542583
54252064
32301719
20679746
166931
5884401
5347418
212614
6747934
2099428
482629
31756786
159851
55613887
1677930
10013549
4986999
51525633
1868978
20286208
27919
53394201
31352483
6904114
29000
56754417
55298594
55298617
25112011
49771633
13163733
4517290
3791804
50049
39651706
563074
487641
40008648
36875918
34983797
30773
52841665
25030863
10991523
21474906
54550458
2488057
11724761
32078809
15112447
38797174
48922696
57638895
8335967
4936662
216226
44654314
40878571
2168513
47211913
48588126
41871131
21902683
1765418
50816353
38530392
33330773
145753
15380061
396275
1838622
23099899
6337666
40051084
56083630
52968860
14513725
400679
10978306
53528300
32295101
846000
53632707
42091538
39399168
4088601
45542926
2128281
52917186
38706734
17531494
343614
155961
53700866
13506609
743012
27999207
1040367
24326448
3887850
4970230
21479428
4979495
23291417
40118697
35785438
3649650
6134782
20701422
2875157
16693514
276661
231731
5938381
4100081
2844695
3239174
30440813
44038529
3292621
40493181
6730067
36816528
804071
11004842
11648886
15865418
15836877
58017586
26574329
32993914
147049
18977718
16716910
47047758
29718829
13537250
902969
55926948
12279468
10699036
30715017
1195462
33645566
10432212
51796195
2943406
49774665
2794830
155899
4753259
26750386
4329386
43717
1994503
11634454
3056899
25323415
21168829
30139689
47492
434188
53273587
307192
25652596
190835
2447975
161296
8629097
1928089
1202852
23599430
44459617
3968480
15342640
1250786
1633173
196971
322376
6365732
13377974
8035060
69440
1590852
6981653
14584451
50702
1924100
3784614
8585407
17375183
891730
3353280
11147575
1707053
21023203
67554
23515723
13779238
1550259
2769113
11589621
23617809
1068768
23264
31480048
2665468
14693108
3348515
6665283
4695949
524392
14757643
133176
3291871
17191332
14231935
7267556
18962147
2143634
23607308
2603115
1956390
48508353
49030874
38052921
40652472
56064729
23589425
32302594
1362251
10936798
58953262
10972867
55667801
51274994
53006810
56437581
1273058
7193566
35527682
41982406
15623044
21783926
34511543
38857194
11950042
10939005
6229024
29171044
4002783
106745
1192111
19323590
33106331
19067895
15720011
13035576
14538658
23476307
44713704
38624406
55377
26243414
3676434
18489776
42742681
28998489
7150649
40176480
23031575
23495083
2861802
29887543
13729760
31773280
8919339
1023081
4968835
41850992
7017747
22483095
7126851
24330963
15735983
19590398
16153364
14384856
46970604
37591765
25567857
11756585
9190950
42497689
4750655
50719919
41103814
40612564
47731003
14482797
18298475
18856716
49183008
5642622
8202028
44778097
4653469
12325253
14876384
40105185
13849664
27600021
42482774
16341458
33481966
41482104
5982123
15519981
53471367
28976278
30992336
58255078
10867172
21415608
20946368
12262882
20281570
106741
52008235
46899448
44894707
39419772
4496406
4407057
16781106
30023909
30334019
56302103
40783503
13889182
1935166
30767204
55835599
26853847
25833426
13676801
40085038
24016215
14334762
5805507
9450429
407302
25850586
51424975
19189948
5303112
10039876
3229271
22700552
50747142
31745558
50921694
13772320
1716420
11759970
44039518
4723868
32827122
32539443
12134611
52311976
12701068
38109766
52956305
15503003
40914232
4749096
4793310
7359182
47719656
1676253
2370921
34524359
264765
8349656
5787655
30891242
11839180
48036893
35372106
31932415
31202547
36591692
32898703
48807280
14932159
25747726
722672
42401627
3902606
37517661
38065067
23830082
41639184
20497431
37696632
32826371
42841555
50758294
5976318
21026476
763533
2274379
40850094
7362118
1692666
38205844
38306357
30874722
27163466
15325578
74215
14522051
48922850
18509998
1696077
50459347
19210425
24537929
57863371
58110581
14540333
849770
20367260
32955700
1198160
37564976
2072416
22576474
36231456
46549338
44204122
6439042
48629072
52425057
47442017
27879377
44807402
26525006
40073824
23276824
46672907
21131801
54234401
40429591
10061821
23276232
54010164
42652788
36057278
8593995
1784374
31193071
35021808
2017243
11999250
4760263
1021445
41904215
6157134
26562028
56354259
47290570
6639878
56136980
42193249
38029018
32851666
24823442
28169529
1835511
4564483
21145044
14099722
2574869
22879569
16780796
1506332
43515777
10983473
19695163
49984305
55322654
31339564
46726166
203104
14146903
28131241
4995
13298211
616415
645487
810090
623130
8818842
913985
87003
5012276
29150721
23029816
204899
1937921
20248259
6233035
305401
15779870
25686721
29203952
29356375
25100217
844184
20493
12631416
20091106
12756427
1116600
2252626
9538186
1375680
29001953
25698890
152659
28894
27760875
22785779
1490376
3613601
29201532
22620616
26985989
43835636
843744
2022334
59018
33977191
51759942
1396301
34982130
31213588
54477337
51760202
34901337
17837035
1372732
17818125
46287345
9230761
54076901
23349899
11134605
19898809
17354792
32047490
58909225
5189560
57261438
53522763
25391641
675137
40320446
35029096
15858500
58911524
4801410
44131228
11684468
46267704
7405204
6117528
349989
21656016
46587302
391341
15945013
474410
1696734
7620920
16039777
58948202
2655975
3769515
683406
5781467
1204571
53334159
8618983
32467298
11070221
5397886
31941317
44205299
1180789
13257984
5901970
2932834
26678822
21199791
50444585
18078739
46214623
56652587
7827602
7971112
44337959
3518750
2652147
6732985
5441706
19782832
6396431
7844613
3151377
6241485
6814366
56149175
6180349
1371845
46586316
6930929
10952676
2833233
25986521
1809553
5736902
44091768
19008214
15841262
7699094
11396494
14685241
23609827
9021244
21400844
7710179
41038034
659991
44220410
5326747
6117505
1432522
8684654
5703093
53506637
53506557
14064345
1986975
44207384
16011797
22155407
52770651
46573105
52888685
631358
44259960
31780570
1050882
2381012
10469469
6066206
55634828
55490686
55654405
7926689
6603734
45647750
53506714
22359808
53516034
53513712
7984903
10484531
7971222
3495093
57000621
2780932
6016829
31108960
56907230
6017710
1654495
2832655
54370099
631360
44160275
1202436
11202697
2657753
7830184
6520719
2832596
15036532
21475362
2151986
52896780
1827882
6510388
2538658
20610210
15840706
54438478
57000067
631361
56998832
53514234
8375471
36229693
5902196
53368152
43451906
44206306
9797507
961558
10484701
8148047
21025021
7732103
52689782
24137225
2246454
319464
272986
1684288
2157207
19446271
3881587
10485042
2958615
55539946
5944352
74350
28016073
13083589
1218397
54441065
14460101
13461439
5365799
631362
57006389
8148314
43220355
2620670
2781008
15748304
46591173
10531634
10491106
42660746
26849555
10869917
2775695
1411585
53516370
5540700
224962
3740043
675441
5434446
40379494
2797285
3976091
2434350
4242770
1682881
19782865
2152042
5639906
5733104
7845861
10491191
8136457
10496348
5344131
56655510
343869
11074158
8775967
10496464
34688139
34683941
22215002
1895450
10496618
58311119
42455309
56671620
6307088
58887845
50648718
436137
631367
32229558
631368
7985019
56647527
40385396
19546631
52895561
2711325
15840929
19782875
46660199
3978907
49402821
4825918
51094415
16028058
44222715
2569170
2151908
43902787
12008665
37394270
22624531
631370
631371
19782884
14475770
35956024
2984214
246939
6242151
2423863
1458854
4167775
7631167
7605129
2281581
56250168
57104159
3778801
10572338
13158339
38958421
6076375
7394662
1634599
15170888
6930574
7847064
7859059
28032309
24662738
5643387
51129664
10572487
6337365
20825559
1119764
37481208
4271672
13485036
52085441
20981992
8384400
10587425
19782886
8384498
2094900
29505033
918906
11326364
34687294
10584922
631373
5856542
3764160
12111532
58921248
28024329
13157171
11487544
31427676
10587525
52928985
31417706
18306380
52909334
52908243
3979845
53591045
53470370
58919646
6518883
54445265
6518994
28104211
4279691
6755654
2026521
1012621
8156224
55539487
56826273
6086685
8107369
53513876
10190357
631376
10587631
3835833
10587747
631378
631379
44205788
44213584
8195338
8222408
53816951
16704262
7684120
44168110
4086966
36179570
418253
6327596
3221943
44184863
6827322
1218021
8051788
3844254
6160690
7071166
53516189
46660861
28015997
7449008
3293288
56972814
10587975
631380
7700958
6117544
35875161
7271108
8137526
20849981
53773816
2866214
2311925
25833770
36436598
8058693
2833226
625667
52924476
17922670
631381
21406093
6117516
8226400
631382
53522662
3664252
7508955
37990355
4607227
44203051
57008107
6801513
7764785
27096992
274950
50879979
33025063
10588352
2536713
4864601
10588449
53513957
631383
102023
47734212
102146
44088242
631386
10812274
631387
185973
1484310
37094527
1669612
14714094
15858464
48395735
5108758
38749618
8226678
347352
58936844
52816789
56998346
57839847
22175891
2571852
41644783
7010301
1674865
44223381
37097088
7958771
8354851
15989529
631388
35340553
892617
56860517
3207346
8401086
8400924
6953754
40859140
2781259
46586327
631390
58937154
4691727
6487504
29245578
7716460
58938891
1168423
30622171
19782917
21475240
51717014
15718477
53201917
8003342
37102873
13621878
7732794
19508881
8221929
56709759
5154719
3503224
925261
35296017
2118711
631391
2664719
53942340
18391688
53516488
712722
28352034
53522953
56954634
631392
53529315
5756554
3306369
3340637
4145906
25727150
1833615
42429011
59941
14271517
57632191
58371679
3032160
307366
31458654
52024946
41330767
357308
44589765
21617199
11367284
5623486
38667895
4685264
37818808
7097242
54964960
24489978
13887298
44379517
4283625
302252
10522152
99656
56232242
1896889
5721669
38499179
8467077
9985755
8824
39699737
2609358
39426236
56637710
1823182
3273162
322163
55710010
7973400
48969761
7056868
4530453
4963629
40628008
43349992
46399149
41894424
40478017
6152834
41479162
48441126
42823898
45443552
392304
11163409
16005867
3392048
18687
37349
3661758
44358145
16743
44379811
20180150
16936683
38859786
5971202
3849813
54432160
18849
8315436
41207268
3690512
40980061
32275208
23328201
39658843
1470347
7092541
13652104
40949222
1038798
55800218
25051739
34492673
12981529
645713
42384660
31771913
56997133
300184
38280978
48658120
42768428
18793404
16339318
53069992
9641126
39766788
41249155
4093375
43349971
38888613
2630795
43473086
20224767
12278597
38502856
14354202
1480989
55741899
32481792
651231
31720130
42220079
47574487
31336385
28621
39244097
11471733
12461645
41304880
31155053
19036648
57899729
38497833
36745639
43349760
39903086
43934112
3099428
39459433
49888912
49372183
22063
216235
1470290
21030880
15190312
9504741
49223016
4622751
9127632
2537522
1470331
51299313
51529492
49162176
30906179
49159269
49780593
27492898
44707607
48444540
55931886
6920635
35942883
13478480
54568999
39337116
54424157
38260038
35049854
49733889
21167788
53452258
23826998
32000094
53354629
749788
54069375
39207238
19364849
48483838
790808
50349553
41163070
46439815
2730533
46840954
35038842
38076
29880293
168986
49921046
49219918
39269199
46984631
18101603
39269279
50274456
11461412
1989020
56237498
54976874
15806009
3541535
65132
11801835
8125499
50238405
53970843
12936761
23420193
49780148
50529615
51066217
48050134
39288495
39392026
49810360
49813299
49293529
3630374
49781126
49781138
49781596
49781600
49781605
49601697
49292515
51529881
27493016
35039952
49633163
26305461
49557494
39984881
44961465
2686634
20445291
53316821
41439747
31351275
8355163
49861393
20097070
52335682
52399962
49158055
52506202
10869371
5635076
48756720
51179574
411782
49557171
2747470
53363521
44057611
277810
52974301
52240704
49033936
38523023
20433613
50533059
40124
1039065
56044030
56049428
31646886
33882670
34627542
26725
56049945
56049935
274362
2540811
2913309
3865832
40254
8853302
42104047
34008324
24536543
41244
16586994
53542326
1354042
42274823
344195
680
359914
45591279
1742933
1115940
341059
269945
264009
245147
6010040
307157
848457
40797886
324257
156455
418257
5914460
330733
372920
235988
245146
66668
1709509
322535
326789
658530
45503
5715146
440872
62175
12237478
196020
41449181
220457
1274785
7406158
16760831
25966582
251582
5342219
29018702
67077
66512
241294
247827
4358532
12713
246747
67963
1659767
318069
431483
15319892
20315671
25727132
38751684
262734
1093068
209887
276518
5536112
17143
11759880
1784196
894037
34308412
294537
22233215
444449
230330
26257564
937333
617256
27340205
67970
40333
297924
19339129
14511141
38840810
4158192
33065599
334634
334782
232241
223430
458150
22121709
177938
1663496
5364807
5534380
4308980
861683
97340
34236475
5872690
9372569
1102900
22709
43198
5469620
2343153
474470
5019316
348353
69785
4176373
28364626
28364808
646611
24587444
21632295
2184979
32771490
42901272
57416
171267
12081448
344175
160220
26441
442556
52160397
7901543
2399636
439995
28922
23536889
309243
1618407
639610
1169181
62694
510323
5494029
840277
424247
20580874
61553
1389515
21219782
9737756
30786
40369298
420944
4733563
68073
324233
351564
20377
58783240
56775486
32000533
46861405
52701130
1790186
41116218
28164829
38914982
56020154
285948
20707347
19374
4193863
58785099
8238114
45270286
52506237
53662411
2458018
18310
13340022
4012069
164217
48493924
533214
20598041
41365100
20219
6576473
42688147
5247268
52650490
53046309
56300679
54505162
56285691
36238757
56984525
48615186
2190607
2658674
209236
26096048
37838796
216151
26555908
19172225
57182965
30357748
27343053
3979064
40941398
43589934
3376146
1056536
4816
9632
20756869
2291054
14946407
645344
3531649
21508
17303474
161995
46371949
291126
5411423
17317817
2360885
10215923
199556
2438185
32401977
26410773
22541845
32622165
566533
30391110
4147558
8724
17242477
48718678
7080
9144140
986114
3689569
7895070
1083982
19377279
732446
20559667
7934734
26262
408026
2870581
19216955
46224462
60880
5750540
2138223
2222635
14122543
54021404
32796824
39672885
857973
2995499
753403
5452697
8661211
21018941
15068567
492429
3007213
60879
4026007
5081545
55160898
14386363
7175772
2690712
240778
23271244
5964649
17066
2227992
535423
2355524
60885
5759977
20401836
58296445
34518260
3523787
11033525
9638111
31357305
46517855
3687954
11059653
331560
22661771
37568596
60933
9367435
173370
1231776
53622964
337279
30876908
20580
48938687
53002210
574544
8015055
30881248
859275
1211612
841792
13745586
1617188
20765964
994028
20431
1534483
36615359
35200138
47164052
31070915
34975333
20491903
1702858
42797019
20848458
388151
52159000
42362439
663458
1702426
2906287
387491
598536
5180948
17894123
1079466
12903
25788044
8407637
6753860
51408006
23271819
12385458
8407466
5024020
371786
5361557
26562942
173160
8103336
27170600
37399176
41343
5192839
51678457
2663286
53497
5307853
36710027
16774174
23241429
217296
30870968
6244916
1068627
143410
2349852
25856
2703
3209246
1384005
18482489
364478
1241750
11516599
39
6721300
300082
56083647
19278451
9395776
37648306
36177989
1116216
7049417
9482345
9426
28410167
2502378
15374
18616290
20521094
53588968
46337367
19856087
12696436
28858009
41319353
37759555
33463269
27666821
1965987
2421481
7652313
17939
43359254
48811710
1767692
44044088
7024493
391267
22745487
14828359
2466027
4999235
48161271
3909371
1599733
4661664
26617382
43709
4350222
2574067
4999193
15354848
3192041
13664288
11191703
1725699
5047118
20503277
4459356
5051282
46789513
401885
2254029
1593265
20751475
288216
44401
173773
1235959
38473300
255297
47687
759044
1977865
408801
21244416
5170820
1225755
53179065
11488016
118570
8983743
1166647
8338953
5200104
5171444
38381054
1227284
54421490
56099
200011
229697
183933
11923348
7208118
24728109
170853
55534651
18895331
1192008
195693
5187243
27147535
166377
1014414
1026522
10109665
21045882
19662199
1014475
19908550
1907770
44678202
2862625
23092863
14356754
184726
50265507
37668443
1973309
51114484
23163934
9808551
20437
4437283
529974
8643
3798805
23913353
11763521
41067402
417014
26937069
20916902
10109430
9493613
7133995
16124413
5833630
154664
1014354
12469994
33516
480130
882160
5435674
44545880
8906668
1591163
17220224
357657
1546530
24581370
1903345
40893
1565136
33974936
7443276
10134
27367275
41200
164313
2829162
1565547
43654394
32631220
41222
1156215
40744502
1489315
7751608
590995
900160
31559837
209627
698720
37019651
144940
2063011
418237
2215849
162312
22275273
6533848
292200
30957264
28865868
3694602
1092282
998070
18515482
1343550
41492
32000325
26088003
1615818
681628
98132
42852
13485805
601086
20756012
1397700
577162
41660
438602
1937145
39728832
19849627
40946785
154581
324749
6226425
18994087
202672
2430525
2629646
1201321
459844
23141532
16840689
3071594
18712595
1676826
76408
87457
41085102
145343
1278615
29975836
35360069
1484541
33125
549018
34556315
33978
3640189
5973164
44130688
23500505
1125112
3010875
1723628
14529483
11501917
14245848
23638
50650
33615960
31071816
2219220
24417795
22478048
45059214
30388766
37541861
51030981
9041863
23206350
3997493
2642796
4740982
2364455
4370036
4370125
4370018
58800461
1130097
4370004
52823070
10875676
1540711
4597674
18930968
9556852
53037512
51859663
7172991
47515
58991
223980
286260
6007897
10855624
321987
28959747
351417
95254
95864
3392541
26614455
2472666
50320485
1352320
738149
7085992
69453
4217326
18480268
37102956
42557803
5445508
9939543
22205229
216601
2583036
527661
35802272
8855209
42242509
1759963
4124606
14643727
2431954
692112
169169
8293
31181922
43647930
8984493
21094535
21622707
9060981
4055626
19760932
18837003
19761886
30494
4205746
6248691
2995449
634858
1261603
5584334
3629797
1379448
36971117
47963956
51270205
46266901
21076467
3294173
20418621
8881705
3445878
21141486
5876479
17152824
5692373
5692281
6696418
4450928
1063491
4428799
4428286
4428749
17127473
17145462
4538755
5692433
5692260
968994
1729464
50471084
4082546
4082574
964312
44811946
3867561
4080974
8593762
22265215
13008109
8998943
26769724
22219418
22276151
33223763
12918679
6696089
21151773
28162705
13920895
13084077
1647192
5655722
298975
3057518
25436988
4033683
39531732
1589698
7458892
4949320
9176384
20861
7722
13536941
13885985
530340
3982900
3982626
16385915
4438816
1108702
5318954
4601272
4601281
3415160
4451057
40506832
42831000
16515095
17152885
7052986
4183809
2991011
3938438
5692422
515788
24530443
11997346
7639212
6818021
46244530
9464291
2265023
12661414
9861384
624224
3948316
2955951
4461721
1363288
11996852
11996822
2898953
32325008
15952810
51139305
234132
961677
990247
6725153
33025450
50402709
7046215
9894678
56398902
1902224
555366
3938286
53932606
11997299
22111
11996858
14844459
488182
2167447
41207433
23550
177215
2129702
19215181
1424864
248454
25970
488154
250815
3259343
248182
48413630
530417
42131483
54631939
1497703
102451
32325621
473167
31036
53100222
3005532
1013793
23714384
20720027
7962469
4689286
516757
8236995
2404676
1537097
8154694
5235216
33571
1019188
18711093
7494165
13444832
52331129
27100903
545187
12845549
54267828
18935472
58413242
56706709
7871720
25374965
4911436
2024409
52183171
42345678
40732894
5735730
27308159
29379513
26904264
27273583
22568645
54778399
12035366
55770940
2696472
52378360
1866762
41651319
9876877
44356958
23923443
42293681
40432727
47310615
44527921
41767727
44516222
44298224
44155499
29203644
21255940
11172039
26520220
50601276
50599896
43730467
43797463
49778673
50601406
31375734
55563387
53076024
902433
39368220
42393640
42448992
42324849
39242740
42358374
29839126
42324882
30247754
42324964
42325024
39242264
39538223
28005986
46937656
9002170
5885206
25514914
2369461
23579289
358226
28033172
146637
35658222
11572719
25190741
13016578
5007662
33333601
27211679
677752
2577361
39006918
15959530
47048387
7609025
23646617
7240194
2454376
35554143
46655162
230955
6932285
15714541
876867
26847657
33228177
892247
28650032
9132854
1038684
12260912
41500809
37132259
15184555
5704371
5704380
23503729
21954698
40545832
212235
7017756
143359
17520820
3556783
32930023
38329812
3874557
42823663
26364308
4359757
268985
3204676
19376355
6152995
100239
1279578
1067710
43133618
100128
2732103
1957708
1550390
10280388
604177
3191398
3618379
934206
1022092
5905120
47449480
336979
936967
10436084
23278125
5939605
414855
9027421
16881
1232658
183144
28161436
28397821
53611123
1261118
13520957
49305325
9501027
4695825
47804367
26358494
8485910
267233
39216107
1458853
56180748
949551
2843273
3671884
3602327
25140940
1886571
17258587
3481599
3587235
29819978
37221444
34764141
1128090
6486237
55835548
574203
1846593
49399942
18451259
4380836
3326668
19072474
55079452
19129762
24056954
20243097
45057199
7704334
85870
841315
12124441
85026
85028
78759
19282634
100379
86038
2905
85687
18553215
7948840
85126
79386
78452
86200
79539
55945206
19072971
86453
8230
1906117
8391
578251
736575
1547304
778284
19272020
1211751
14372
1692209
80513
24587321
204842
2497628
26913976
491053
820560
90309
52560572
12882089
1791044
2571737
12889755
25600972
85495
306672
201330
1547826
86619
95916
86622
678477
9583655
77231
770319
26584221
85550
24253
85606
39299470
86846
18077304
722634
9993671
29229299
20301497
90182
9570543
198815
559041
7811
86245
16656146
661185
9888003
86477
39132
11037
85697
1841384
90771
224289
14318
53314863
380590
29229340
90777
1599946
96450
85557
2055363
53211901
85527
22763
78881
3831376
33576199
85585
22948
99773
7236084
86821
96535
99742
36490371
7318117
56413731
84927
9936430
1052848
47811060
9813623
90325
96560
292079
2173107
85730
9500420
10545493
90213
92675
7894669
12346894
2177523
29909947
2458523
5778250
4469660
90178
934164
5977485
22063020
1989963
1793057
1567577
22326540
1327978
1723089
1753373
32987969
22907225
4339310
34732738
747934
2395557
625297
1600858
37373
34836294
174387
174365
9001558
2931156
30543
3290313
4027140
42946536
4999878
4859982
7342231
1468762
25563683
314938
32087292
610755
6554730
726304
526129
58779968
58841736
58778047
58686708
36492251
54935739
54952937
1369
33524601
58323037
56936055
31218363
1432218
4844281
6263325
36745
57821203
54894498
56892902
14781398
6328711
1925818
56767301
56386657
56899479
3883838
58877133
55224677
58625179
54544965
57468891
9383264
4844153
33484392
57923783
57871403
9998690
412074
23661668
4699720
1260534
8791701
1292393
26961795
692068
19594534
1787388
55550424
381925
57366105
4767041
4634364
16493122
207247
2614281
46496
659719
746121
17452266
4860689
12991758
3620980
13455091
6647339
52182209
1627865
4293424
381477
17073
6647140
445046
106742
376544
58331
29854726
613582
18372
2357167
9531810
267366
685921
541661
10597220
14810458
69726
36649
763451
643654
69715
1272552
182248
166543
14582036
55978395
13671305
6371386
45312963
1326752
13697047
76241
61768
3601582
10111663
2187433
3641834
37364206
1347243
26951907
248241
241133
2128589
2461754
3425173
53530644
16271681
2604869
133260
46817
2189140
4094667
11571468
1261142
6260872
1199303
69238
30871887
69181
2013661
2164694
18614115
1028614
1325733
51254155
12019718
56085656
24874774
1587548
27250805
13314634
325829
3915619
992052
46223972
17659098
6873293
96553
7905474
384213
1707531
4024947
1486283
25987296
8791456
226789
19638930
8106286
23316667
1753471
1625195
11337770
1582541
57326340
404529
1680919
35880454
21208860
12902602
30798786
8798555
38652390
2975808
6887798
8984499
18260937
24849311
28836140
29673754
29673894
79922
478837
5717049
8597110
3715622
28034223
16942620
8979708
80219
4105205
1378590
883468
9334910
41364676
51924989
48760976
55629898
3871315
159890
1430592
7588997
9132829
449659
9047958
1190724
797780
25596779
13344761
35409451
106285
8530
50948670
69310
11075243
1340668
1714910
3252617
2485043
780156
14745029
6483146
1197312
147093
10773260
21188298
11697705
50634617
31028494
7648689
48378520
53715
54160066
5804553
2607712
4362722
52506181
1062350
1475509
183522
12448
2002292
15490
47910
177299
12117361
4348131
32708
6855474
10965157
27506751
354286
2646107
42730957
1991248
320453
30707253
6225484
12870568
52598474
7018908
30630276
47164836
8857062
25368336
142915
13142963
7346229
35454985
332248
276909
19085044
7106109
47163558
41738695
38084109
43216986
448563
30662754
1300690
5383867
47050281
32351432
10808773
1126068
80114
86258
13661
42413857
36990968
1104494
10968659
1986599
7716530
3029917
40693685
1792063
1834711
15210268
23250197
2900048
2617516
84920
380694
36891119
37080040
95759
3303321
7999740
1682880
7438468
22058
1774560
77184
77271
78731
826291
14086603
83181
53857967
53858929
11253981
32966468
54420923
53866917
30157651
51143967
21434182
1028817
83764
36750503
17116093
20700461
78926
633398
7214
2205771
12220850
85133
46400407
83725
30794013
79574
35650533
80558
5956
52676490
34381705
37323654
33336904
8880
54422295
30180219
81623
34045910
3073082
4283995
82096
77944
6863885
434140
877939
56626151
944632
58655493
856472
43910260
85316
12221231
5613685
17248404
433634
4082353
81685
82852
79540
80384
77235
10501328
85296
84526
8311459
78514
2561894
44657
4171078
30210028
82841
2146817
82850
35132050
52548464
77438
21586
23521644
2052477
79541
83726
34389887
82849
82665
22184390
10641961
840656
83011
83014
852638
33880265
10256611
35036524
8518813
29003841
35008933
9646835
7318197
7037353
9646584
26742758
48715593
27828116
19950621
37552
79103
2445103
6807979
14515203
37975711
2809092
2359626
42943433
1712696
57093604
57862836
4507
16810081
2809057
58546052
2809025
5933013
8489618
88039
3232292
2381969
6794132
63461
3305140
58940037
7100269
39928800
2442097
5279371
409476
199921
666091
28778260
21030799
1937788
357674
76592
6104538
453182
55848301
65254
43183381
4739561
12992414
19868945
5714228
845028
3016063
51017
24633759
57135949
40493522
14647482
35137026
2410688
380721
43212731
42877824
16561206
23250279
43188556
56381134
4298
68523
1717
18950667
29977227
12438068
3249415
2156280
1293882
740171
11060987
8641237
1085111
27140537
23277971
1095055
5422532
861121
2606596
52704756
5378741
5843956
373868
1263779
9531834
1766549
376049
47637186
29977625
25071734
2407401
26032205
24184
1371359
27788616
16125
1951768
1949838
1955573
1961750
1963643
1963762
1964646
1981495
12662990
5090040
4517264
33177273
11970483
1430672
41172105
14905284
1494524
47127223
297698
543667
11466687
1260546
1397993
1166630
1438445
1644422
1263784
2483824
601839
28856255
347245
1151773
87743
16678370
5760540
86227
1669955
4868803
79423
80028
28857609
48695146
36425475
6095325
31362714
10069054
203902
589936
8076706
29008150
37776
1221071
100119
29007502
83781
96502
83126
4823177
79424
96342
885810
15630853
15555302
95501
4889401
1362961
6299726
288213
576320
91556
2013132
2968664
13799977
1664148
44911815
5338483
47149668
47111802
47863585
47209927
47146666
47151883
47150008
1421241
47210441
47210226
47599442
3375342
9696570
47210155
32551
38288783
47210060
48372863
17636233
6336667
26360882
22274781
28127220
48960169
40679566
19679826
13429782
17390688
31232858
26405734
25828349
48861162
50980705
28483452
45470045
26391811
9456451
49204743
38855214
27473712
28152164
49136851
18624248
25802213
21047036
21046950
12032646
10677198
22304960
21161124
26372754
31152821
46553263
45695770
31276098
26400783
4467896
48802652
42079666
12879647
29160217
18078011
53318818
24527655
49412029
41266411
53032765
28736537
23909927
35803072
49012596
23215543
5508143
17002786
34535212
25875955
50875725
13438855
15561780
15563334
970757
40612695
31510085
33876088
31510324
13851930
31510512
44182019
15563572
12654999
15565205
31510585
13271480
31444281
15564794
15565096
33072335
19227078
15562318
40620408
15563031
32371522
32371088
15572892
40288225
40620188
854707
13621409
31510863
1590389
15576818
44182108
15562052
55566492
54724218
54724303
54724120
15566042
29500557
15562637
12632780
15561289
13191480
14182865
15580360
1755505
40622815
15573397
15565778
28319149
40623499
958305
35297769
15816562
37585361
32371350
15566291
32370454
35297735
22557663
32204956
37581344
15576350
44181900
15561956
15580162
13212195
17964574
17964903
17964555
13190301
44182179
15562427
15565608
14208562
15565427
56097757
57081858
26210009
1545395
53231495
143589
57747791
1058519
165263
14783718
49513886
39047438
7136356
287159
41907076
177766
37993911
639765
2190431
428089
428086
21133197
427999
8949362
914821
40099854
8633658
445513
48534508
56836662
48543200
5828178
8427933
623209
27574421
47143
594550
534079
602750
55044687
12680597
2456106
12601452
21770682
3271772
3271184
44297345
525091
8800899
3362344
551305
54084997
5974618
53333891
37473685
16564749
53191245
5065366
16528934
52993964
38549684
53188828
53189036
2773462
2369510
2108845
24521725
16601110
43074630
52952373
38725214
2650625
24884148
42730228
52785050
5111965
53201590
53109212
2773344
52672252
1571520
7638385
2656645
53191309
52791879
52803768
5039137
37019509
53069461
35887625
2687944
2695452
2865779
274317
39169424
52809942
2878375
53060391
35886825
35887289
53099882
52952954
37011918
53099706
53201672
52809973
16535054
43074655
4971222
52219044
51542111
52435851
49969507
846713
49228683
52593372
52810002
1169995
16495626
52784957
52810051
36845070
53069342
46705166
53090510
51538678
2664694
52565689
32876094
52792009
52810177
2797531
10462142
43198594
53089666
2656812
2670644
2780894
52793580
52593286
52810222
35887065
53099942
2670699
2702745
52793708
53201736
52810358
1304752
2779814
26961816
5679875
36033865
50204130
53097696
2664434
2713178
2773098
2878755
4962565
5026180
35879820
44383793
35887609
47338748
2656149
2859004
2870411
42727311
35886797
2664582
2692540
4990197
3117389
5172638
35886761
2728722
52278312
39169448
53048910
52565855
4998991
51286480
43515953
53089884
8379122
35887658
35213384
35879885
35886776
41875425
2760112
38202329
2712645
2718705
2858893
2899529
5008696
44915179
35887615
35887641
36871292
52784231
50190409
52565777
38764255
37019407
2880043
2367173
35879765
51541792
2650491
2811351
56674057
52973407
4997250
53069477
2713091
22251666
1911598
2858679
2879948
5056281
2760182
35887119
7800328
53089821
2668907
35886715
52324983
7671120
2651057
56674188
39179613
52984488
5008213
5094630
5111365
35887024
35887216
52593313
8718541
8721696
42754539
5026391
5056680
5112286
37019488
53089755
2649239
5067954
2782245
53390774
47341952
52740650
25150731
29240
10409314
22685047
23657481
56120517
28161
12446384
3654207
51919024
30549338
5036959
29214429
29342556
47220003
20002878
46588765
21244432
5825136
902664
42174074
28162
5691247
596830
93558
47220363
48161090
48211692
48211837
48211966
48212124
48212518
48212611
48212992
48213340
48213422
29419025
6441759
6193118
18630810
767524
15210932
17353952
47202438
6866802
41600205
58933
40260097
47090749
14447908
3817372
28292088
53002047
37005227
40145779
42070410
42017288
42817414
42017395
44250288
27090911
34625854
14355218
12114730
53611941
8613679
309910
2082914
8400386
766519
50748031
7851193
34570233
14073506
21966911
58469107
1685988
2114976
35218618
46258692
37652599
30126483
34393705
55328905
20793623
32601753
58450344
25679359
2180476
47770720
14355268
14355168
14355201
49912901
14355155
17781024
4200350
51208786
229623
20997621
8280867
28259025
3528473
3381929
42981259
34650191
1885139
2265169
56379870
25328276
34923024
49509690
49506846
55300480
55306960
55307575
7533718
5740555
20359811
2060273
6984374
18238240
47258758
201301
2441543
24563063
30860126
8739219
5666922
7648907
2863963
2863193
6284493
7489005
4653714
5648485
3957722
8158750
52136
27763858
23718511
3157454
24027063
8654442
2271535
50881499
2186554
209199
3214240
24569588
2948660
31780099
32350997
12798339
22343163
8080176
8158484
42317233
22343572
22344148
20921569
11753
98341
25851294
36817738
12747796
7065702
7469344
7469508
50881632
12121734
27350732
14436459
32688105
57066869
7535157
7537772
7538064
7585297
7534313
7586125
7585537
7536887
7504769
7537072
7588876
7587574
7537999
7619428
5183481
5439755
33998064
44290443
52753418
42200218
42199879
31301895
50823498
56016045
58556908
5759586
55172056
7748299
8315509
41823296
30860237
1528353
2063037
23685620
8266037
6800769
3075977
38068881
4668085
18687566
24927771
5067412
17365223
45633505
43467295
8075386
30624344
5931407
19400742
24108362
19400800
19400830
8334449
28051908
448990
9152771
3406435
51465159
24783628
15089261
166125
51466433
37540630
32598425
1469938
1654614
61708
6307909
16593587
18233949
28159848
4079600
16959258
125616
46642142
1643621
13974860
36985937
10085128
2476693
14038946
56209785
601663
341094
50932645
50749661
48670257
57337082
13668307
13948219
57268236
4877817
57278967
164917
12755231
12755787
32419003
24728450
24790248
31846480
19049077
20146495
28392153
39271562
4432878
37889360
677123
22945260
52593742
21657289
4487990
7379631
9121362
42477242
8716774
12878756
486845
625058
17291143
21581678
40763097
2921496
3449607
34897019
58540914
30519628
35716102
24694866
42200226
42797562
42200098
23252940
42200287
42200242
49283190
42200194
26838301
42200204
42200207
8116772
42208107
40480955
28059473
28060396
24694946
51115791
26093341
49255216
54638740
6801475
1194822
21159208
42845661
1716015
20975455
1758281
27970905
12976556
22463899
12807015
1138941
39012708
18077092
2508175
11700559
25223110
51335092
2639544
4321280
3896702
58019317
55235621
26760418
40846927
42565799
43204753
23803061
29940042
8040985
38986865
31615507
737926
39088121
35755657
4538271
47190731
40955618
8326145
39027033
3330408
46538312
53022798
19294082
11347578
17997117
38151098
41165031
31494275
37289582
10909519
45603599
25601705
20119491
35569147
44128196
5718985
3926754
37313260
404534
894711
31945999
31945947
170789
47721564
25680909
35648594
11838775
13841751
44619410
25917873
34397106
446790
98326
52782026
170749
325557
49051693
201289
43437950
45312767
3347268
24528702
1160381
20817144
917181
36963899
30591782
2002444
51363191
29928541
24890561
5230394
171891
11337053
23875920
19888060
881156
32734960
36608592
43762481
431030
3241397
25339735
26396077
26230766
26395924
3622889
18916263
50762572
20905037
2448430
17940212
29512019
39013837
7346214
29248448
58004269
12698762
9012366
9012445
9012516
9001651
9012992
9012939
9013017
9013040
9013073
9013093
9013143
9013183
8984261
9013261
9013285
9013356
9013435
9013482
9013528
9013565
8978703
9018336
9020810
9013633
9013721
9020769
9020725
9020665
9020628
9020581
9020558
12247811
9020504
9132864
9020470
9020434
9020384
9020344
9020310
9020247
57773891
9020199
9019111
9132942
9012577
40338250
9132644
9132672
9128018
9132706
9132726
9132745
9132780
9132817
9132844
9132888
9132928
9132973
9133020
9133036
9133057
9019705
9019666
9019611
9019587
9019565
9019535
9019508
9019443
9019379
9019344
9019260
174455
9012686
9019208
8994257
9019138
9020822
9012596
9018999
9018955
9018416
9018396
9018375
9012616
9018357
9132995
9018316
9019237
9018265
9018230
9018171
9017407
9018137
9018099
8962479
9018066
9132763
9018033
9116494
9017992
10118477
8986578
9017939
9017914
9017893
9012665
9017875
9017842
9115715
9017707
9017643
9017674
9017447
9017508
9017548
9017604
