752
29560452
2583747
1480241
14521117
3410311
55657946
3603659
33563052
690245
863862
3547336
39272508
21084897
340336
13601902
21342679
18368611
37151950
35857691
3574096
198778
16300571
54087097
33962158
49870344
101140
50110539
43727113
8560
8395427
90317
36791036
20443993
1803617
1396834
12721996
41520090
24989989
35853255
50504032
41096877
43946450
18816
50400956
65821
504974
40476642
57062676
34644396
30041335
7524684
36315801
5134465
1546216
27561
725885
8217939
50113632
805897
35922455
3708604
1789504
30862561
2406043
2174758
26247429
10011626
25245841
27144883
11268796
2597318
33734529
26492643
23100253
12465661
25658231
20000436
58942351
177483
3800363
2130
1251240
37205291
4804177
48759821
2660572
17741443
17102646
39681327
37522784
7531564
1408731
41390737
584809
1212
5709846
2482029
29214621
16639868
373182
30531158
28887813
14073564
178942
453596
33925501
38744396
2221526
17149192
630795
369910
1151595
38558185
33926747
40650173
46198562
16313813
41812810
190485
31908016
24184340
23406517
593683
773685
48764749
284685
9980550
8810712
54682673
14329
3376041
211451
19682205
40857095
32642244
6984332
2270385
56296406
34707843
51123
2241273
36283978
5971202
285554
1347800
18761837
6900144
15184165
56296405
13444712
20458
24822996
1038052
22438169
175308
36266017
1488146
50515207
7410249
22926
8676811
28872327
13187140
49699377
7772650
10034332
2653427
31353545
23276306
584224
42072600
7303657
11150813
211430
26789
18885237
43866742
14075956
26642577
32839108
6275284
8477540
11586417
1034781
52205559
2559736
21207536
37037027
57478241
23767901
7409986
24180533
44237411
23926474
18363988
6768922
41813255
10698020
51505501
22900852
2137031
53658842
172526
6156995
43831935
29133421
6320392
40095131
1236189
53015
30730141
7763396
10833249
24984217
34881594
24106777
56779902
1933002
4878340
2026459
18723302
20535140
1132739
36702
18053430
25211329
1431051
36915
44225499
23723295
10658637
11547871
24133165
9490727
23694367
12545991
1193809
1480650
4519044
13968485
7165
1697993
8444504
2044298
3610259
9905728
712384
6539646
23739941
21011109
210433
30247481
4742408
1323462
8884
1814699
1138526
24481686
25739612
770084
610989
885257
243421
31165062
23044955
383728
3547357
8021088
2455462
13461083
18938054
16401464
2784767
21960928
3163442
1933935
1319189
405304
2452325
1173823
14732174
16522290
250466
240347
7749214
31815567
1558634
11985
3990044
486086
446536
48167905
24386914
385946
9454692
24368119
969817
10499965
31409896
429063
7488220
148099
148121
42307809
4137340
30672962
167020
7442526
841792
98141
1137338
14984069
26352160
3251497
34596784
26621214
25120842
20765964
144135
228566
14272511
889104
302278
789667
6608522
19398801
18236097
310051
9036007
29646285
10423650
1895870
52723490
21699369
35492680
344859
30872739
19406892
432001
35200138
39462053
7603861
31430253
173096
25247489
19779851
72901
15484687
204406
12302627
933406
19483366
17067709
5669042
7670949
210093
3085396
5210080
236696
2776504
34504807
995952
4613465
17141740
52765834
41050117
255514
16448388
68062
51261344
13462164
4783935
325064
7587495
23220176
7761118
182607
13727892
18323093
1788567
7295389
13752176
11634588
307326
87683
2658000
1913128
3910427
58039
22576725
15587594
48393926
88238
29160892
19738253
8410294
653401
310802
16407195
17116371
18153164
41744045
285031
3051643
31142766
455403
248309
15347883
453968
44719885
276586
22953360
1049434
228568
1860558
1775896
1255078
184854
147847
380097
329488
1544359
50388769
33995954
3026169
4426474
11068844
206432
47872613
1881
36719728
59551
38782107
1411670
48991
55806219
26062515
76095
39303294
3957
3832
1864778
16225929
7096766
9668850
50229728
787669
6309363
11020713
99260
221909
855789
353880
9085773
2465278
2872472
52763886
37803
46904771
28092714
40309259
49109026
13581533
8240
20741256
48669473
3879106
179339
5678514
9633995
5517287
337178
48932222
1727363
16093772
3083357
2327352
26693897
39623516
8938738
49498935
48013574
33835821
33681647
12856145
230846
54033073
49346356
37385753
1565418
41781828
21159292
49332474
42039658
51781326
39426017
11177988
46845117
14317754
56620192
981627
50371223
15169
4029769
1335032
12577475
52759037
7371802
5631083
45079721
15125
180868
12487988
21319682
44984115
6246985
19908853
41846817
41492431
2187986
20021276
6114756
20836
31727578
7008015
36836451
19547
8175072
24796807
31724035
32803322
42450301
164701
192128
28225737
7539756
44360719
1134198
933193
17868936
5239933
8394061
212724
183280
56239873
1430291
24027107
20854492
27155424
2562742
47287689
1471151
23129465
31589156
42371917
43789645
33026053
178848
28970397
935530
28679709
15281517
149281
466798
203505
103895
39169323
40002031
863950
1510897
164601
30864493
3613832
44185600
292470
192127
103326
529709
2169442
10063162
2055335
38781217
27264742
1172710
5064328
2077282
35004358
43028857
21244047
3170274
36886
4915708
2341411
26094
4660306
44147061
6587771
18374162
13988753
43106703
13255875
273463
66491
14655489
30872141
3791787
12522268
226375
34269896
26669239
28421250
30860480
1002066
28766
54189
95157
16280135
1829102
58654779
15669418
15682839
255562
9875904
27138950
33767741
42844086
36828758
602942
46855625
53626404
9357540
31278320
32797556
1105256
1335047
40342680
177250
2489512
1118008
18935020
2633923
1983854
3127594
4970176
50998166
49321495
3848809
934991
55827180
235247
1008869
28466005
3557556
1681971
3453723
339562
48193
26989188
31297385
2559879
6717182
15161720
13000675
41776880
2817560
164332
15518209
13307492
765652
1371321
18938195
12535980
48462950
405803
1822919
26141345
3826242
938586
1558421
39217270
43390516
466042
142259
2149224
20028453
7157319
2354244
10327607
24621
38973655
60125
2925613
8412860
12537650
7334837
1331064
6215466
5215779
390698
34658815
3305098
738235
1980381
12385458
1548475
5586111
5208230
171211
6742937
49833623
36786225
10865561
49334572
1481470
39783343
56822533
7599352
14208917
43853813
57393473
1862574
238893
15229303
174252
1127639
1969927
14332112
36809948
378212
5967984
6034513
4457435
20546113
1682480
1848891
407847
9000077
2453966
18667798
27994073
3287616
165439
15096272
1134173
1125762
12550241
30808264
9897266
52142710
26298756
14303790
1942520
8948543
45496715
1358956
540098
20718494
2182993
22703423
49833293
4884616
431845
6490247
12536792
2060750
1291588
20553720
3276554
3684864
50613718
19910219
4359672
37750795
314139
3499728
27210569
2780760
4967845
44208988
5207309
17543518
8782458
2956764
1929987
10681572
57622421
52582597
43971447
2488782
29016342
14301828
20337088
21669080
6933854
17832313
36074487
11057839
27645253
27646456
27646414
36239264
863650
56036362
47357419
16761905
25714070
169980
22419340
5980367
8752515
58109649
46950372
53872529
44161319
46802208
28925587
16330070
6990003
35953231
3778
46862330
55487307
44543003
32064024
7870501
35783863
11078726
4661812
3626165
14311
47112529
2152
163629
937508
50328514
20646241
50016
55167907
158879
19745240
5530848
16113082
28380
17037919
18816152
1249468
2290164
46350265
2456307
46093
557762
13914360
1548731
1013336
53803795
41812290
1707613
320711
563697
3441472
5740294
11681558
15482915
3418464
1562296
27423862
45428940
197003
1405023
841521
44223089
42222409
44237394
43246718
23922380
231156
27466224
22711940
407732
42510944
31160993
35868775
98957
49114825
299309
9797150
3979884
219217
25057451
864
1278449
1954257
10672
13117025
48538362
26073072
25589062
35362259
53479510
38164724
26085319
19902556
53355237
1849152
58833260
8731797
48582
26716006
38587552
35605738
30978391
41012184
19988207
38606045
28805894
34814189
34410745
35002945
19162979
36981122
840023
47578233
46549052
39021271
40582521
40994853
49475874
50057988
45437338
36431067
36507730
52999472
16852047
54375556
2247288
12918880
22745060
29021646
988326
24313381
10637082
27334304
33928894
2245039
4120340
3033580
38404649
2663645
2493017
3360218
45287496
37239367
49922048
593873
5813875
6804939
4342129
40484044
18765222
2015787
52998967
56113458
27274204
2095158
635612
2776352
286636
15698928
2503603
13011
24764198
31294650
54057718
57755958
948208
768632
5908618
9375932
1225765
8516571
3033764
415978
19092390
19182784
28325871
4209512
24916147
21014293
659827
100821
13927882
2321001
55693280
2929758
13093426
15584433
29798106
23540958
16121726
11604823
1844155
674483
43386313
1152274
183728
649481
206268
14724
1798443
17343536
15656432
53692
12149529
8918212
372478
30928846
36557722
44955199
31459790
144048
46899473
36575629
54811649
52149572
33237954
16184732
18949848
18949461
13541721
8841353
58489289
60731
1937861
18400732
27004619
3246877
33184014
48402268
76749
2684375
20177296
52847
73536
353663
38181580
384857
401963
3736928
170594
3451484
1704177
766049
11169494
372656
9418
2234574
154076
43251161
1325505
43494
175717
18820107
25176229
65974
842701
473065
10600
659824
44706
210085
301456
350381
21514028
209950
8766153
61082
23708609
10373080
161095
565176
255991
4751502
553888
4921223
15754385
31782815
23713433
4374325
50833294
150463
174653
8340639
171435
81842
885730
1523896
1528526
188949
39052370
52831478
83597
232445
3564116
18934997
3552803
529844
83491
32745919
379153
708181
38243
699908
7199355
104952
83932
13878013
4444344
605714
4552987
3480573
5218457
11303
661507
5260565
1800558
51110018
58172816
1695
246497
2103687
470031
12830932
3264956
52147324
2487003
57043484
1262
6400749
36982
4575
8421659
2880009
55833800
56039901
37647322
808418
3322157
18619209
37377540
25791010
27584254
26271687
18952359
7108182
6299
21478754
1013749
37485840
19085753
31876747
340496
4760674
48403782
16480472
1091420
11624
50072300
52175897
36365518
143806
197849
70432
52970399
1448459
251794
11491
21330391
12859220
449924
14110987
11709
912426
43824631
37910936
588308
9295770
3058347
10623
14232612
21650967
37168
24215198
50473
26424116
223328
22369867
2295773
37307005
12827691
1209946
486077
1764568
1679958
12344884
2417765
3049241
451627
1371359
864759
10065263
53983419
12359871
50010391
44497669
53974
24921390
5118841
16615403
1831192
26504149
992052
57349999
1937788
1873093
10091322
65071
2445030
6648761
34025698
25182319
48168923
24698694
168907
13859138
252958
145171
4312132
27944246
17220077
25330949
21052174
19878266
957837
2243703
38928070
2595389
33064179
38179043
33539154
42500254
36534480
471937
3516959
1237259
28270
485826
41566166
914436
54289075
528739
22197912
313333
3884751
2736240
28755623
31074444
33685985
520421
10357796
46335
19009041
20637639
339202
55383649
5024233
56990334
3840912
12514554
146141
39704556
42635731
20647654
51968234
49047979
42003318
31771
21132268
35274542
2437200
413746
857633
152262
32664261
540570
28557692
13915228
1860362
33959
24885165
877389
20019786
47657384
18960210
2209985
17404305
57937346
33945945
44230352
16772812
8639734
42257284
40665875
22185742
26336608
17405361
26619607
38792568
8527359
18481737
34617070
33897930
10395902
35818365
30770358
17422873
34636886
52787464
13794465
2112836
44499956
45088316
52730084
6002317
6002492
39719022
11979402
35404177
34911923
20561900
28189440
230896
9020225
27741962
5788620
62312
20226465
220122
25535894
41153992
1883086
5145183
644894
46882531
9940334
40270793
12586867
2658756
46316658
6666995
43726790
7535429
9554350
459936
7832626
47121723
17972375
3235283
4648734
2462429
19877943
26829171
9689515
47482827
3564341
45185885
56624093
5906291
34301242
37512586
3403833
6556808
6556867
11176257
8853626
4275789
28653
4288902
37710988
22266498
965443
15164250
28852965
3304549
9738465
426433
10795015
6422341
12416558
766774
3120054
1744532
2418529
57165694
23218407
10799117
2033002
258813
323246
413066
2889929
5933707
2228958
5206914
56189045
37397201
35683946
25353172
555539
2890012
2890090
323245
2067198
1739871
7945692
35189349
1133087
57486047
25489423
53511889
55260693
38448243
25826523
57843562
24338833
57684198
40330401
56619746
32787412
13214335
44398132
42812566
4884359
45576625
10558149
1678827
42030017
44448617
23956012
149840
6746841
32176550
19181751
6233953
23407994
6025107
2528209
6202008
56818423
14655547
50059080
301517
35005007
45018071
22984515
41182505
9002010
53453086
7003478
48918470
47988234
42116207
2304685
42932714
2849654
36303864
46957104
2104884
3248504
3257715
53631933
54561571
26557726
6698584
38737833
41955805
2814961
20262480
22101371
38899772
28243884
34762267
30522384
40831051
50557074
22509411
23866980
22393242
32326216
21726908
32834517
40611289
975506
23695445
23695457
23695486
58697735
58414058
22101279
31222359
52661501
55829791
42788160
37294330
17126916
15500557
51738414
51738064
51738302
51738345
51738599
51738388
51738450
48752551
51738322
51738515
51738550
51737840
6317953
50761753
15022410
4685786
20359562
39134375
21707750
54237191
261532
6751119
56436008
35814145
36786807
22201812
25797440
444483
42190748
5408726
25456072
13317272
42730925
50275743
42747932
1320033
36758112
1230780
25396193
12759973
518965
14080344
11166568
41569064
18785198
28921857
6169101
38403646
48395230
49601079
6838285
32163901
37027243
40603534
50820776
50602154
17430672
23911031
43158098
17464348
20759927
89087
7357791
2293331
32997464
16578398
23107267
33913682
36762409
655270
40739607
2370625
6030646
870532
28718220
14245193
49021304
24732346
25009393
26210503
32924850
35850940
27714014
57380479
29052246
54450622
50447550
57884168
38715838
1719620
30908524
16077721
24678274
26246590
53368983
22269346
22481113
15880127
9962115
929658
8190595
53616779
1017350
38621152
36107151
420026
47611637
1704071
1870205
31064634
53204918
12681822
24702826
29438874
42625080
23657670
6086219
36144925
13517137
50355196
40028032
26334957
26619560
5391822
35563221
51156073
49928085
2605392
24748175
11530661
11586986
734516
32823526
17009946
32778953
2870042
4274985
11117031
368032
22577681
53924257
50883655
13393727
33760922
40011898
28580772
6562849
31024729
661847
3439051
384721
40352406
2693417
17741112
45389345
506242
56186561
53765909
22439678
15040304
6920955
5340195
5814918
48846063
11731576
11104200
816800
27391711
57644682
6905585
48810986
1755912
46382167
27338862
25566775
57714558
48351308
1877298
40352535
274341
12141251
31277017
33534717
46341387
2977702
36702318
960531
58253417
13272867
3950096
49010479
57893656
41224195
26100401
16438617
22106001
57520471
57254772
940136
37041486
21583171
2361505
15594926
20336465
12624446
4467490
8320742
10453912
35283807
50021514
41751087
24012494
16175492
19074075
226528
39395549
9994968
38409561
2163677
36364201
57688902
14116905
970936
37516032
9717620
8317329
7875632
41577183
50550986
24162778
58333063
9468427
16646686
1128095
28897913
47908376
8001411
46214736
55521343
30086338
23681160
22748742
8525985
27195554
23671991
21375567
27877228
32485720
39250235
50513964
31490364
57940897
58820579
24210112
35963426
57544710
50324313
1498482
54676495
5186299
15532317
42096070
1926728
6190171
22626618
1225185
33838843
30334654
9152479
41399527
31371053
17410262
8240992
423343
148108
17307573
19101749
23540498
32240550
11851787
33913233
2210527
1970102
460710
17135408
29994737
32004157
4300660
33733427
3280372
47481546
49513
30114151
45324522
58792923
7523119
2463218
5734027
3531463
28405951
48593246
13347581
34305558
28194222
26785258
3396300
23942307
52304513
5943533
36621495
31964774
56822397
165442
54347264
35662960
20840826
23018954
47104732
57241082
31717127
40609378
24112829
336920
36786946
48687473
27713774
28199254
50197854
6063844
6167820
42376669
36324599
27341810
30779852
4111548
5274321
12985832
963848
947187
23602577
37732144
14080204
5253997
30998273
37825719
25163520
1161710
25034689
960256
8526082
38018005
24133614
33893036
8164721
54103650
11017873
38700056
960229
38878064
1676527
46601087
38853956
39372120
304492
19863759
26901652
38423740
25193817
45049106
2082902
48222962
45599534
41131825
491923
41132629
15347881
936098
2246106
12828136
1458751
28432485
322740
15119753
16527368
553050
18793477
41810409
24649801
29602472
19946493
3857937
42804916
1050706
6385431
7463666
9206479
24006909
28419671
41171004
52935850
53216545
53335733
3579118
42792951
8760269
28849380
34057878
25253901
41814373
38483998
195860
690912
2413266
25264783
51970986
5382286
10575374
25132206
249405
32219282
1466712
28811912
8268926
8081269
48270691
28963696
476614
28837105
28251726
5800889
9465659
32019995
2406818
53354983
48696646
8343529
48220780
1076505
43696693
4583712
10368329
20859565
38157111
46213694
53654595
723899
23421153
39320626
857078
36822995
24126833
23794804
33578253
344423
22953663
7409460
27334462
34159548
28231633
54283486
38059328
23679657
17375358
4228098
4263100
28322204
1379044
1672429
46409752
13890273
102853
42621278
6086861
331015
20108931
1586702
33913101
5687403
2482420
3970948
57691341
647630
2154635
63380
343611
11607565
57415189
340026
2117431
39293751
2889466
11548603
2207
35501753
52664560
32256742
39606699
11776268
56111126
7902980
34149316
48821142
28078760
11943731
40531352
55372595
57742026
50590823
50592429
31783007
32654137
31709033
2912699
36801303
31723138
37761633
13933705
21708782
31954764
46252962
11988925
36315233
36045523
57873112
37651670
57918559
7342407
29820482
18532974
3198370
58921817
4477604
10255477
2092680
29676532
40437852
11988699
39536848
31708935
54301882
7317135
13901083
278508
36231161
12510084
42554741
7682447
16365690
21478458
54300874
57680058
33040223
56480228
29964683
45211158
43652724
50322355
27418145
29818135
29784799
21938801
11075424
40332185
16915789
34822417
57931476
27086959
7606223
39509095
56496980
7340459
57937855
8229211
33088153
45224715
48649746
48650096
11393362
31705061
46345120
47990869
29274772
27124515
27939923
17428314
4339310
21479291
29637552
34629782
31986971
25648230
34563596
44810823
20086681
40663856
56495867
31764147
41479741
195823
55362261
50481081
45532643
57617320
57918680
35349104
33098563
50847324
2364632
21478772
48908190
52142843
20753697
20963820
18973344
49089940
36374140
2878465
38065164
6919732
40115848
48258882
4801957
39605757
13981322
13742140
22572066
25971917
14236888
33185171
3038606
57884038
6883433
3077601
27332897
57940933
32944316
54796026
57681609
34230479
11552187
57601646
57617186
31768176
31968843
4695342
11928415
3035823
36374081
57681581
35869337
27333215
31960514
46530834
31959546
40636454
21712632
3472160
31713930
11110525
34967354
14713956
17888676
33008515
11944276
31793135
32991961
45325244
7319931
57680804
31705356
46322996
4712045
44476531
41442025
4940269
25472178
31987700
2725673
39941282
39528777
4211210
31149462
7661978
57689369
1990227
49427746
14637741
14938789
34844153
22858458
8087567
24714107
58687319
7772391
57697013
57617059
38177173
2347457
57949566
54437815
57927213
2970426
53456939
2973839
30407763
45221838
46230519
36373733
15868838
31715506
3165849
29830179
3154798
44338010
50448104
57731915
58687457
58687691
25083670
57944112
3401540
27301502
11902071
31968769
33143255
3049569
39593445
11788835
39593347
31590661
39654721
31899806
52009088
2409029
32828825
7452366
27862078
13264041
57953088
45223632
43442049
7343743
48594930
27860519
7300518
20640181
32852821
31682822
7342520
31675407
44849716
48656768
21084765
11776408
11788984
29965710
31968910
50355365
43659087
32290384
18472800
3049504
33148412
36373325
1245580
22726059
51176345
4941812
48639528
45321931
4282451
11484487
1238951
26827346
12896527
41912909
3034931
50218414
13953523
17609277
25772915
3952875
11258836
13921342
970454
19171912
811715
50220023
38549568
33292272
47477677
39053200
57870411
50218561
50217136
1694161
44369430
5318004
32204197
33079612
2055363
30370277
28950968
8367463
26342227
907712
11535544
19898702
42360333
7447992
2640807
2133117
7135969
33546671
33111501
3357076
19274956
37598023
42489952
16962533
42453506
340531
26157272
24219819
36425350
38195362
15995094
12252174
11326983
66297
4599570
13168962
31604801
12248405
39043241
905758
20568894
36211652
2462193
31272576
5103330
1117945
10507789
16658743
12346209
51799792
1240005
1079115
227244
14655083
58345718
1673810
209488
30639210
33915362
15678352
20429006
11607008
5628488
13666465
6668523
47303066
351471
24235344
52372655
9347404
1263161
24553002
1903406
5102726
46234172
6021797
680998
7368760
27011983
1230235
199145
4771413
10865932
33276979
22105883
13364855
5274826
40125139
38270069
31333070
16175151
12071009
16164644
55217872
43087964
12389117
982228
11537850
58062174
40437565
35799861
44041991
38770547
50410718
45444308
5481250
1600858
35763994
49089716
56626151
54416907
36409537
46984685
8101443
24707910
86774
20754031
21704106
45606069
58082792
38670638
57915975
20210371
24410680
45447065
6693166
31572452
36373536
2041384
25158457
57770000
7729141
48262356
46457078
49497497
11390534
31782589
39702647
47080318
38455007
4632593
2963854
40197933
6095222
32137281
51556525
14763594
32435888
57883594
31925904
8240460
24836816
49727085
26192122
38888246
56505913
1879959
49184394
38893742
42229902
30221670
10265911
38367665
33011431
45603489
42733164
32297850
6339612
7337971
15113061
1861438
39626825
54088294
36421070
28129185
21394506
31782612
57143948
11017999
51130966
1958292
16190811
26153491
1578490
32997809
50011237
7432949
51126959
31489973
40662403
45313399
52664029
8751628
1621411
7629953
30713781
18886753
38139733
2502780
40438987
31499965
9775777
3198004
31723623
7319227
661532
3094805
11552390
3072938
31350012
29914209
34413750
27250574
48546224
52562096
54967134
2046953
36739703
33051054
52562028
5166417
46353395
7426970
54188261
39311281
34518962
32786043
31589527
34507539
31173677
22833643
33014292
54795286
45302833
53145963
31723328
57872910
12083802
34194320
49119824
57769604
57769811
31642154
45527391
11851880
47544020
30556576
30556642
57916389
16953428
27024232
25657145
34750953
11193873
35368320
57944028
11551926
11922051
57953391
46937428
53835418
3456774
57770665
57819593
57190345
32653958
58751593
17240449
32650266
4684314
57953371
58735935
32787409
57883921
27879205
3475991
57944104
37263957
56987640
3019014
49178557
657258
31784953
31683451
1213518
11728842
3206582
31990251
7317440
38368863
36044631
57873122
57820169
43443580
43440599
43443128
31762282
10055897
39644918
56495353
56495199
39644571
56480866
26772832
50601391
48120867
41908173
31590105
51203681
57515344
52103605
2952641
45622096
35293065
39593924
43371412
44234775
34440607
31709763
2934576
50494637
32879169
13699317
12224229
24415738
53402674
14370618
12538304
5753127
15607539
50241752
5211597
10256307
58896864
33862362
22369615
4085084
46857627
12429732
13524569
12812359
12521217
57647026
31063143
12794936
47372671
38991074
13054341
40784799
48084927
47128725
43604218
31640661
34319202
953260
10953798
40097901
45290245
37787282
27621689
11775929
21717269
36288098
58852829
10608920
40490605
23802428
37267577
8161097
212420
45303438
56009989
58115382
34004340
170506
15533692
51136654
1244351
1327621
46846502
50345713
415461
43939591
31048394
28829730
1227624
23998558
15337227
4172514
1234776
273249
1616263
32453033
39333737
44942354
41292094
1629184
45000694
25378373
10377285
26444499
48249095
44438700
38394297
4197466
43720874
45014485
18690276
43814948
31390730
36287655
58114309
31845025
45303458
32497421
48778397
38165220
57931527
38300710
47135902
44892370
38052542
606102
39458038
47741554
26635948
40127570
3114781
42683548
5230851
34556424
45468980
35314423
312438
39627842
31980060
34579362
28059804
48512326
57944151
50638621
57644876
6396542
57826221
30797802
32883325
36035016
46998525
48700606
55074799
7087466
57979882
57826116
35947101
34000843
50346757
55177347
57877125
3931064
57943694
56295401
492056
13754146
22599224
11580836
45363148
19591835
17959490
25551068
44475583
38523059
31424206
55906996
38823094
6935201
2746102
25918708
41811383
45621514
34406957
45582715
44288491
8861905
48763114
41829786
37274491
26853847
17895738
38185235
292963
2008414
34554064
44933801
49884689
41307188
1086901
11475617
38335088
28798570
38537252
10428943
36532111
26750533
31289189
26750494
5316267
6030280
48722754
48462516
38971643
38171506
58792335
1789375
47548058
11632994
1926627
7570666
38282900
34988941
38339670
45221872
37561752
51180418
57637645
459600
58862846
49507423
6506904
22609980
31347591
1567642
27773473
8900124
7702449
52997210
39119665
39317183
24090861
52738854
48942158
26761613
1855245
32256253
26522412
36742305
888727
21433558
1950963
44899275
10944821
1233595
57919537
18019911
383805
3435124
39282027
57637177
48809065
40554783
26384306
5014699
450590
56728099
16917738
20299384
40133749
26471987
27331817
18884175
52888818
23128636
43278259
13460832
1145922
48926986
1663891
36101921
41509749
299976
30731693
16782611
39551002
18071101
57455277
44852760
40668209
44040858
48498048
48302895
55813680
39703520
49888998
53406729
43512217
46352425
39404192
27148858
52242542
53864454
148653
28204546
13009391
56005193
56001795
44652340
22858602
52169455
58792894
40085429
12624873
45224038
29692268
7830171
11611578
34351594
57865579
33845929
45224806
52380992
45224861
47339836
58061259
40186688
45224769
46207470
16925103
16925158
51106137
39847650
36363370
17929283
34000502
6139311
6139325
43522591
18864766
4376342
27354858
35607197
2236003
36053933
38989088
38472399
27573281
24520356
6904863
57944043
13881943
57979772
46776212
27751996
4909979
1286212
58765061
26144008
18111056
43966439
57183456
9471660
21115924
6482968
20181036
58992854
49385945
47096423
23222176
22468661
47121936
46270431
38907546
52722478
18974136
47304362
13410380
232840
1661158
5643937
93070
47421869
26611936
57265072
59545
28222
977757
33994260
13063395
7724383
4208897
16692439
35803371
39224713
7123211
32797322
13393542
25457395
32093339
638256
25796336
43621715
1291457
39743064
39743099
9817843
49346217
14223543
47842779
50849179
8244139
43658466
39783938
2164150
44017511
25483664
48489686
11556847
3465659
51036233
6901326
8262674
2652749
43701378
52664696
26016987
10054625
43785272
47008871
46877676
47198579
44255250
55149872
46178237
50912245
33238517
39743183
48768594
49113150
52961234
31856527
17499747
1677660
51034805
7225964
392979
14537671
10368791
34593449
25461048
47138409
39743008
24392050
10349001
53884873
35636480
41356170
3479754
10473679
16674193
1417692
15848255
40944089
25730329
50400378
2736525
42639808
46946680
51763336
52003680
40744272
47419232
167429
39745701
57925659
57420689
21420223
32539833
3032257
27002133
21484873
8185932
9742057
23459332
50359188
39743247
55074801
40753559
9139567
41631672
47501643
33484283
35781397
31922314
827595
53385530
26633444
53485788
33993277
39664314
15466379
51375482
44604583
57162220
43636335
11507366
44421280
58843682
36825068
39017605
34171085
3552356
32020033
34490285
4339415
47446159
1115370
51114195
43593639
45509907
41769648
54967281
41895024
31153103
42715468
31458141
37946410
26195031
31977957
1575914
49978104
50391082
45313231
1670635
29964248
10850201
8217288
8030761
8049086
51685389
45329233
31233337
57949274
46253805
46253640
20179370
57949353
54326111
4902661
10350162
4095711
43613970
57214584
57926850
38665037
46400407
57893614
38845142
45155095
56087921
14673232
11245602
45268646
40437946
31674844
3123805
57741401
50482500
31467265
42968885
15099900
25668784
46532367
43656419
43792691
38260119
29856751
43167830
57834093
38831753
39037813
38054331
43097801
51285283
51772350
50391902
58479382
7827322
26430438
4787375
3490826
56488261
39632208
25267781
50426792
53019941
53994347
24416661
24520057
20558144
43621852
43698127
57288356
37306389
10408232
37118304
45325004
55528609
3010427
47412745
40006271
37732984
55183979
19311719
8013704
55193522
11258899
40623944
45241439
57893633
16542899
45221336
28769611
26530726
26965020
9108679
46909951
54301250
3163131
676646
28709758
2826896
26700599
5695377
50373701
26777307
48347950
55124057
7349098
31721418
57892421
5989776
57911893
29900355
58950143
53882246
32099777
34597606
18307548
26374841
32302243
44455949
57833972
4505793
43597625
213009
53782109
32136055
55336997
47664271
53462649
54200460
57833997
52488796
45236715
32997680
57892302
922851
18066054
46439718
43566809
57873626
26684457
41153328
53740179
53320920
4494926
2772705
47532418
58478730
57873300
51004959
518691
57911919
1827768
12271746
44655913
37055058
46923083
25276324
32786253
52560419
34672542
43617746
58478765
3877227
57931709
50355560
24416206
58712497
41721341
39252174
38782663
40528170
51375488
47654939
47730831
62131
38997095
2354188
34269647
3504697
1664189
36751542
15834827
45019172
51375496
58596916
32698969
48492218
53811141
33519043
1325940
53237464
44119867
58650142
40658899
2033893
1019959
19713345
32543187
21129442
24372201
40846635
46903191
4318522
57856354
484875
17144098
10033919
42886934
30985240
50400560
57232676
47490416
28273295
13236890
1055072
476217
27566969
26289864
25645171
46564090
50574265
44249333
19403328
1029281
5770153
227612
44368341
10355490
42459405
8320198
7601841
45689618
24850
47904655
25239725
10963746
8159785
42487218
4490841
16825211
1381330
22679017
31073270
14810614
3282509
8176984
683503
46955753
49644459
1605832
47012170
1118654
5794671
1716058
167021
57158394
3731174
41818196
50480849
44535285
24997796
44140942
2341825
57884534
48806672
43752058
37576058
42654787
55871133
43612328
45353695
49513561
52971728
21114870
31600428
3146221
3910903
8870404
30733431
5649426
45356779
43034759
52429891
3485752
22462015
12370017
24818668
34639556
42945542
45643106
37721551
24222641
2497282
90814
31488680
11023812
24228395
52224056
3348679
548037
8934912
25868951
39777858
19660621
45223846
2891377
28439195
560914
57932095
3183413
3674008
2447726
5854963
28133865
37165057
32460113
8304908
54399198
1404963
43304976
51758692
48870052
44405046
571630
2702218
34093575
6507602
45400880
13046276
7848598
21939759
39994392
49703455
22571993
8262438
34093814
37588136
12733473
50687821
5082070
58699144
52933998
3151769
34093238
660631
23471195
55074800
39924827
57834303
27351266
8008713
8859236
3273210
40865189
21419570
8058816
5883985
53231449
57799698
5210728
30986187
38839567
7155244
2966382
49756866
9537900
39613708
36203551
31604414
5543816
10260791
142219
1348989
947323
15193667
2936900
341399
39206125
34935717
46984927
47070420
47952687
49547741
46873199
51847967
51481634
21121552
30887918
4275250
18116676
40186615
25827857
37119944
42357374
26252280
57916505
32148532
16720311
57931679
38276084
36132017
13994647
54966860
47626109
20304102
38228776
36704872
47862225
58071887
56306630
1219935
39577001
11851574
32463034
57046800
44046220
50345837
19984951
50821673
36445225
1901801
31757435
792511
10306416
51360323
58563173
10444176
51479029
26750511
35521642
2387585
9267602
35721754
41820598
45221176
1019924
31077681
26195094
31625863
39493000
39179845
38910257
50323022
1855187
51437987
55977056
47615451
50445160
47926593
46176905
3732391
44421277
35764429
34630332
51202928
50951281
26750556
40488975
16360183
21717101
56588797
44722365
34536776
3729265
20303044
54952596
58333976
44049905
23107070
23120060
43652971
44656878
57131800
13295897
1375780
44628920
8622693
57943732
54732442
12282461
39192351
39745616
35548744
38404968
46349651
54677717
370807
977913
31667773
43566908
45223894
43613878
45691249
24724977
52335654
34024176
58061983
45322011
34401024
24872920
13460221
19505796
57914218
4168720
10367608
57944182
57865680
31687386
34887669
22786708
32361183
58461283
43603948
52896502
43771094
46284643
35692872
36710937
58071472
2406453
11611995
58447942
54100623
18406986
58362499
47976533
45061228
980673
10377540
50354996
15710823
58650079
57833552
39457781
46782626
39262253
48758000
47922693
6601634
47922483
47759006
49281457
10954022
38072097
54967339
53944686
34643279
12375263
34961076
57584042
983458
48414533
47926803
55137349
9094240
57940816
57191158
49649674
11438294
10585687
527233
43595658
47953021
21296224
2738641
25680096
35971170
35973879
37622210
39600696
29501206
30987821
12123973
24354071
6386814
46957595
42092120
24180873
46780157
44514645
33081680
46402713
56539038
56483772
56511698
43035219
56945181
39491097
41711059
2978244
39186043
12276216
537481
812731
3978080
464779
43045000
51512448
54254428
44037433
2038055
51838881
51332708
51956367
51873400
51936040
46425640
51300478
51860915
51871069
51849958
51803101
46239085
48171644
1060281
26589133
32480120
55598200
10702868
58399580
21482414
24847830
3191523
50788488
7620646
19278728
46235604
53230380
53876816
55834739
53946023
21397446
33945271
27867584
35095526
56728877
56602823
38918706
57798740
56521311
56655892
46248124
49104442
56639114
54799674
49481709
56764908
56448273
43147105
56510636
56729512
33673358
20197040
47093327
35550481
44409150
56629318
56754191
75286
42925567
43309070
48429375
48232621
50306653
23631360
48932198
42587161
59043872
7742793
56466734
56438891
1915750
48914891
52220595
25310806
33408172
56529543
56700077
21145173
56484142
45279654
31815960
54364312
56691119
23317225
31152898
33846270
56710816
56520396
2555312
54462430
42186289
49442335
46395472
22842861
56720237
4458634
18654902
20500530
2781715
37600159
49416240
28461049
56846583
23572959
48254824
49122724
38577572
10722339
38961032
28461074
10557067
46754
20431146
55776438
52059970
52058874
40905879
56188331
719496
57485522
56647345
56827365
56791979
4661486
57038114
56447703
25111257
44574977
48253668
48125053
23516569
49629891
19030472
56701509
15262886
57048682
56458830
35981916
42038162
56412585
56502104
56836895
41308745
47675352
52297221
50705304
49274602
24196955
57122210
52409804
49141958
39898734
50564777
47580596
54542037
1233304
31809595
2861
1748825
6167755
10923676
13312171
18950900
3298487
12853423
30786862
20027658
1817986
19163673
385275
11484158
21529910
2920947
1458964
1728077
24312436
3262640
1039873
54257
30220814
9324744
11227214
28925768
217777
760855
2019081
28880277
7739694
25856952
7813020
22064839
10649523
1242793
52377730
32131423
46844863
13034638
919807
13156564
12799
3341249
39502511
38810478
41241080
10991325
8370136
14731
247107
234824
91820
28798141
34869777
1547375
14072268
19501631
26612412
18426
52888
39634594
49239531
2064504
35073339
20420
13429182
2361047
34883055
11453699
20557129
34037730
34342984
34036629
26618100
8929654
24389
269757
37413241
11027988
57168807
43327162
3820842
16017237
3498424
8219637
853744
57095514
20210086
22202671
11522136
669120
11027961
34035
25823199
45353
39250592
15128803
18283668
45055409
8654498
42394976
9562130
13515630
9399676
28052956
27289310
1241465
42385998
8387692
22717268
30882227
36203782
29511775
6974569
36910868
18160210
28761089
2033875
2474449
7013578
780026
18212580
8960255
7179232
32923961
4270750
1597736
56057874
39265436
7757161
18385730
10834989
58200319
28279313
21336437
39420479
46351868
24953766
1259633
12335704
575177
154557
54139575
26615112
47297103
27897640
45412191
4056473
4438668
38307748
35496970
232670
10457943
5664113
26659481
8810538
13080850
53781950
5493764
56360211
13165148
2744994
3240789
41557300
5258267
4058023
3142697
2990560
5724793
45539870
446394
4668387
26225298
46334524
178743
18963870
18345
45536560
1577499
7727099
1419427
297267
13557443
649720
16249324
37389994
27691317
47715296
13607556
42431426
46382079
23147760
25590689
19284595
20395887
40138269
47243509
24616694
291229
181117
24587014
12529118
17046772
1851712
983787
15944015
722906
21424551
2119393
57204677
646598
8307635
30792823
40810754
46629670
26184869
54840463
39127991
70174
718763
27724306
2588267
46673516
32447000
2110568
97234
20959122
4692651
368413
40889647
23529
16060451
2694761
12749679
17569583
372984
302445
24991288
1393859
11199842
31896902
32923
19810565
22938
58491497
207038
15056593
4074399
36009933
46456126
21290934
20712577
8235647
339806
275882
1428218
181181
43026383
156999
4790902
5928
3938188
8564058
16663203
8763022
1835000
2738515
29200595
859160
15104305
24135873
14612945
23477542
1187769
10163154
9470846
14905081
23558839
28885900
602219
25152964
10419395
19501
37769237
37769260
18839
9670764
3365514
21938624
9807360
490309
224515
5976008
6332549
911430
26744396
751455
28828
14316100
7713728
24864
25084
21468429
156592
156593
13688961
2711394
271025
1137997
242222
25445767
28226
4985419
55673890
56517069
1421479
227135
19151214
4367800
47309
1560690
9754214
17480620
29831
20913771
9947692
10701087
7159081
27346884
12278232
4100740
4029918
7476563
52177827
56449548
52171258
98581
896483
3508232
2826635
26755147
2651880
51998279
18050244
8163023
37808027
83543
11643218
1110298
28778853
40817463
16432961
5541228
3351691
3351669
17888371
32923244
12327683
42071140
57849906
3716976
17599399
8391019
18604245
220806
8051192
3286357
29278882
14494469
57961679
2396052
1433456
43652939
51066202
28689721
28300749
39810481
12812963
17936894
8851691
56497720
53923426
97279
369140
32849137
10425069
5545599
264268
17967543
11742509
1662092
36249521
1430825
18802785
33137602
30557697
57136683
707063
34902187
19530855
13587978
1215756
4825827
38994346
18206582
2672740
39291904
5955405
14568346
44288944
41555836
53001361
19261836
7970524
2635647
30950194
30864060
52297623
88378
17130661
772923
5363141
8918515
1844252
2494405
39532430
53502104
31571052
15532330
41692795
24133890
16656111
33376439
52062473
33304471
11425084
27700678
17312760
24482600
54048122
1290436
34344673
45561218
51707011
1334163
1277506
559339
288648
47423323
11215548
6223492
57099792
2935858
53614383
1619933
344076
20297668
9562493
7854229
32622
49487572
53486119
27225989
33157813
31579886
46545861
430991
47315992
11739145
5188940
45575070
5181703
46457684
57959286
41791120
46558872
7856124
2568023
17716127
37007750
31567389
9032536
39228335
12853411
42937805
23150615
45450388
58976295
1763393
47077127
34025057
9261717
48073803
14501417
46556399
42051695
48024534
54633829
41271432
13630729
48019257
45450625
39229850
39622209
26892645
39213417
2313855
3154803
53657341
14066471
3959600
4839663
46556852
36140879
53220584
6556925
4366175
66098
540784
21512813
29560475
3397222
20430062
55487546
47654501
6002033
3607126
49690
736449
55902604
51133888
14775345
1356108
24533
54136302
57038429
104990
2406973
6572156
179240
8434834
48434874
24388411
50902679
56145824
8321164
37842346
14395411
2608556
202777
30545424
40721040
45491552
39749075
36942927
49672458
39663469
15454691
385808
55537921
5804554
50341091
28358225
21587774
37798595
555566
1242905
21452894
1341221
1519272
40315486
28856302
2600839
397064
27818536
40380838
56145921
593578
2582122
1313078
3585461
27142307
27142450
27142566
31663976
21351987
4412086
75961
588215
4412043
4411909
20412121
45527641
885721
290921
15085
4411858
4411818
780339
5343824
39151258
58056865
10379838
45554065
41123883
16089082
22542139
5354120
4630168
29866276
4431
235534
83987
42942751
1204666
53859548
28266663
22499522
6556775
235721
477925
9262
52357
5843994
21438636
40258
3574743
1814231
31428210
3210520
161979
255710
26395922
26027488
9704095
1535899
22705769
45438
1928374
42683170
12115893
3980269
5405121
147860
15172149
744036
1974810
19587346
430976
170634
1834131
34540868
34496217
30373618
4809003
40332418
2007980
56286028
26553380
58419155
54796126
19498737
30879374
31382767
32432922
37453584
57219128
40682284
56269403
56719991
18256174
33346439
13078153
47570660
17619598
18900832
21524469
17474955
38133349
45041673
50902361
39152840
31573452
1987838
4947153
86321
23135990
29374497
47126293
48029495
32926280
32900203
10415136
2050699
18501706
56411714
42802325
7985497
48744323
21760498
43644579
32924795
286918
27826482
34248770
17242629
17716062
21159524
44548397
43113971
28040030
10249758
21045681
49660175
8876835
23156142
19982340
1570505
29432063
32911508
42675160
33158707
41287858
50439929
25046168
3786100
6539898
40360489
22544206
19835858
19597624
39664575
36096643
11255757
28114770
26854275
30187204
46441321
19498192
36307082
24593684
31066630
28459264
16687736
18653450
22196175
27643460
17220009
20037735
29436647
696280
8704209
13930879
29451101
4857850
29564581
233956
1333905
31074815
36835301
3609568
1613162
23853172
19540379
33075099
24446456
16018870
1558159
31286534
5548325
25839999
199772
25596814
374385
47818759
142910
41660263
33945321
16929046
457320
47688354
44173797
7613845
893718
26703961
237141
33176131
10510502
5304481
19377388
3647261
58558728
2932442
1182291
16166875
5534558
44595512
21438345
456550
3733092
3555307
3443916
57477295
1130700
10710154
922164
49675098
55797400
4376638
13315514
12401182
4503966
41784818
1181133
199264
5490978
1689615
33906124
58977586
8526759
5258948
12880377
30155658
28902374
4475397
44226082
7488620
12870097
2654494
26923940
37136779
66154
1255277
5661915
50797595
39830911
1973221
25215836
25724950
525028
3080510
20740416
42796605
42796767
42796599
42796911
58666127
636129
42830022
15598656
407704
118450
11897622
23080305
53747014
527943
41257045
1629311
17176
32173564
39790668
26825191
1721135
47047888
7589621
14218425
19688
5620714
2577605
16021852
5010353
15726046
216192
2889292
24206475
1113784
32407015
37734617
51178740
43923886
966255
68351
7531016
182837
24475525
2948657
9499804
19029406
15676540
8640428
44136736
40050529
2256597
416779
12037783
32251796
54101072
1728199
58752874
12643716
1137250
19327994
16182677
646346
9749044
6196644
25861897
488401
35744977
17113105
48514371
33914237
2398131
19062797
2164549
1436515
15419237
21677860
2649262
1158081
1462927
7945684
8986896
504357
27546886
55401299
33980
2036554
10799
1634686
49973687
18932581
685947
10791444
5348258
37007801
15559907
57954001
351909
1220813
16078207
30530623
23856629
52268783
23004849
10775
39356584
10798
12221
1046537
53044552
10783
23727295
15528984
19322819
30071520
47279111
50590265
18905084
45697968
18849
46622
12595790
10012738
392689
39973509
30770037
84113
37527148
23080388
866250
30876301
28357441
8648013
27153
11720389
23700814
435180
42051711
33477771
39283
12344526
34491298
40186131
63179
194708
47295901
49040263
30938682
22417121
33434757
335060
21282070
2121098
2050894
34591824
3219138
46294636
9474540
9431902
6132240
2284563
32816698
13178917
2832638
205156
10115352
8736698
42707047
56039834
8423005
54000061
12126172
48822230
25003876
1415022
1781797
35706725
11890889
10936364
16941343
9876049
20981929
62462
27535150
19719473
3484432
15931514
23953689
2460120
47878489
5733924
369730
462933
34768888
5866454
1932549
16861553
555432
1890951
2968175
845997
42946860
8859
2250267
749788
2675286
851600
49235254
5785407
15739
1625954
27153190
3316233
48916
55051447
2854044
6603869
20740261
53254973
3768490
849374
12814922
989047
1289395
11235893
31615532
1375070
659316
11526137
32193321
4555910
494591
33295546
1921444
5619476
3193417
1496260
1174994
9305546
3958324
914
588564
7887962
2380069
1427364
26021687
31961763
1057733
2049351
5811981
8564124
4263614
33032468
25242553
633236
3007465
2673344
22701997
3993578
351429
3114084
348924
50030038
16207545
13963594
9464575
8886
13869514
51502285
581467
4861797
2943406
47802272
12084111
18974570
355446
401162
1834915
1685597
7307210
51058
2850256
2324104
10825488
2998743
5611631
23668992
1999401
70603
649575
33543260
24809973
1555335
4260131
3428255
4076302
27510385
3837845
33178565
3370128
17299478
57881315
8307172
1615621
14665395
12506159
19173020
50074084
57741901
1798417
40980061
319693
38814555
5562009
5934830
56270732
404656
2786100
366351
4579129
23447846
438005
213158
3658207
13983131
31265162
52401447
18102384
227400
179903
51278416
170348
4408141
3641559
1847208
1713869
4541242
42195716
51284453
51053
1247746
22093140
379681
5744155
17846839
4466483
32764896
51052
57554350
39273488
12328649
5148043
13641146
2636884
27763
7757610
3878101
52197693
39177297
40567377
5736349
26326735
8689126
7608774
52249038
9758192
2655353
21045745
323040
1390280
443842
444636
30273
33449
12227824
442147
19548
441089
25070755
37234536
9120144
26307
13688778
744195
443855
2267743
41499141
27696341
2139648
26957470
58776640
743748
26408152
6938710
36450974
39118286
3224245
578014
526343
42706036
57662755
295569
197294
30037010
42945382
33444929
35557994
39537836
18471969
23202016
10030
729974
35368667
41688069
42900616
33990905
14220736
27987114
36595630
57746539
40408419
40402980
29996970
1053706
38325061
33406879
157393
12557
53255
16187
40521835
2260350
47544468
314455
1473120
441906
57173980
42902233
37640455
40705909
27686737
41325009
54237109
10262672
37590275
47217000
33119
38549424
1179596
25672800
37901859
4876608
7536417
12598
37304
191397
10356554
27367993
7925
22715280
14010653
33351878
14631
17614178
41858659
28248031
42380317
48434635
40071362
38341494
5601144
42399355
58752195
48862631
1704399
36612511
36684294
23981046
12148335
6632824
38359051
41893338
3018720
38240084
2770860
241981
41408129
42691
53010788
9903002
29692081
35646471
25353361
40066592
27568835
57551632
12871544
24338045
56145727
47564660
1165171
10671
10890867
23200687
12213496
17906392
46728561
6735375
41875279
23202671
40578137
41675819
43225091
314980
12343925
42156126
49499143
35681280
9077779
39072268
182082
16340
34797734
22105578
50590101
700
1010808
55526562
1767492
8978155
15538712
58752002
33649413
37859812
23628118
26946507
58036137
42556258
3698728
36450911
54237963
41085737
41323414
28749808
42167069
24887404
27078864
938950
619823
32375
14747575
40970600
1475958
5493165
33598836
58614707
373717
1046676
56146122
47156854
3086162
24823031
102262
166969
41815683
57152865
4338772
585027
1693839
34318838
8249
753416
4067305
33107185
318648
17023672
48585665
23275
1609822
2267887
21438003
880313
11119155
40777499
2272879
1263663
19441749
894787
44198490
79907
1223831
26226
149336
13712508
436407
320393
3221635
52532437
915530
53741
40414931
12987835
34625854
344913
1160
42478101
52671280
151001
3510274
1170166
1170169
2217599
294390
364774
671875
6956
1097925
3667668
32088502
18969769
151040
456410
663786
2926084
411512
2922089
3265205
1372580
28391726
31583410
422711
243382
1934129
23967473
21496085
24586129
291912
43194879
2731261
2258117
19447
12781
26758463
8218622
50664282
38973439
644550
4044234
2164886
30205134
22506127
2225052
7974982
385982
254777
24153642
56849025
17945
310923
26520106
2871265
11022628
3655316
543568
25380742
1372589
10986798
43510390
18021657
150159
4498490
2353627
3298657
230487
41321254
518693
701096
1239220
695241
960972
3656192
2909422
463721
2019131
297466
1288985
28901
40785236
44362809
1240378
8016560
28186
1148456
2714149
2715469
40044024
23230613
44098050
412094
10087606
36464530
17511256
151013
329877
19667315
321671
2639406
1937658
54016907
27936530
473774
701100
449938
2920873
1238173
672202
58946268
633037
1029178
659273
48081
324863
6763615
47686300
32921174
191246
39338578
158951
22256
1272919
373917
36237055
43104559
23603
3918551
28889300
145880
22872899
41114236
38977142
3788923
52664537
6158741
377892
4243273
12386
28885249
4351604
329625
2148532
8165347
14966929
1905435
1548372
22030001
473370
51501681
48161618
125248
2991008
30412502
4405708
45614118
1178218
45615013
29509885
57270866
54416925
6946960
314336
768386
53600075
22630874
292440
33154267
48546721
3877848
58343307
5703749
18985263
11166734
294286
40965078
14486948
17135393
20595739
21105447
37229379
4972634
912551
31765330
56504758
1192
1970608
32480611
29038342
52688
55387572
5517266
2511731
1932284
19011098
1592240
46270098
34210523
241669
42962805
2444
41527
25099429
6021188
40620454
26914791
37800
45229332
34732262
46267815
43076341
48269792
969975
19806765
334829
405318
32634522
14330368
54524279
20712834
27582693
8034203
11292877
26740386
302441
29722995
22524677
6598994
7643744
10082768
533017
523499
14802
16443898
57522070
46269100
1949935
46268021
54604579
11335226
322915
52202094
41812283
18738380
7208744
52349154
48565424
22561286
46288774
25344742
14120220
11224664
469482
39301
23580511
10874393
52785530
1603228
10373718
26945591
24111141
11716813
39148223
30048655
288400
9410290
11534568
25495415
838807
8983620
15740717
26879877
324134
31622826
3689073
50714370
48323509
35940395
3626486
9730355
7163194
13650168
46451070
1166292
41388497
658937
57214766
144005
23385964
41941433
32176408
46978586
55252663
43475366
40503588
286067
50508337
57943214
31499845
43818633
37469675
47550258
46336567
38614884
25927455
39301146
50005416
38294914
58123312
34972760
29612277
20812043
56551244
34592392
30046717
31360481
19544391
52807540
35617235
2327691
43999752
18278184
179120
41012420
57522167
38626129
38555377
39074759
37271275
41303047
31884330
19669375
8648149
42552874
34200068
38553048
26151615
25243094
24154829
56742044
27179667
56732529
40196580
38203493
19247492
29135214
56068989
50954532
15637875
54091861
11065202
30948262
13155
28051239
40683732
36670367
6058596
10110080
7015747
7823702
776149
22984789
6710035
2074481
3867715
8723702
13870090
1490489
5266531
22026106
3487779
22852933
8397132
5759648
22729809
36670805
3346346
47240704
7943242
55605135
31083339
54475240
53049936
34188589
42045520
50960465
32533528
30420009
568228
30107195
51403123
32171075
39749520
32827853
46522520
27882695
842197
57669388
24814482
7514876
1327180
25433977
38238032
20865418
32041912
47793663
161213
23766147
18364113
44162441
52274632
5878850
26790188
43399901
44757227
39473642
39469154
37751076
39517835
44757600
44321508
945767
1281638
587173
61622
8807652
34533741
1203196
3424781
5702504
58465301
460192
13094468
52685
11195221
35910246
44331442
24231320
48395647
10259971
10572378
4411452
1621441
3664696
7798733
10446622
6923347
344140
1134129
3081172
29545747
6967114
43599378
440475
5272480
41230288
42158517
39314537
1671570
30766135
11628771
29901213
18931679
15100764
424948
16447808
58532401
58193297
307469
1453013
4653984
4735128
40033961
8470034
48762984
18156297
2890842
8544330
964617
2213191
30179071
28999917
3350961
544294
52687
1572792
3699685
12453978
7574952
6795854
13022087
2884617
35126064
51357915
323478
19302913
41239112
41243099
269067
3244258
19792279
20115633
620394
247578
13528628
515939
2276355
11915588
41223095
5016265
4515895
14645282
37888489
42216705
5798367
2863892
4257142
9519109
11930474
56737309
568755
3132711
57826638
39796550
12924
6326831
45233430
13482595
55725719
54044
58742251
311821
9581553
31953475
180095
698982
38557083
41230292
8944147
17224524
17224528
19344555
13423515
31696490
4460840
52986829
3392728
41197670
7094395
48457488
3629811
25677122
25753470
1546750
2052150
156682
22343820
56826201
22959663
55711545
54768375
5038828
29509547
2575571
41185838
32493613
41243100
39795946
41243105
58637620
58363145
37357624
1782066
41230303
39796191
39796401
26311065
3833902
29698121
5145003
25985908
53966268
31871955
13714373
56774434
5151456
17210883
2575639
18866418
2575752
19947
7293635
1121504
4967305
7844976
2230501
4878376
6573614
1897014
1070600
1835463
7441553
5007829
1888023
1559085
17713508
1290208
7019669
58130497
38192277
5645353
49156098
39796828
41203569
15826773
8295709
26024841
27193250
2682331
56673259
23440651
44893163
19743882
10556127
5422392
5683537
8613052
21365656
1283699
2538900
38139322
2801823
2869544
26161992
31176600
592136
39062045
41040248
17503668
37280961
3431715
36994726
15582769
13614992
3466658
58478538
21194674
9002184
27370725
42298109
964230
38416138
48613036
9694113
964995
375244
1786986
12803363
2560470
41524
4735624
245601
19093261
422228
5023678
52686
2027247
12260698
22945585
11688193
4997067
20372833
29074315
1953334
41243102
54985679
27431601
6772425
52029296
227179
52026515
4687116
4539098
16298026
3475304
32949162
39797061
39795582
17039698
1499523
2372757
31911743
6206939
35321005
31293808
52081448
18198510
3385228
52305135
16181371
5356048
37250593
2239652
1732193
19593929
44587749
18411985
56203731
765359
6777756
7840062
7697655
36436066
41243101
39797149
35945058
4944638
2347662
2509553
39795713
29548399
51676450
1088017
36312235
34975896
3686555
39797210
2714528
52643335
20745302
58478679
40454162
52516276
20205872
38680889
46274769
24511603
326279
8029654
13268311
143115
3126392
10687192
30096360
1574685
464601
8089026
44304361
25102198
2573710
52648690
12388844
2121778
49962212
36625495
5653527
15958182
14587876
4448258
7477839
39471453
24417462
3582572
49587966
159746
52360077
28010508
17066
18398740
12376696
17921
11756343
55072141
933870
33735616
14462757
33912792
6266416
6891470
47435668
175599
379518
30144465
30876862
25912361
34574437
355753
3505907
9075092
4692632
6130040
8300726
585255
1184557
2757459
41200158
2135963
5554784
26224675
17334301
4286633
33748122
9188820
25809905
731773
389914
975495
244732
922179
28233584
2964268
1624732
11463925
5059741
297297
4204094
6816128
1214879
1158968
2026892
13346084
37852771
12920020
1372020
34150513
57186044
43013404
19204702
42594073
47987344
20154880
495787
42223761
39330197
10067647
47996579
36329826
35016178
51415764
13238263
39890341
48554997
56267621
52797999
41833056
27717662
56767452
44278358
58711545
53002414
54178751
13376770
23450634
54808518
36033186
34115697
23220191
29799329
44270176
36611861
1602304
20899373
52730750
27215901
36586916
33584825
2215171
13362612
575649
38241142
21901145
35000778
43577855
39794996
39651168
44674787
56431774
161487
54480042
49065063
41864054
27730446
44582355
22869030
57186184
26720865
54860987
9996308
22357213
57093107
47529917
7925289
23165022
42992735
20139622
43490004
32431704
55509800
22105553
46289748
30171949
47413011
48501077
46291173
3465473
23991095
39435126
1820218
56198325
47515356
56880407
54380150
38097022
5219137
33497793
22771404
42194783
26344898
36146896
51560307
18545255
56075200
54522446
23257879
26509483
36668074
2097128
3228429
276127
36641157
55418299
2553132
6546863
56382794
35862718
2479826
54714897
35969268
37808477
31951830
47822782
11347178
31877910
32752215
24100430
3341704
161824
12442479
32037653
853622
50319719
50336630
27671883
104540
35152117
50408659
52442724
57814523
32407661
32408484
32401141
54477605
39053238
43105232
26075660
38497770
33020967
52389209
28145280
36450806
32170108
45510070
41170351
42494206
5519186
46889739
31959009
9197200
39301183
365989
8998458
26751186
25570643
1174118
43961911
46584742
16815417
53000656
1571262
29094512
58537268
14290112
19189671
593
47305716
25045704
4088585
25752629
48881043
1494142
50994484
1871594
47926312
35318437
44464410
25568998
3959029
19614230
21646
49433005
50939220
39179752
34577223
2224631
11989206
32154010
1619976
46415
336957
2464563
22556229
58061540
39357061
47474292
2588960
57731121
29861121
35432820
462285
13481925
28815663
477145
72301
23276512
152845
463575
2031181
1077519
228552
4399566
20402745
34090275
997211
55167
11381190
53609149
18312425
320188
24236634
8670202
724586
2254442
171197
43084632
6347
43858643
49138507
5425847
174872
22351
42650
173606
34226624
2465951
3211971
68241
47040337
42649
290392
32489511
35083000
15780136
3569760
17210108
5184906
187358
20757768
1868783
1186407
86259
16573518
1128597
31803059
13971
1254313
44138808
5503820
614463
22168500
385297
455405
2576172
360345
5846483
44944272
13615972
63093
834308
3323548
2471823
46727712
1421974
1457730
103939
29681550
19457204
62038
3267229
42521
3554907
1154964
16881083
9956
2116412
9799981
17121
4522241
2982892
1888832
39272946
5098027
2031076
42542375
58280270
978739
7865279
143884
26027858
36885
3083280
2294219
4227686
58151328
168787
43092076
3770357
45038572
57177424
45026597
45026704
58960885
45658890
45025647
45097377
45097384
57295251
57177504
57177513
57295261
45097857
45026282
55865006
57177398
57177438
57177448
57177462
57177474
57177488
57295270
57295315
48429831
47015668
45659150
58927775
58928767
47846224
41829731
41837681
44778630
45015481
45001854
45001621
58102419
2248622
18718223
55960921
10559492
25973983
48674068
42479631
51793263
4196017
5037009
8044862
57088590
35536186
27256401
827230
43712546
39074784
18547628
46382559
35261576
875638
4005236
42099008
3398
42356763
1987878
7359319
33797265
2071054
29217075
49265144
38918352
29644070
49592006
11406348
15480944
12381914
48483318
12462875
29637878
2914781
44778530
43848058
36850809
1063807
22699576
37919203
367681
585956
48596791
65525
48879903
13068840
370948
1303985
50566627
327475
33688984
2619286
34110948
24804238
9269044
16009578
54742270
26551394
13166330
2462780
22654973
57057631
48597
24969166
7734022
58901230
40821363
7018613
6717166
1546967
32195582
31834123
1989539
3659771
30944841
37599383
3544240
35529880
24403155
275378
10942190
573174
40843287
1097763
12564045
56594103
4297962
30020611
49410206
216140
2072849
40840621
56555481
56484510
56577055
6267677
34537016
1640493
87684
38365271
7843148
40932235
18593140
61309
3569858
5824791
48638048
4631397
521537
50375159
56814459
6588067
7558193
13033321
2293138
42279284
1579479
33051608
220464
42855872
43425279
18323472
53906678
22836400
3599560
3051678
34317230
36764707
926595
4092803
13107923
803672
3587830
37606596
1039920
46882491
48639194
39348113
34497937
48638040
9055988
37811042
142340
269630
17222759
16934413
48638938
237680
383186
49419732
1483761
40183606
2404124
5747674
15138610
48358228
32022043
1057067
1241442
24343058
579604
9755758
2591154
314629
48260016
31889792
1138543
1275160
8736223
148113
11328773
50640898
40428751
18836975
18497722
51530754
25430645
867230
3247560
3559729
23844127
12785692
1263046
9460850
52889307
799543
27254023
17216986
52144017
18994268
6881256
43036911
10019306
1120434
889201
25821171
33513826
25160524
3261306
43944251
4241160
5139914
26783732
1744818
55911131
36787028
48253
16920259
47296070
30351599
6101275
33515106
4095986
5637961
11072261
1611322
27362878
58004415
22680702
3489545
38509496
954290
52131657
40836285
1928638
1842056
17185162
2785121
26889369
45717431
18371901
35623585
9920681
22197
32078264
577742
5635237
379553
559322
21772278
36205858
53245151
7378305
11445343
40065378
19435781
2155215
49648675
46589273
12515898
51366424
15037418
49019713
13492807
1556548
46808694
20299758
26743030
1546503
14747827
1479895
12995998
4353147
2573741
2575074
29752652
54041853
28127236
50715109
49650556
32392322
22873567
1567896
41833874
34116160
285044
13668181
46254557
22824086
11431953
1855325
1419781
985531
1622411
3128629
3411391
25280427
58062505
21145950
28970219
2607094
2683829
3392158
1540903
27007398
13945270
73192
584819
466610
53902520
4725038
2322506
602952
2891945
9749593
23670532
56850285
22271029
2368422
648488
16349675
47573309
9429939
19016690
49303808
6831203
53860767
7451462
7825247
25541323
1027580
208878
32772960
753057
4448034
1266745
50248858
3150232
2029543
1933881
1934031
33478670
1933957
7453648
9447306
4228514
229781
28145420
10326766
45537699
1560480
9012736
1385858
55237963
40969976
33229771
30857825
30987224
6528158
17057191
49191098
21682521
8453890
44374972
32781965
41931958
42788108
34870833
6381677
16041176
52751374
34896605
25125165
24090048
33206132
15139522
50581361
14718817
41672877
21340575
9176045
55696362
55968680
13478946
53775240
31868647
16714402
48148050
18430886
21854245
17454834
44520993
26700567
30221251
14602606
44856964
56396646
173433
1045028
50271049
23477159
25686
29767204
18409468
22614
1855190
1179999
32750045
9901471
12041515
44830469
52137157
12617211
50693287
19588663
6188783
21918048
39492552
618280
40738956
35647585
24756897
10177399
24838855
6016607
33157545
30640315
2941715
312222
31722039
1268388
58056560
35866744
37574556
595766
6188579
5073229
43643633
48293649
9754276
46381070
5776231
42066395
57733330
56386142
33343068
56942514
52943706
30895904
48010754
52551826
5943500
39744597
89202
607611
38332288
4701581
15410950
21016958
8349459
40007861
39977343
26730719
662902
12858202
32949937
47231722
25409917
56757297
99071
8215866
40291097
3640208
42878074
37404630
34237614
6047571
419237
8081878
2098151
33287447
33287689
33258028
32195038
10672395
633637
24186322
46270
22483780
6916214
55947330
50365077
30075887
9267855
1053665
49463968
3100536
49089516
26543171
21427227
55622498
57873201
56984798
47657775
8262212
1751410
21946587
57969835
43313537
19706631
25208280
26606214
337420
11091738
27092360
12566618
302771
2997447
9425750
1349895
4945139
43303745
29664118
25235466
5329199
11824851
43147623
8921892
6117374
7851656
1857148
49663486
252938
21888763
7196358
1484904
614700
3833757
52216704
35295311
14231563
2243349
8846258
53809663
40797252
17428977
1608081
46250515
31753689
55186888
5741174
43141101
11511271
1867672
14899279
6008970
2615554
3403120
26608557
2471091
58135143
14537991
6142588
17033515
8859335
3391828
22288648
49176464
8627687
52164329
298223
1832785
5154908
10081088
43758806
10743542
3145136
7638376
31407023
38537708
2172717
35339571
22208436
1774948
31744050
1219391
14286576
13538675
672179
8957615
15478783
22317868
1342321
47712889
31069981
6159905
5989405
23548614
16758031
5671185
15507987
27958404
46268561
2486793
5288010
31774700
7218055
34930742
50952985
2272780
29915614
20726470
54238046
26068520
2478840
38530507
22088987
6824152
22296869
21785598
1866854
1430754
7220013
1364295
32132039
7163283
53043031
21696456
27972464
4404095
8181042
302784
4911837
43647186
1600259
27332363
8999947
729885
10399032
7617705
6986066
42419995
2333287
2851718
1449050
2487935
41513948
47867895
46427075
29923728
35472949
1889051
14971226
1523
12589627
39495425
1776719
2342329
45670175
1008505
8577960
1776566
25566199
354009
9191193
2690551
34215657
592455
5781161
5874071
9191207
18712823
729959
1703553
13766386
16875005
54109534
1570096
191395
4392680
1932073
41545813
3214681
1816290
60083
12952982
27600497
412064
28837519
27243547
35314871
50188908
12314286
336572
336001
24030971
46757854
12648945
1131259
1159206
15186040
71377
5245417
57691766
28420890
42617432
23951190
5189758
418119
22453798
14051
57893149
50347288
48405771
57949793
58792772
58792819
57876762
57918490
44245600
26246410
13629197
56494991
57927110
58462881
58791793
45313584
53402266
57931965
34482845
38971833
57876850
43160143
57834180
51886052
17986829
57549784
57951530
57833800
47627804
57873038
57941134
57944197
34171210
49004270
55006526
20790120
43165042
47649504
58434520
57941013
57941046
57893583
48778023
55097156
671917
52699901
54826312
48476820
19993909
34044688
35859445
11969599
5094713
4418025
54421437
7059624
18057715
55588640
8599553
296759
7517896
23962198
23430330
17075195
16604809
31664664
39400257
294393
28929760
2754119
30156568
47723182
6814223
41896414
45458618
1771757
1652134
55564690
2301309
33367685
41924871
53654611
1881010
56100417
36245650
18540101
39423830
17994692
42495464
7625694
31544633
47330182
32018959
7624796
51002290
39336181
64998
47842662
284020
325852
12524432
2207451
16815403
23511888
1670693
15340830
49760731
1917302
41758340
3905402
3942121
1464803
9267543
43331452
9141445
65001
7621929
1236610
11986
2116787
1983227
1582641
1236616
1267076
51014090
2028495
11223647
325875
1245556
1034215
1338334
9269204
52933627
24243616
2225744
47030733
2277641
1236650
4896427
7396632
1356696
1343044
1167559
43605642
22568732
48555885
302275
43447264
39752430
6953940
55914670
1470817
2004569
30763682
12616656
2471811
1832058
16783984
2256005
17909218
1373458
2011878
55370780
1338891
38884720
47063308
33770950
68124
26606887
58497667
47006182
727455
9724070
2473207
59031686
59031495
23703740
23640700
26267563
436522
3066398
9253862
14611372
4977189
295235
59031608
54107705
9724226
58013699
4689281
1473131
42695110
1022718
17104545
59031777
615581
1931994
1927548
30188604
3512744
597674
8177232
1633840
23819087
50335203
35730259
3331926
5977437
5375296
6645353
31392035
46520697
56206
30008951
1038082
547887
20223365
26332537
1453080
50365324
32843422
18245
46553279
38612919
6205290
1569986
8471002
216283
8753024
40612937
14724260
32819993
2840568
35052937
5777284
23301404
4862212
30440626
52923395
14511016
37319566
1719772
46239150
429162
13652388
48210340
131709
57893873
58082865
58062550
57873141
1359329
1050282
7944255
30384690
15374729
57736137
2843399
3175994
3164725
43148024
57783442
1471660
52285694
58015969
51284261
1968689
57755904
2410175
80001
1525896
70801
2712122
1025576
39943836
4327311
624821
18974383
8873695
25831258
48834150
81065
51263988
38270219
49522444
37890829
375199
44039350
1081752
21097553
38059282
38929035
34185448
37292172
34706905
51429011
4595106
48369990
71397
51638800
2302298
34612271
43349286
45015254
1991763
41235599
56169720
46261331
569869
46261195
46202404
38963580
44151810
53001546
37287761
13945186
55846138
43316075
57614001
41146410
52758479
48311383
47355634
48724825
52606642
31010034
5816447
53660990
928523
6608357
40254484
54415346
2592893
4387808
39097446
2498396
56560662
2831558
928317
16756332
36926754
49714232
21482611
37795503
52533398
8869162
3484113
21974724
3669641
8315419
28902850
52557522
3351338
41789216
35042204
17381462
32403113
8314266
50355953
89116
8841276
53935208
46763177
44536256
6424608
8365871
19314890
47065989
52578213
454653
23685867
3119943
31417882
4172767
2503324
731678
50581613
378325
24537331
31425255
23344000
932126
48707826
13707345
3864387
22647917
4311578
42080860
7328346
42753154
1884
58583499
58251645
13384732
24681011
19066038
8549696
47803744
9905000
48624391
3348155
24050502
9549300
50638402
55662464
24997119
26285107
21342805
39472347
43729128
32390285
13870049
30637678
29052868
17304094
5621398
6638201
26446075
38147824
11607367
42060694
35814760
48573114
52150772
47680203
10917178
15436512
34154764
44687858
1062391
50279041
32987969
22907225
38906032
7448053
51001690
7302245
57841051
57953155
32777242
57863373
14068
45485719
57863316
315859
16825749
15455036
2665981
51291131
51394743
919726
46254186
1749086
57826533
21425312
3177486
6243185
45732
73515
47295520
399747
21383385
2672052
22170006
1483508
57826746
389398
46858464
7018
175801
24472
925741
3028189
43830454
15947634
7318800
31149175
102054
209274
79884
57142984
40112
8797751
49250180
6359954
57931511
26414792
9072
169832
1820361
40540412
19073727
2155616
175288
102300
515297
32425617
51603758
21478231
10685513
379011
16775535
606127
46381
40127915
40127958
45049822
48159519
37945043
605652
28149105
207637
2926353
64719
469851
16580385
38169179
10868
15135114
140639
51924406
42423403
32960622
48030
45211748
45211758
29016771
57826983
4478080
1138120
12425
2179648
9244193
27300601
15958541
57951623
18247520
39726237
45324812
49029789
34390553
920192
2908443
7437548
3035754
7333413
4341389
39645228
9615
31086
14182104
60203
26883881
5030769
313516
45421166
58958847
2082696
62016
9779
34339853
33084198
50670003
49553431
20021456
22763390
39729634
48508220
2098235
5552754
29479670
55127022
39619658
27231491
39619683
18841893
45453886
606120
47791581
10377362
36839620
36606359
38298968
15079944
42419909
21642897
41479611
2213412
54051871
51924413
24176
4900870
233347
675923
40127825
21479229
45348516
22544284
32786228
40332450
44525
4254144
24546
606107
22858316
45361793
21463370
46751879
58033248
58033230
57934257
50367635
25349494
3357615
22763422
44709913
39281437
30940540
24327013
49857030
31789826
22858382
29616726
32714415
3061781
39228499
21351191
27858892
49003591
338821
154239
47335140
57826311
51154846
47673126
47478580
168476
22732614
38317887
45313071
26765854
26772921
4477843
57979542
38694374
32787324
54743473
37853397
1483516
40018126
40127767
33576200
52314373
57931763
37761675
46913718
47403123
57373590
27332920
46880915
32753709
1535557
54475604
51999699
17313469
24776228
53688865
40307746
36586999
31003735
1355859
52406068
3135575
34266774
35440631
58837186
53371216
1770325
14850546
51005173
12451612
5974525
48043329
17292392
23470865
40685647
28991222
44630324
16438509
39239624
32909566
44754708
56810001
6119394
55644515
31560663
29575704
34360362
58726340
44634191
46478098
314812
55336317
203081
19154614
38171752
8680137
24121621
20333054
21511851
19245136
4538832
53543384
49534023
21829438
39089943
195516
19238973
969792
52232374
9756600
22374027
18277192
5043721
37001398
9390536
28795485
43228657
1853657
24255265
50320135
39561171
50391754
12946667
10059758
12261785
3133448
45715595
42968054
2889403
49663660
41574389
27160419
26157189
47332350
19006017
37249266
318901
53497353
27805731
29097421
37724165
57662243
40654022
4319868
26650086
53534348
32182758
20126532
26240028
37062472
28519424
22193722
34904797
12794122
49219071
18875864
38808105
33604967
31320070
33981097
25074165
44188272
384701
56379975
26781520
34922308
5967032
53493385
32427348
2553632
12413980
26897284
31056558
54406758
36074677
17092484
7470008
12082612
43680682
33974062
33945700
5964167
19292879
29723228
51269971
29215898
37033560
30668489
17183218
49557623
42923563
27574318
49346516
19862652
34347394
43639805
359504
32940611
50884100
10968506
13792959
365734
54580169
43609310
50287391
8115529
32515260
30081680
4249426
40979482
26236545
35445039
20113885
16987693
15260675
39419898
28825155
33212614
53324609
8603366
5836382
51349894
53917756
38863754
11076675
31093777
46466844
35140178
56323322
35820765
57389859
34567779
7926983
38776131
25820746
50345367
28048441
6360929
25263703
33637604
8704332
5113082
39836330
54745718
3392088
13101737
2709416
37685680
28888905
54339873
3589660
58958045
57072713
49587639
47563325
54522041
43579978
48397920
48264540
51776088
57043322
19503563
57383927
54765408
19108364
56216923
13832806
50320277
4687957
3291703
8520639
31392307
2064100
35209847
24894509
30988103
17206967
876459
8082714
601878
24811443
24592090
38280146
36730603
46214106
50221350
47763565
28104886
13770390
36619752
47129257
19751680
30163285
38848882
22434647
49276214
14931858
15258844
38781193
20344628
31451148
21026930
2452677
42428983
16806349
53746838
54408756
50397788
30519288
8627132
1870889
20998119
2473870
28301630
958502
2473986
18648290
40229877
26945036
10283058
6861367
20935631
43010284
54280556
516397
2538794
705620
417849
2255337
547483
26757970
197730
5809872
53963474
3552022
723633
56715142
488438
4171371
759387
26654282
1880126
14166739
475297
642778
5370716
22111284
32398
25395149
48496864
340116
1651321
4437430
561460
53715262
43080234
1441691
44573100
4203400
16693228
41611396
529056
41610670
20844
45665895
19537
29265893
501568
13285817
19777897
18493095
11026519
32394
1057551
32393
306085
77251
3851464
939218
47880
356777
252981
619273
787650
378915
16342800
17431092
387562
245390
14876738
24281732
289749
1132602
133295
25394701
45125077
14571394
123428
3781312
14653099
2442294
39486898
587487
14610286
1262252
1555817
1022067
15211768
56789549
351843
2270215
43099217
37241181
2182981
43168387
22020675
1545333
24562176
28711333
34727352
40604010
8929143
9441076
7388896
23602075
5707039
37916906
664004
10154118
15448452
12563993
29098750
31361231
49614227
30999254
899266
8900251
31350372
2445197
73460
507679
31211493
18975744
11332705
37043764
298771
1244109
16940150
74967
14623878
90138
18701602
5832437
4018044
899279
48344675
951649
102348
26340030
42287389
41874697
31186026
21438200
30234278
54142382
25614077
28818789
21883914
9053911
36810204
42798029
56530812
47778997
57779878
23859822
45620591
13332944
46376075
45621313
499545
514350
18019820
36671254
46346207
24753139
27048229
46515904
910084
48391635
24771025
7764539
12155338
25655076
2499835
21540015
477368
32040836
85590
324483
8315340
380528
18858944
20750474
4581658
26144170
50319909
57225457
9391909
7708624
52503342
53257672
50337280
9025700
7962398
7583171
27718607
1548827
11382737
4119697
343739
47272299
51429536
913503
20682659
24902075
914205
13765143
17601092
84957
12830741
42203739
1794963
14161797
50959
50427991
1564925
32122781
1518375
35685655
8462675
20295168
32220661
12029962
1370737
7278615
45621581
726909
49127973
37741578
3374258
36764580
38738943
7699498
2545941
6786350
46279856
35252905
10259320
42136840
42136846
42136861
42136828
42136876
8795124
19415992
30862379
2262805
3662104
24369771
361203
3715459
6942284
768082
70149
244877
230322
21238388
1989240
56460732
25731835
44949877
45368877
51350501
10204120
36852424
328081
6143371
53274256
31211181
26512251
545926
13757551
42127414
47760568
2238154
33230423
21561102
39960617
861418
1154929
47052710
297436
34680226
5776590
8425726
52921474
2655647
3946225
1794655
1190561
24088625
36270248
36006655
2682792
34960100
163543
26069007
2910462
34037227
512487
62909
36093464
52233139
2963540
1141496
5218073
863995
36667034
598652
2103384
1571783
10152216
5974915
24092039
8620931
3927150
10455502
8436161
73284
18695253
371510
2355155
18790369
23737961
3850485
14896632
1637145
932245
19171009
1975883
39371278
30857433
30809772
57521
2110601
1753619
1742172
4128205
2031280
1867704
62004
50406700
6364091
6389798
1538033
33443426
55360808
5421130
40310315
1545927
160743
35415460
44488785
49954250
49954328
18695392
18695544
438953
47848028
58003328
695218
1196630
52529768
21151
601942
38890249
846624
18923844
24539782
36189920
578059
4723180
27766298
904199
29559537
56582140
19135007
42594415
30882632
42538952
13478220
12329099
3680256
57253712
39352264
40601247
1716827
37286134
56649015
42649919
13399497
22945557
49649924
44155335
6469978
39210350
41830407
21035327
40903161
46846978
28501025
50544235
55700443
58908443
44893539
42361968
18182651
20097464
4359417
2608723
24185683
49929215
40942175
42517672
38991622
49609771
353267
9094381
26493623
28321580
52050747
14256518
56007654
13221119
30423613
2449695
16290211
51276032
9280638
43110698
56481688
4093084
37558813
14151099
9539868
3767947
25328658
36359949
47212568
12751433
10797490
5254037
1909968
2503208
338806
26294297
24674462
8644917
8786342
450526
1413935
1370747
5469614
14106463
33285238
39681911
11040850
3314577
18385122
914512
47623761
2455448
5917437
5348296
975350
25276797
17530209
10131221
2132604
34179998
1588815
13862336
66428
6366783
1265923
32182335
840612
20919291
3628737
421325
429477
38437692
53843412
667124
8302734
25841903
58739928
53659809
7182360
30933146
2648344
421101
5805182
4783841
893801
1226357
39516391
40622582
53994367
14604539
34404142
13395259
2828099
2535605
1859165
994186
42752864
1686485
1675329
41061437
10224447
18497
6384129
48427665
40912113
212152
620299
23645769
27045
12644515
8921704
12527609
12277461
370201
38259502
24232122
22599748
24435946
1560484
6392399
14780518
3113253
40349490
34115107
711760
3117225
48022195
52167848
48437465
41345113
8629975
2231819
38878055
15169319
29680611
253325
1141372
39700046
40058361
45485997
39780973
35125885
40128758
45282112
38989098
38171392
38270042
39656521
40302894
40129587
39774395
47091818
46888455
47091240
45098522
40130429
41663163
47156846
45290138
45650881
40053069
55976629
44970478
45613508
46948662
40053431
47156724
41666515
57281244
45298885
35037247
35037312
46957727
45039029
45298893
46888683
56912638
47962319
39645101
46921730
55744465
47892183
44974377
39700080
39109864
47892242
46957758
41619129
47629315
47884340
55744548
39250629
57157263
7637897
3922548
47801850
979818
44949808
38839128
45486069
38839327
47888570
55744723
45016711
48081589
55744777
55744801
47091461
57156105
48081799
55914563
45298902
17758098
35623889
47989282
45490000
35701363
39690934
38990971
47896456
47896522
45658825
38613530
47896595
45489993
37793054
44947374
44947635
47868015
46965478
55914622
39270481
55914928
44948498
44949103
55915008
44950360
44955220
39273231
44949226
44978483
45486151
44950089
39252115
39298913
39700102
40556747
38989642
44125599
47868051
47868069
44993698
39254305
39298596
44955523
46949631
46355164
45008465
38790899
55915055
39059474
45653651
38837763
55915293
44973878
45298944
41618843
57103455
37631294
41890609
38840213
57103619
46965682
40637014
38779886
39576280
39240385
39745254
45064808
34805969
34873026
38498003
35049432
38298907
35193507
41662190
38218241
47342928
38218169
57155582
39656274
45298964
45298978
38497902
46710487
45299008
47562338
46888698
46888702
51973934
56912818
45329564
3099826
45000044
38989518
57271883
47991135
47833250
44968774
39006275
47833355
39573993
39032204
39015541
47934068
47934056
45486297
38829201
39690832
45486337
48004318
45489579
49884022
40520405
38616809
38989805
47573037
57285426
39700132
47153983
47897019
3100555
41156997
47256995
47254060
38823366
47154020
47898370
40528089
40528100
41669003
40528110
40528108
44939372
45380020
1833425
18803543
3100701
319386
859114
341347
39514230
4763660
14762994
28712430
28765
18066995
19738736
6937423
1610099
10024217
20301556
9306105
6682781
5974917
39857357
10254190
1672096
8731120
27671348
1416290
4643088
2903445
30792115
29976239
412163
299202
9465289
3732925
368663
2984748
287992
166079
1634258
1350704
34080558
977651
31035234
2678681
21497480
9159007
846165
854712
8519498
44636089
3047909
1220524
411635
13532954
1294943
3654028
39156806
1524962
916661
330700
865961
27996822
1500502
5889391
379951
51484130
3704890
977673
371810
40898849
3022081
67575
8333387
43600902
44521873
991860
40836698
8121777
14799803
44604919
27868886
40991895
47624464
824293
4831856
824080
35634331
38322292
29022792
47626269
48592929
4873567
41765281
1891017
1891079
28732608
1644961
28519634
33799437
29671566
11007560
808049
1749257
18084581
18065198
2968943
18083799
18067358
3216962
12153716
51461985
1652498
48334145
48216150
56827
29055446
721670
28855699
33676690
453167
232973
2231626
15291896
26485104
5415620
27714876
46603886
697452
22400519
10036067
3155233
644035
6615107
49605080
13267446
16342608
43261405
49696
48377878
171974
42445781
49624036
1534005
664021
35584899
58444359
1511481
43788733
54621162
4592678
58265814
17753266
1205580
335794
22535015
39222842
20769784
6719945
39158290
3107891
5087924
22842448
27753500
29775353
41268419
1914839
53603602
26710638
17007727
8113391
11829480
40816189
2400286
31317695
18033
5007594
11175262
5938578
5323081
20746083
30817373
6157920
20823254
54311891
1402404
1399370
52161926
37616572
27684
15294077
5596805
1398982
2863086
54436
3371790
15390164
41496806
36136272
43990532
312706
53327988
33055242
40991492
37439575
2059474
25779834
2294805
2931000
47541291
20607105
58727012
37705153
57692859
4309514
31981043
16221348
7677754
7518266
9909971
1113168
39870146
47364135
1616928
28861619
20849609
1029356
30947200
26972801
1029363
16307221
677189
38636378
19760693
83469
3154091
11461963
18631187
30559230
35806664
58449371
2216725
2919881
4267653
9369868
489057
8850233
52705776
45560770
11464939
4299933
54726655
27056744
20501200
18315690
5633325
19993753
3121842
56559554
45563613
1913982
20584730
4288358
11263544
54069851
935960
9418920
22306079
8693867
1407055
3765459
9228486
2572665
58987737
23753735
57494479
24259971
19142863
14261804
2610498
30282875
21090944
491662
9493643
44267988
860989
28148180
25727674
39411444
5089715
24363269
52061422
30519672
45699253
9321390
50243361
1254571
394520
51295982
52400224
33700498
5668066
54706116
20846931
29272672
47227440
24392212
4709492
35077303
55989540
35042896
41303093
52014114
24413702
348936
100850
54706268
9006525
1028338
5492440
53699392
14224569
43347839
11956535
23768701
42481915
26235017
39213072
23942875
5288
34691138
47874684
4988099
342230
57316831
29526008
31933251
7999544
22717620
56773630
20051997
54986365
40213410
54408229
55207738
52067910
54990757
54990969
50499857
54987059
21904309
56452499
54340930
36465901
55117396
50995781
58143315
8909502
15796040
4446153
2349746
10622711
40379858
25908088
1525259
7660468
24785043
21549801
26375573
879243
19748068
41884523
447878
2110661
2462200
39740977
2458242
51833599
40515922
15636049
3854149
3586566
16288622
2539810
45650668
49884582
47093396
47157031
47773301
47773182
47773190
41666608
41666865
41666838
55744496
55744660
46947666
41147761
46947762
47019748
46358783
45490493
35566680
1162197
46904585
57285576
41144243
45299002
57290376
57287383
45651930
57287747
47832119
46948132
44922224
47934005
44941957
44990932
44991653
44941536
44958028
44939833
40528121
44958808
44921956
41682268
41682449
47001441
47001914
48012438
38989602
41154658
35128319
47991090
41610304
45029897
38989832
12258892
22453413
22636499
7864446
23311869
40609321
14861450
48294772
3960008
13289321
36634077
3880043
3879164
3644207
2883114
33071989
51549501
9494166
2610602
4161294
2619738
2610666
2658782
2612826
37983296
9519592
10326216
7433466
202626
20593949
29000420
149297
1826464
3915690
471819
18384
22388714
58603864
5323671
27321810
21406770
1342519
4946907
639614
20592912
20593017
58694930
1343964
35089766
5541859
102495
56156869
5204781
24058976
23236560
621334
2662124
8857342
3387506
55985395
46409676
620169
35800833
11716165
5589989
16795856
12050153
26123705
4331767
54846870
36082935
3710881
8837560
693810
46780366
31715079
54163513
7246941
56920761
6373768
55493520
9621061
3690796
2461758
26097908
14832538
1391203
5623691
3027913
4373657
52069129
144817
470204
3628717
16808743
56979138
46650264
7966297
37721270
19032848
2445690
47764420
14245437
52074077
2467905
58696996
49652338
43031539
2593853
956418
37747674
5689770
50516796
46509662
19918756
31122658
54142560
23511781
2962156
5145660
29991427
46838899
1890104
5463528
35602154
5389910
19432826
3615975
5196037
20678273
38835481
31515407
31515056
42386366
894938
214829
4210997
35119487
40703664
19595006
9017584
22108220
55291064
31337127
20703466
27951972
23959629
40703727
48674931
49288166
799881
53027133
49288624
32863117
11310306
21708086
18633584
1290163
49287751
353317
31356659
35428310
49243336
54044178
23345410
44494731
36373061
16697153
16974156
2134398
37759880
19513081
27712741
48404661
109810
49242138
49242343
43852543
3207530
47985720
27616788
148895
4442325
35217718
11831337
42076950
44641926
5113978
43136017
1821352
46894715
58874798
1492983
42102676
48375993
3778235
43802566
5791234
2220131
20632279
4919702
7198255
43046755
43162003
45718819
33201331
340546
45536424
43293500
43153518
41993331
43378317
37179845
10793562
46876377
37137180
47964865
42765833
12370321
2922477
44709153
43376322
42251763
40932593
42458904
22996590
56893448
27382970
15422863
31790946
42213454
43210415
43278524
23715400
43368318
36177368
43107484
45062643
1930808
50253199
2777934
51075284
37774663
32508424
58941040
20415376
52706258
46389417
23972635
47166226
37304450
27644954
16092632
40673930
1459651
17298397
50462020
45606581
42213588
41093862
6680361
53015999
40192939
46590700
478750
40592052
46600256
21613979
51334500
50873113
27078859
346978
50329970
21797377
26003920
57811670
57811677
47164768
22147029
10739564
708346
30767487
12334073
1353497
31309202
46708862
31462622
1453179
54326906
7378571
24443052
12769028
23145516
32357721
3228502
35739632
37195850
10858954
58506395
55192130
11155975
2912101
18649711
11628466
10150342
53224247
51837959
335025
2847357
322851
22611558
35136414
2447
20210971
56655751
33301100
27353457
22569896
31051865
2248385
597652
50488409
8834011
9593
9460176
44182617
38917650
691356
9861350
31551382
2997493
17672362
22601565
9407341
946425
2655815
8046375
31545480
884973
50665261
5095427
38039673
9395604
2615143
37242133
2369594
58642332
29214723
31172971
44168435
8055161
1578683
810633
2405681
18953183
5934503
6992172
26785605
27232048
41098430
5935306
43257026
9633161
1134475
275132
185130
1423017
39541498
2857028
52710861
47176608
39120345
30856475
17889101
41984722
11014548
8141123
25857442
26432996
4638611
5487372
9975587
2127133
4595212
1052385
28319064
32435732
48864747
20496071
20495984
24371805
38435538
1123516
25529047
3950098
868505
50909801
1458305
41927323
14832909
24614330
915133
23478457
37548931
56354259
40894293
45065252
56650420
52578091
3629534
51380951
50792237
3771489
200511
4810563
230786
1064991
13078873
338206
30607352
6858799
17135922
41621396
52332113
35198686
27306679
6634601
26283054
55630873
21792651
36022016
56915671
1290492
610554
41325698
13032970
35862124
21701198
43641560
10910742
977463
240716
16064549
36575543
41030156
18113336
691932
18463176
18222616
23014332
32028085
1577353
48622946
841100
817996
14434839
39675095
48623351
62013
333376
1945951
48534532
52486357
412473
3211362
63150
6949137
14968641
170469
2719213
53598137
473577
53653327
102435
58164
184999
5965553
1021311
42581616
21550051
27436285
58727373
47144105
52188910
2584667
1441840
181162
1317694
46478043
221554
4428815
1822796
2499999
236424
911372
55090389
37481546
52571593
8832515
2160199
3446418
1314018
10406090
24748829
250355
34092284
1377946
36051887
1220870
714602
5438469
162729
2618295
456180
221185
173279
226115
29402320
11902568
1846100
234983
56475636
3860688
4665791
8444877
3955891
3772752
32100
1796135
6233401
311401
357090
1569785
9437624
14198098
2376655
4379690
3460682
16116922
4410913
6767916
1241881
10300009
31332189
47737575
19834537
10088803
57100408
29152227
52161408
5502932
1862297
893563
22570146
3892858
50532651
45637458
914099
1462635
32482030
39034769
28015464
7699375
3202620
47451722
51987651
444673
35514816
251668
253803
50446260
5927734
28329942
362530
6585
47562790
47159603
63135
241610
50702708
35152596
22308817
285438
744872
44576362
11426820
50337763
63078
36803286
38336698
1162198
2514981
2184036
54272019
359208
456457
39455870
40637177
17093279
166597
2767371
31016058
56798962
50988881
4033103
33915586
4865795
50399631
55755069
154271
51138898
7434
5834761
35970585
37928922
37753820
3529404
63075
3689201
44662070
1401316
4359184
1673860
934602
44518
4732652
37154208
13779571
34387808
3037199
749755
2827377
7623996
17300
771413
3033429
42358583
3033333
293097
3036292
3035462
32672376
8159131
1442275
50406750
39298998
794900
54029
48809405
