3694774
189373
487132
51023476
1164
35891416
5561
29947659
18934432
42253
446216
10390
1243555
5378848
11924
21342168
46478160
21348562
346382
14773
46426065
44046734
18831
19780855
38919058
126706
1678822
35757264
50578
1630795
44518759
29518
26685
3253299
659757
323392
3181956
71318
14204502
19168424
34905254
852721
3623060
4474244
36175304
43405
8586502
42305243
21127927
35320528
3724336
1519889
2991908
2168889
22852793
9551741
31042895
49584628
15231265
1846827
49767151
5235067
1509191
1645226
434428
2910837
38739810
1793003
4152503
372603
25962873
8050713
30389604
7008701
42732578
45642
55335
8072
4223273
2897745
2360715
16204398
33893714
3124236
8307819
3962591
50732
1336960
6822721
42334633
63262
2844974
18443436
4675271
48390643
4346067
3783795
1555443
747122
17604036
20101246
4185921
30875381
44700778
8092200
43814660
52361732
51478216
6974619
38818738
43646359
12870767
2605397
8586700
3168650
34853876
34853904
28975424
23067360
8351939
8928339
18669
1614128
31241497
51318078
6707908
888711
48589694
232786
6691129
20506173
29107838
191305
5929336
4786254
13739701
53057
37669313
31239248
4141563
43068377
44601847
826997
632374
44347068
12723536
23195101
24462958
21397283
177700
38740974
19269621
25452444
26404
12498127
22993438
1631010
8304736
14993253
10533559
21669817
9594871
4074422
39759555
14530635
47476755
165259
4907619
27664165
927644
148633
42061249
49136553
47890158
46941716
1512013
33332874
17624207
251412
8566976
6585513
2870101
2142
23886619
43470933
34668189
1548772
25277457
5033373
11338826
42042198
14273658
6983799
142224
58584065
2862
58299656
52642349
43681495
57638150
402688
21417543
57812996
57040423
12379384
24571654
1126216
24238010
9025771
57841422
15893057
21577031
59056569
35457079
1908395
195552
586357
14842794
56127293
48653319
58256477
57024219
16167377
7872324
25765920
33529387
18402617
56072531
2376785
13911207
47580669
23423534
11230690
55843837
253279
54341162
34591537
2884728
658223
5389390
1456626
27759167
43480298
37291130
43688273
568967
57222123
40888645
50285983
43097038
3280462
361157
1355398
40257392
29955894
57318939
13494976
39182554
8160211
26032317
290634
56024845
43420196
44628427
52649487
5477824
39177819
42581062
30306484
9124629
2934910
821197
20756850
8205445
34600216
9583985
996026
15893225
16300571
44104564
54690679
14760591
1563306
39278567
9536113
6596
2840305
19835689
27928333
5421193
2368264
34641430
56900114
49316492
1124646
1065253
16934252
36298401
19317802
43342432
47332350
183503
5837233
37431577
52036598
253284
237629
53644736
34413019
33623429
58005561
48791499
58900190
2730882
6338699
25340765
44718002
27669989
43306489
3827197
25264546
30667214
10136
54575571
4832828
51885204
54683549
485226
11306
8703473
2710755
1028978
49180
19835615
35685954
12142270
56586969
58747836
50336055
26424742
50672378
1092923
55443695
54073206
58651338
15291723
36831006
40196540
53322329
2932246
3907217
3070989
53639854
2088095
24241139
28803763
41644056
54008163
23997153
383162
2174928
43591208
46222904
2711317
741104
8514669
16070200
21428998
30729045
35456221
57690733
1499475
37394465
23048428
17188
43249770
41555934
18313661
610757
28443302
43274058
1377612
39903059
23762260
5349640
56391079
54329238
7539196
37447771
48718351
24870679
57265177
49082762
238725
45567903
53587467
11920671
37044578
41780237
34053961
44195492
6278094
49294877
39242563
41344354
11081176
419463
51291103
40267442
2708995
53210461
12476035
33527843
55690224
31068176
21659435
50231947
57653528
21652
98778
33818014
56643213
3630374
19208664
2715076
12994741
55567666
32856741
8146106
30938414
11298926
52918812
20400528
11053817
53673334
46504825
55507995
7879921
22837841
17953841
56748872
58704254
14893994
47336626
3709680
57030262
37339876
24251211
25733398
56982762
58133428
11848927
30405742
43723774
562827
637434
19890479
1467948
16598232
57719367
14659967
19442735
41732818
19614447
1187268
31103500
1706303
43705185
54625345
48760514
50562089
3291080
19768799
35713574
51295111
46803936
8271663
57468086
657145
57932194
25011536
36347200
27370978
3479720
16794474
39083726
6216524
201158
430106
7347241
26269089
4678739
43658678
40647601
637857
339417
12018606
34130293
57316019
33591382
21171254
55725939
430976
47228422
866256
49239240
42349326
47018111
27726566
59021790
40615979
1648132
22113059
23402053
41255201
44391058
52968552
51237053
9460224
4214
40232630
58430093
19256100
10030306
2950924
58081140
37092233
6793569
40646055
13371195
7157316
9788270
38180687
44399285
7022979
31016805
1810201
38645765
37720522
859981
2948381
22155527
54796255
58035891
54740174
43350772
38542005
23265863
22072718
10571004
2948178
45784
6262881
18848199
955298
500952
56748043
14662101
3878
5558617
9448193
4173255
3389934
8946593
39796176
31430089
461517
24044102
10526566
10257708
34858148
9756354
8714796
36250020
27287411
46845197
21688106
22369406
29593258
28564320
40841348
149353
14938064
2571276
3112875
39059578
22355848
767937
2578582
7216822
58749955
34567821
45219049
21195116
29824007
23943140
9378673
33890874
57039551
45159528
16872890
54405493
34896724
50890026
33891046
831350
21056347
22562859
30872162
22537633
255954
38397698
45588925
19287844
2292623
8634376
13967547
32329916
49528672
194690
55289434
39206557
14072373
54041957
53236762
34914591
4498317
8930508
3865832
5657152
23776072
468001
6980968
22431652
47543414
41282920
45061245
4101904
12378165
413102
26954391
10289427
1004764
38632380
43769798
27320399
9894237
42220998
579390
43780204
1194622
7374160
3960674
866017
11237888
7324297
45580833
57103423
3808493
1854663
7214369
15275923
8283008
8732281
11864935
3742825
98770
44401568
3948246
7026278
8554023
3302770
9849057
28202032
4635854
41452308
41758080
42191418
14611016
34964561
37760976
2871644
10221795
9943124
1075046
35528199
39758073
4661870
53551430
53068752
31485534
17727869
10573305
34986220
39000848
17081128
45709820
23284727
52737461
9476628
8930788
8865843
5878395
53970843
2606518
4839372
12306500
3408308
1075211
1408929
3262898
7420632
7819348
37419781
44218867
1363296
7025924
734256
1367908
20720013
21715314
9503346
4066308
24417538
8283034
26995871
3062721
48720906
6139571
57122799
16743556
4965866
1174560
57576399
31480220
32687251
31084685
1107659
31771201
53353992
48306673
17119657
1075217
16403526
50955330
25958537
33731122
57432949
40190528
3167624
56524376
3624902
18411966
14343887
6793305
468154
27215025
29467449
306769
30911957
36356325
1075179
936059
39315093
34056766
42736510
12280976
4177506
49906854
40323377
50226657
11044649
11044599
4381551
5599330
149289
235550
477989
468117
49861393
1049691
443294
4986804
25230659
15581795
22343496
24742187
16020703
44260712
5293306
41820892
18167349
7297179
299329
17304991
363225
1937800
17218394
30990996
34913748
1941578
841429
49394912
467899
6974837
3135830
7497569
21003830
3135539
41909048
49838589
52218795
20928420
29343799
47612960
30712001
40951831
44854826
5703575
53063316
25668921
28831857
14106859
41224221
21647820
3788537
49058288
1265269
1800558
3192516
177092
22206295
29498044
57233998
43853871
35030959
50791445
223063
4842
261128
3388492
54948386
972564
460615
540943
964630
3288598
26280764
5625552
5620190
44103965
18734771
39184783
6888
27477352
3410264
5988043
32126830
18448751
38832928
29052228
196971
3029260
22319522
29711869
908660
38200354
6081505
43397800
4700183
826216
40564819
49399421
31441114
4322402
25879538
28765301
1720511
8311927
12612212
12229840
142131
950130
45145
48443559
47525166
3255291
2556034
1695906
484254
6978390
17539
10945255
30468637
51907322
3008091
14240521
20636
21172177
26235145
142142
17685051
3585614
101900
50659821
4165078
36347820
2471086
2213763
25762715
2022213
23053
53858837
1231526
14500263
4040738
24714755
26313
1148525
24714543
36384471
7961225
1118840
23533161
45229676
28927
19555053
11098174
2768085
2556015
36675611
40705460
5962524
42959802
3267736
44232300
1034511
31110202
4943626
2671314
3681488
32129
166136
3206350
28734467
1705511
29436647
7039
58342179
3523316
30864591
1396948
41660
371255
23847917
35718464
2020708
3319001
12630111
17076143
5814962
30871845
14559354
997021
41555646
16696535
1236458
5343488
4628
26516454
20156881
43915510
34366555
34366633
5465213
2544439
18470361
26270834
11523713
7423263
275473
5347320
20405001
22408665
495563
2458875
56275884
5409095
1649909
16187387
17507367
564685
17509328
330017
35314108
6547678
11042797
37463545
31741941
45311707
21477359
21017316
574759
11545
5708736
12433418
5569055
8953682
1548510
302033
5425217
6574091
39756603
41576767
20041584
13297359
314366
57506816
12540984
32573740
161005
28857054
564719
545825
28426979
3424660
26730418
5686380
39800443
22732293
26460150
2954049
25140222
20047065
180855
6078504
13823014
3274742
38364055
5347179
13595409
984752
53802271
5814978
4966850
49968788
30782834
2795798
20542082
1554398
4450467
548131
31159552
1100516
1949447
37052063
49884670
213328
35845237
11179042
11178898
15165446
5347359
7374187
33374391
17295260
14958673
14421547
11397250
32366841
27960249
18409252
27999806
19333139
36764607
658183
7338650
1276320
2051812
35188921
31062931
36732828
31051559
30979854
34771387
34421644
36231779
18814533
2033005
34252228
33692814
23854465
15743436
25391053
32830599
15197395
3282143
43654412
48706354
2211723
24686102
35575382
39483851
11462382
33150172
27380463
10064136
58383744
33365207
325496
1456863
18399611
5975433
19330002
19798519
17058216
4521831
3754843
53543792
10105237
91182
24952021
26730591
1291319
1291342
38847195
48259106
4539079
5685961
33452725
9399072
9017838
57481189
30832164
28487427
31422551
5501977
22984647
22997927
3736752
30511763
53653264
4843630
981899
47278
39254389
6233828
7214278
11269762
1339210
21753066
27195050
3536648
40941210
4120077
2596700
17549646
27864034
9267447
34953080
40903837
4839173
3700467
221299
6355328
13649912
547827
825390
43473290
27383873
21271536
19589
16976635
4698768
1163412
38558906
40528847
20467381
728760
16070384
17676093
6805053
197284
30138821
1363880
54431035
5241800
46373766
70401
4079010
1971750
42136291
2532600
40592503
53571494
38948080
1194470
50227566
35470316
2371283
21858352
1626747
39410831
28095621
1729542
53722281
50597374
10939
14891304
11148549
23947591
1137033
75629
12415190
7495999
16110989
3348350
383480
4292269
647729
667063
26501091
479975
60476
55959362
62247
1064587
3237784
42785451
882427
6011
7850
44695494
44695495
19944005
37442539
10069097
64474
13879720
15718248
3237776
22736576
6759
6867
6211
6212
26358420
1463083
37525024
40530379
3338671
38676534
15718146
17336523
10609024
7962589
3972656
79673
26257502
46471162
1852078
53893707
4495960
835827
34615237
1968551
71289
1309542
18020716
57055994
1197184
15115411
523166
24084118
26263536
669942
41809233
26252735
53928
42138836
35739443
26102914
10833335
12656637
7324284
41180634
15718008
14511671
3813250
24330902
155430
16750
1102836
890862
46565
8031241
1299933
1418498
57479201
7949557
1798692
788561
26256312
32095640
37723882
23128927
4587078
3980340
4495817
18910
4636772
7818178
81959
43588298
26359063
37206260
709308
37432570
54414184
339992
24286709
7791994
12441085
5085531
4105321
3983826
3262889
2012147
26511174
16728666
7152206
892899
40946774
7650282
13995373
673234
12800904
27952971
3193758
2070351
3648169
26256535
54423208
42993804
37478359
5060840
23290990
54789
25717
25855
25723
5078522
12734062
415847
208850
891033
1741558
1758417
2452154
37476702
43536828
46471174
2699476
2001331
21820106
4929352
12769596
37571050
4088382
46479115
669992
27647
4922792
11629940
19282986
27701
10803719
2696560
24028642
29895551
670026
7400895
546039
13355399
396102
7689061
1503166
892739
10739141
10815131
28537741
98748
54423048
30403
479990
12769341
37477193
11609450
2016807
4906174
2014633
1544998
404582
19120279
2012013
8566056
1635
13546761
21785991
2829647
48834853
8923815
248710
15612827
6055455
2036423
4640994
31698015
5843539
4542
156700
231204
4504051
2719109
27358159
7981806
487748
11403316
591021
11763375
908548
18867510
6934687
7489059
13150336
31889797
3417630
3504168
51619662
4878864
23699292
31623814
24811319
17519721
15445
18246628
11840868
11071463
5163904
25548455
4245410
8594100
893122
3607704
598971
6843217
20210886
5642853
29735221
31707735
2035678
3136832
35130602
52204420
25881839
20748374
3781180
857780
5642452
31698050
55789686
4907086
13028195
33849734
22763305
1976484
48885825
591768
18334553
9732458
5259526
542447
1871327
18372173
4705339
10677746
2128068
20236074
31587252
27454991
18909947
5642731
659414
27453461
6964629
59052958
27908099
18788208
3047554
26292477
21412311
5647048
54061907
17216567
23216258
4095359
24827002
28111101
19272910
3351920
828061
53153455
34115448
11070790
3015758
398931
65776
13544419
41824003
24474414
5184821
11822678
33230639
34514105
427282
22419757
3084295
1522954
21459
3474289
10611092
37864
158571
9991540
6370069
53545555
1339640
48416288
7736821
243627
20064401
6793679
6269078
30864970
5866008
19739736
6101309
31477756
25220
20210883
2736939
192842
4412890
1953582
3593309
1731689
31587409
24474524
24824751
4097139
39932177
71085
4340898
1208872
7490775
29618699
7932827
47049443
31836597
1652911
18203815
36408395
299847
37737648
2324576
1962417
2622137
8328262
30932
3475938
6961430
36145695
3573165
248717
32177562
26945226
71630
36555470
39011104
40882433
32050924
8396078
3919417
20805702
31708940
11970512
6306271
302178
14541251
3724650
1784446
6190251
1317383
4104815
38088820
1187311
26221613
33944016
794841
49653195
19387586
55868
46438
8733961
40965300
2621799
6562
1220499
143151
41074215
8760982
276872
61093
2628057
5569486
537311
144793
9939257
12288146
491865
3731424
7139215
7444599
10706365
43797617
244773
4320641
43797626
12362175
2235037
50453901
2625672
44476602
14842181
57435582
966106
568962
277206
41355731
43934441
5821699
59945
13890972
8837457
26280279
57435638
14122398
41442396
14570
37944386
21138303
31629330
57936674
768500
50141080
50123232
40619050
26093029
59121
46841649
2103986
1606990
57364139
49180254
35649071
14920509
52806824
183508
317827
3748162
4159579
312648
33788375
2109530
1137435
20784062
341086
606880
1105069
4849201
53828
12727
771465
36430482
958627
21368888
1986238
15536340
13494319
14500570
663904
24097
8924176
1939782
43507260
1972693
14764284
442688
3285507
20019227
28545
9287936
268524
35650663
33604595
1186980
14589447
28592
3240770
321652
2691668
7625671
814513
20949723
4646901
6226139
4759184
4919653
43797611
3659669
3240916
51672
25716139
307366
13789137
39457694
5935150
49342178
154227
15129272
24879634
12152471
33543938
54171755
49288659
54603387
58887112
57193995
55427166
52380256
58103878
47332071
58854243
620667
2379141
2633923
25203704
4161087
34904238
30835995
12936739
10061279
10553982
7667352
2557305
19129716
31419238
46532634
5283351
2574632
12795695
22122214
56573146
17140101
19688
53218499
25153936
30570598
1776393
18063628
23497542
31111521
772062
48536309
1101984
23407868
6606262
1626167
47923142
52769308
2372575
4456373
1975073
40399359
822575
1115098
307192
25652596
952858
1579633
10625535
313739
30685801
3373650
4833901
9632
524396
1765418
827837
8035060
1855357
1300903
4900609
1520238
3237181
1946347
1407416
4184055
32077676
8019439
524600
1596317
43963036
223898
542949
11167164
6577179
9037547
252582
9474286
364300
24321639
145716
1261001
5411659
22674559
49127301
29534297
11148848
3464108
32086877
32086658
55308957
27064677
78214
57104829
7913725
1976946
46371949
762047
7396884
28966352
32463401
32078809
9234323
11451063
16280135
22044506
18950050
297024
55573246
37438
20757984
12809970
52058583
15285866
183403
33428194
21131209
49632241
346123
23277896
16700882
13336525
12973349
57031208
4356782
775
10140499
42360188
39975515
3804402
4692157
397571
20067629
7628891
1063799
14158490
5911373
50036569
10904266
420555
28928091
22521356
5926
387537
4594672
17074970
5829819
1338683
357339
39975535
8678944
39813016
14333272
3434148
48833041
2137672
2828651
6230931
9309
161883
270054
23724785
318413
5723289
21019393
643342
1041204
32612385
55213052
14972
161388
2156522
7869341
649418
19158870
4827706
43278241
54141066
18203
35471883
19664404
7196522
37848137
229649
4562875
27075922
3650356
39039164
23387657
27345568
5498479
44577560
420373
23776575
11737468
17487236
20506304
23210
632489
15794879
44108758
18409940
159731
4044867
1047605
2032752
35887507
1634778
1076541
2058995
1058218
396513
12024508
61220
47690099
22453058
49976857
58520946
38959571
54117020
4979408
22478004
2971950
49135385
2405
34692242
18659117
27329670
54798052
2514828
5493964
7398440
8439683
935342
13294689
18643235
3076702
13213727
8706816
23421725
10247415
22950755
54144467
962610
48629987
84542
55528823
31830886
51569241
47078873
3426224
3712828
5571869
25939279
6772397
34315569
8987574
22046794
36622611
14677091
18193236
322003
3086802
3069521
53327632
32554422
30296786
231086
47127
16226748
12560557
48529896
2116048
8410651
669670
40041650
51240626
994309
13358658
6636946
11607980
187101
45419834
11218129
4094135
1088294
33256286
29811836
11357700
7149734
9977526
45152640
94535
26223298
11973
4015968
44622417
43882049
12983678
16933122
43882452
3563367
8497211
24940846
19745446
2905443
1246562
2704201
967342
18564030
149183
175546
2154490
15417735
267394
528259
56746498
720684
11044951
561467
989011
29026652
8210419
9888599
44540058
31361853
22788341
5871010
1383656
184603
535034
27848005
27277250
28937240
6327661
41981576
1419554
24283981
999909
1125761
58672422
24016510
32613780
57650445
6762402
1015016
57999053
53510000
23198334
1342819
23504904
39842091
54779466
55726255
8430609
6428816
6780123
55986440
53058654
26059978
55200666
55198067
5325318
57434452
1924406
47818300
13077680
28835495
41349491
31982673
15109232
26630826
42407085
47552793
56274920
48307501
29643761
7157929
18904884
47552467
53335576
49953444
7828960
32481191
26464107
24598072
44807920
54772425
1609705
31001700
35075784
233942
38411570
14199008
57687371
56649828
6435232
50827978
453086
49982604
50362874
50858569
50673241
44297493
50228744
45639654
49238421
15795950
25910473
28139201
49242352
55572262
55981499
13234913
40218456
51404222
53070037
1931185
1657551
45396428
54249476
45001424
8006328
28650287
2368154
6898858
743971
18629502
56641018
16021556
23392007
1191600
2090992
4903304
52345508
48198256
2961998
34340886
28539183
463838
20638403
22717006
18015568
52840911
53207980
19089876
203619
52588198
22419840
3666033
34937796
36987204
56596980
8642422
19980
8642531
35591037
15874732
30285715
57388949
20405957
38143080
5559076
56195203
18863997
5410176
47961606
3712924
52202762
6026708
58714104
42129549
4960888
40031725
49091
439697
2539154
2760602
19852067
14477647
360030
52404701
29069615
8168237
44374849
26603942
38350839
8227051
23951451
13111724
42799
7271261
50779447
59067497
318439
6006314
8252994
6773335
24175540
33233256
18849138
40350150
59057109
56982936
59057352
38358886
17132034
33593125
59057215
32237314
1258607
43389485
24973032
1589987
20434643
12468879
25532348
35782731
3558615
534794
49803819
7101688
19172663
42912557
30292113
56382262
38857256
44299306
732167
48795986
51792164
9855223
3446141
8402579
16920
26313930
13536810
47893974
232602
14675239
10931
56604082
3023129
47893766
148349
1705011
3075657
10235
19902679
51171662
33026100
25455946
22202872
705605
21826200
8703613
174091
4478746
41246558
43021739
48723464
405447
453427
56428662
58049305
34882875
946226
57210608
2809681
42722041
49933350
30131890
19024298
6383171
47861066
53277123
34643983
38776364
1700176
23882349
821071
6456832
12632281
13550938
13030638
25256781
1757239
6874
33548913
3559731
12838512
31462536
1847118
22912887
57720057
446606
2311118
8233911
15311631
7827235
32043571
729751
23572558
33547203
50568976
83552
14241792
5104401
44534652
53065847
24286785
25860534
56084743
5717580
12555662
2288302
15375961
289860
13274389
27395982
38561540
58162731
9170159
16741381
230834
474813
35026656
1059791
1571780
7174467
40409788
33512934
39922027
10019306
97922
51396023
56249073
348692
33270868
47319644
48661480
54397496
474939
4163064
10531718
48411649
33870490
10416897
2132859
155555
12989981
21610688
8755061
37412518
44632031
172088
10999922
5491440
6838895
7095986
58420390
44390264
2997502
39799223
13038078
1290557
22714727
19132709
12265304
40374554
3145356
15966023
27169328
4081616
4217714
48715673
1703661
5477059
5481404
54655906
15281107
8707155
8210422
16373249
42003835
54637700
33512861
40671192
44722153
26592482
40914533
14669989
11591518
16928506
58469853
24714635
57562297
27562454
57094780
38629606
22663171
1175156
19834151
3358541
56416028
18586449
56417628
2614944
30401716
36494971
27898066
24073428
22318852
23376109
268020
25839999
44636079
1514142
26536158
39447416
418075
3062637
15702071
30035652
1050195
52188012
1098818
49305019
5751182
21573718
4483084
901162
12836631
6548718
1514566
34542671
344922
1346015
25056220
36089423
31641770
813176
50785023
36747851
46583121
46577193
55090826
40930229
726659
43427948
54245
11746227
11750751
240931
39350301
1660387
54532744
2233223
40008467
49635999
50178216
636502
41476698
39171154
47431252
23903477
12524432
7491122
39516319
12690765
44449
1963048
990322
5584041
4742
184211
600721
42122348
55503282
855981
2989163
753201
54799795
21548766
6790509
1594929
4923077
158313
11283085
52224
51076359
26608591
47154962
759653
58211563
55566422
2313733
16243392
24175989
1449930
12481557
9664
4339740
3093574
30523683
9740710
47174426
34017673
15060954
101888
8623677
7643234
14335246
43456819
4907813
3786846
6112811
1739150
3547088
5443066
45032290
44194870
21125507
23444690
1744298
922920
45007298
46663255
593138
31440066
220116
1233605
38599961
51294071
37444669
14171143
13351690
35196753
2037128
295393
9785797
2364379
9839076
34067800
8674311
4746861
7214247
2645494
38077394
1672978
23048594
2933388
8663950
453075
2106669
40782061
45047
379018
595618
1575603
23060942
6198415
8135269
53597
4827986
21725
3991062
37984303
803898
2731321
3514689
54182440
48106641
181203
31770697
68857
12247642
5956143
15888290
367519
1780477
751104
37386
47443133
54197501
8659983
9454227
32017367
60134
1593741
47062438
47059991
47062439
47251933
47227529
47251964
47281679
47281685
46185063
32235455
365182
12230556
650483
34548693
277006
3411516
33879786
40085495
1025819
15888626
8551237
33270508
44618143
57267998
44611557
7957691
15565698
1696606
305596
28547427
627206
1021270
32423997
54773502
40229030
33409691
6842333
38418560
3758205
358057
38418573
32457804
25992553
626913
6422674
1216187
297146
10330695
805753
27867111
681260
32891878
2937935
623280
525160
853152
22233770
13388109
2123542
1115033
7708467
6073394
47676
54442191
28039836
27076
8412
232212
990490
693362
5523115
302789
50660484
575649
24102946
1171000
3177898
26468301
14384
1847159
8963881
645784
1145262
2006761
22765352
44762961
1941189
1086142
1829947
625067
189709
13312775
983919
3654272
838479
6038232
14543705
447827
45641474
236091
477591
1086248
6621560
33786758
10059711
5545068
2421352
5524246
22311313
82295
1353257
4085384
29991
5438477
10054112
7970736
318466
8718532
244338
47176071
43946713
39458232
786916
3120057
1340384
709267
972072
1548724
752484
1973470
46948278
31663887
30692142
16991824
9823717
1035745
28232105
33876751
1028755
28492170
11270885
971690
48660
1958097
22506808
35890194
14075975
1626494
22506723
21787029
8373333
16415639
56601
1651811
20814025
8018271
15639656
33922707
54036086
11001950
1808639
10464507
31730014
2483815
1504425
285109
18943927
12435391
2483542
36544526
2099179
13727501
25962276
25075497
38008439
32369
1654769
100558
159501
452582
14993828
284528
7249174
8539064
207188
6172005
68367
227021
64187
501462
19496019
41755648
159513
1153192
27164904
28134188
6476399
7408685
46519807
253556
2256654
904345
42146944
173889
1074656
25681069
54451950
1732703
2426057
3509077
2292305
396118
23073520
7724220
287939
10809677
25191227
242748
14819817
233463
1963880
2894560
12413470
8992008
24109330
3548574
3993712
6487479
7754370
2995827
8383635
404048
26258490
15938221
557912
307517
347832
8170186
27305427
9924067
15848842
1234658
42124868
4891153
27837170
27303185
649572
303031
33517824
13882552
27857167
1940377
18123
13685265
27304641
417031
308362
44508
5842921
3185100
303714
434274
649929
287300
27802
302949
46143
1014170
13884794
1945462
2823113
18211613
1631706
2288688
317092
98791
14205
402673
37652061
23916699
1953958
8511997
96431
21391751
1208
54374612
310410
5693764
23503722
5843242
3234557
23534602
42674356
904443
10450559
9192926
20783988
4184791
38721413
42136536
21704475
53584972
52345954
31030040
56463048
18915928
7113944
1375531
1853276
54517958
34953916
15481604
44500218
5548958
43506102
623686
20349155
16761943
12805720
46665674
2792572
5728377
26336225
3225176
26143506
2953306
14468774
40283430
29726536
293991
4699990
29575318
19873005
13683619
15695872
8544532
4700310
55968271
14013538
46572604
13871782
21648731
52768641
2869346
21083200
44969812
3197853
37059545
31685322
994649
3216623
10454981
10236
10982594
5246983
46460495
3558310
6795600
3388502
44382509
1728122
4881262
1695035
56000450
12690257
1087745
57027
35221180
199035
11119390
9844735
15457845
1247901
25483202
36964950
21301483
4389080
993703
6232856
20245037
752040
45707964
48581239
1223424
1052135
641655
958052
40474939
3729249
1487249
14473878
15696593
9357617
1378166
42796605
42796767
42796599
42796911
13632416
782392
1013539
15598656
31036887
19017539
337542
527943
41257045
19151674
1623251
42368276
30533678
644528
15734720
32134118
40636711
1885672
25766740
307728
30699737
14139374
41399619
23692315
33524353
21305995
26825191
2025396
435063
45525318
20731486
1010814
3897595
4357120
22915254
23184451
17511951
2311336
6335518
27211708
32827330
27004596
11265546
4332851
2127374
12745090
2226899
18542393
417934
7424750
26798011
19591977
905145
6502992
15695242
43923886
26063832
47439608
41121740
4250783
283329
1656760
170898
29307224
11279606
5549155
49645610
53584725
24209073
5274765
26667808
2271084
3203629
100623
3452036
20304726
34432586
28103481
10146799
34289892
5728387
1707938
34045302
15682002
1833304
16017163
24703027
10176340
52340783
45052375
42032995
28825877
2661301
22021031
1277015
39094287
44349584
32845879
284283
57368395
53057447
29201362
351091
42173303
4352677
26245866
27461135
10457510
24148827
47639409
288276
9733745
1462876
7945684
26172259
19437485
31676840
504357
30882680
47003158
27546886
48444739
5813818
26522845
48589354
24200895
33109
20074281
23770249
34275747
2469123
33139
48404465
48404501
48404395
458499
4985613
38982174
35281629
19330337
469578
22713707
25683591
4724116
18039001
3517589
1904337
11856314
610789
12829835
3030181
1899829
23470390
20748299
49681
4696039
23872172
45274436
29123
1958462
5465589
5465644
23241698
5465574
54186633
10483232
6520028
7512482
18025074
17952329
853832
49726563
57078271
72717
2889648
12680566
46926920
2526582
1385766
25154746
4476270
39089943
698226
346755
25154802
1850719
7515
28192799
645139
6212365
889639
39348172
16702334
4842020
1331441
15967932
8742
1004008
202311
21766677
5510317
7082881
24007403
43071232
42325907
2897680
4880312
796657
47571988
24515769
464119
1025538
47369663
23219749
2112884
10438439
8612764
11270152
20250365
33768132
450307
1539290
2804505
31244175
20819040
34697893
2889751
31933815
5446251
36485231
294441
57535
30713569
17477796
13302227
4144848
55843137
11851855
5118075
911672
1955471
18328
24134105
15299080
10308920
1936537
30109665
558750
2575602
20590
1551981
8090717
1053030
18933632
2346998
2473220
30724333
17618735
2788896
26200279
33378172
12105194
4720390
2692616
57078309
21862082
182837
58121290
4522868
19391789
49236889
27847641
3011353
8280463
5007318
731287
496055
849986
8489018
232423
5662676
1201359
10022970
53847
39585214
18048026
22257394
13645056
19558680
7233280
20298912
29109
18922270
35520098
51445651
2755912
4916685
34821434
102392
3342061
247601
1707086
30334
12817496
30806
14934822
48794339
32169
15056340
2570284
3200382
12781902
35773358
18587056
25154733
15440345
20451641
33955
15998635
2778728
57444980
33900354
7753733
14027739
4103607
6610123
15034
2828572
1247612
9168065
2227943
54407907
12685352
29152434
29152426
23087437
4225178
41268341
59065590
23981191
17927
12737925
2386211
2738697
58635754
2634917
4638484
14734259
4467477
42755423
4249442
7260862
2634860
31798895
727607
2636072
2681863
39116526
42480453
2526537
1063946
3157457
2256109
11594091
4224978
34226901
5438948
2930391
54432
171318
4225058
233488
44942806
3771060
43808044
28801798
45049676
50773876
55817338
20890511
8190902
19463198
14003441
31877832
9732182
35867897
40973765
8529968
50211107
40678189
55075082
205393
50646178
1191936
44439173
53631046
8964665
17114678
22795783
3118600
6968451
4118276
847558
54550729
28255458
34042707
5767980
416612
787776
43385931
12386904
51112472
43169442
1422176
579867
12155912
54994687
45390860
10747995
213214
13750669
1455062
52003586
43218024
460689
8416103
14923880
21638340
1299404
46207323
36126852
38870173
34061548
313845
1222578
40254
4375576
55375136
32402755
54361643
5008963
173926
42579971
33762888
53279262
22589574
470314
48987892
5721283
2090057
41370976
54033657
28037054
10747879
48827727
25050663
23864530
33890474
31978226
35272263
523173
46963137
45378845
5721403
48777199
47937215
44628821
4615464
871681
33998310
49786340
2854828
938663
30928751
30909817
48841414
14082194
52242050
58175832
18475546
45627703
7309022
12656117
10748030
173332
56142183
23864280
2291650
11360852
34072838
6881120
21985449
30992863
9731945
24825162
8880387
41200806
41929726
14529261
57261507
37697003
43932548
926722
3290880
7517319
43269516
995455
14271782
50222574
2829632
29288159
38059657
405562
48813654
50227596
33886025
1579244
1053303
19667111
47845063
10704974
48844125
3119546
20926
406624
50828755
1514392
960361
3920550
47577902
5077439
19058043
22999791
37787103
233497
39945557
43502368
7578809
7187724
58864698
47527969
540801
20651606
42371992
33034640
35182952
262714
192355
634216
36502973
41856558
146062
50292266
938833
29360873
5229527
18902782
1109552
985619
29782518
21687295
22623404
26251183
24259380
15574908
28205830
12342665
473449
1974235
636268
29474849
1109117
47902284
53849136
47902724
17974229
26070855
27046624
29584036
23426266
28202716
38085950
398703
21936569
31630284
23807489
28203093
23527575
384081
26777830
29333286
23091750
22624307
8050090
43313116
3421983
35645796
17216
16810240
28599189
28191007
30526821
454127
26964342
19864201
32272909
42052294
13758099
2627106
46756310
855571
6533526
11338133
38040016
7092991
24064571
7474528
37580119
24615296
27046132
34363215
46355761
31424241
25609917
41710
36172868
24600749
56125056
18511772
12970258
762988
43611543
29835510
35843260
38272708
28204990
31147994
788649
38041292
53194499
57909171
49594059
295299
22815
54022970
57741272
48508507
2958015
55962927
21666977
9755539
52411579
16707204
55941593
1134562
6216
3951220
2712053
263636
56221934
8919856
433005
13659583
351887
46181931
404037
23569174
2685999
20044858
8434470
516138
2548050
31790538
40956547
5841092
566680
8839580
2911050
28394308
14509578
38365867
12953341
12953325
52318213
2468974
454351
21393064
25512652
1196709
9756006
53889803
43054485
58323186
295320
1804053
382535
632583
13744516
18036927
58829263
16712518
298926
30783354
21410069
30968392
316559
6151319
57739504
47749536
19301286
55086225
21109528
48208479
53606150
24310293
3777527
30738275
3011693
1998313
2922454
35253686
5522291
1562996
24021705
632498
6320384
11701105
1058864
14459292
3360396
12017224
48874465
34000257
52260686
684801
42624708
45340268
22598647
11172734
734323
33737411
46508944
41919563
37114382
3195170
14482528
54305107
5841495
32784701
47790413
1895100
26252750
38617753
507172
1624839
30180542
3725765
6341170
10371071
34866277
8170049
53803694
507167
42268508
16780646
1456705
56060911
2915052
28099363
13585
1660531
33538036
23494044
54036625
40587850
6937286
38968150
47694494
33915060
13428111
56643484
55509837
58710459
404404
51213339
11756331
2173843
558376
50568903
505550
54655067
37956528
44523926
2929332
7725958
9350485
3259263
45598197
399957
1661559
2726304
54398429
37921796
507174
32168948
56082554
1713373
3487029
22554075
8643390
16713196
8054179
25871366
2458028
4420730
32746998
42202721
1513732
5415830
1730539
57280459
36045295
18365276
294131
803273
45046258
18063544
41499519
24280993
15329773
2179138
28249611
54642877
33681418
25984
44727803
332887
9200424
10249220
18079508
23534873
494457
49051616
99991
51605297
11392973
591100
38567859
44359594
254150
31959476
5906926
23800476
38409512
9419181
31240897
11530218
2721613
465176
39444998
11007263
11928098
19639
33275304
298556
18686460
23859905
7895245
51876287
43516734
58710416
22119597
14844609
31413927
16907430
25277512
52785967
8016113
11651663
566666
41976229
5105162
10246907
16238637
48271598
44038279
2574684
5961729
11785271
699964
15800444
18752211
34373874
37617874
2718817
4316761
58011414
13186557
17114897
36026751
58721975
16882756
5589387
307669
2341984
6608281
51990887
4244882
46409033
566689
53755693
345247
405484
1368665
30485552
147079
1539591
49675317
52102308
3681642
26720753
39215970
7093162
9244935
37696196
17212387
3434143
8734826
385879
47086977
45159018
17651946
51097862
11050232
10435998
34260601
15360589
42547620
7990803
57684228
18252720
30420086
53750964
43836601
10949718
3538953
53912000
2039956
3487291
43029598
40855173
17039380
9052628
444286
12522883
509166
28396135
32747377
47351460
1094708
17453
58930839
16003
22751696
57850795
4793636
22461421
51529131
13154296
192786
492343
37336711
52469
54513670
9366901
44743346
33750574
7827419
65858
201155
51098008
52619100
47087483
7449800
25781
20903754
43065875
3518534
19148519
24684701
48805092
47796548
1367992
31976229
189749
44484413
53810462
508896
1006293
1673867
27792533
49944357
47133704
54982564
28928489
57834314
45533018
51925440
20756967
50952451
53815584
48834013
29843595
80579
8185763
37120802
8888500
54620481
1921364
44777146
49959510
57208444
38590885
3186372
395851
15046825
5670694
871903
45370555
40655539
34846522
184570
50485535
19637
24666570
57680367
1006597
2083415
57787119
57895391
21175462
49580171
14598828
2859356
56625587
7909383
10579736
51775967
46530282
360066
45515496
55013965
32985157
30878100
49548813
53382545
3034653
53534260
48508780
50493193
50393660
45185419
7278280
10640172
43921696
40417621
245926
50835878
21488059
9403552
31719313
50647426
57731485
54310332
55467476
53609258
57375524
41939036
40773258
48081904
49321811
42148003
56002175
58900
39129580
32678
266747
56830451
11005995
2938409
48049
11559431
2999200
6724915
3808074
2245058
3926040
7501487
14716135
713
37663509
57769929
56349200
46434772
43046621
48050589
57790317
58376884
58377656
5115708
43616041
48560508
22259308
50571328
42943542
7068605
55790714
39338990
58613266
47502544
2271744
1867853
2052570
15900338
25260147
44425089
9519016
37091
2645943
29749471
14996462
5006904
1568414
1254288
19451459
16795043
28037152
11451897
723435
3682165
51466000
55531461
56366274
51060375
43144075
53639024
39791384
56327946
42119832
50575063
36279735
55726033
44969076
42370155
53802682
43236335
26086272
17540116
50491264
21903944
56885536
4693639
4510677
46465898
305850
9081999
527621
8908590
1532719
3326075
2714979
56785877
1234327
47349395
33096342
8887731
27141248
3070571
2229040
2897576
1222568
55725219
2736877
7437547
23958572
57754824
17627465
49830146
5260477
43517179
47623626
26266844
6092601
3691953
8892368
20420396
1514696
27395879
6219184
9605764
20352269
14772851
26400591
933471
4941061
546075
2722089
2070605
3326018
312212
371724
1869181
36472550
2885828
3326019
49541331
1532897
41392416
32031819
10611951
671703
39080165
32231414
1780118
36542110
56840926
4267434
8475147
20768311
42005868
45093140
43017081
4262395
42126750
5282157
54630834
37803422
31012877
39336689
50031394
31762659
15464285
31971950
13825048
59022538
31938793
44591227
51589001
37128073
4018029
6342041
1645612
42288661
2906776
11807704
25121827
31232997
7250868
31272268
3095306
51610620
39828985
31434049
41169104
7536332
33490374
56814694
23962308
3224531
27357274
8378104
14860831
8283032
46421590
37555129
9384730
49996380
56606942
53861145
10452165
24513333
46926880
37573969
46237571
188514
41939736
32095077
31762632
54865193
33436022
55224434
56858918
51600728
3510994
17175342
488564
48435916
15718086
44646334
53578500
33533231
47334039
51477566
11502870
4421469
34976641
35067010
38180296
56850463
6700950
49720751
40922136
53736307
19407630
3361346
56832557
56788647
20955980
52791858
51728610
10454365
56886313
9668971
37654913
57832640
34898897
34226786
14855138
31905719
5816967
38417130
53954652
48666909
43561902
48330848
8313601
57322175
32273407
17842381
13799920
56866977
41892219
32067580
40890060
56056626
20775948
31369354
27682023
32082047
38463183
37801448
6701208
26480660
36965028
31949835
41238697
891719
50153265
9800360
35487183
56818296
54241212
2832996
11044858
46242051
11272394
12637665
7404655
31343485
42070098
41667121
9266866
40682954
58177156
45615673
55767622
12203075
53442558
58365797
34946346
31762695
53942105
41603161
51541500
35029877
9633115
37614809
55246147
34004588
19739045
56192600
50222999
54549919
36349623
49325999
23139461
29981183
64597
10525321
33817092
40853141
888839
2169417
14220236
40428711
58564825
140824
55698641
39150129
38916472
30944095
2384820
1276142
2321755
47404029
38244165
1727460
23369413
62902
53292762
1494699
30409396
645327
25221493
4486201
6077869
363405
6484627
40485987
45473
9638061
523629
16233
55188
20599429
26652278
21795432
30862391
44900581
26787467
22883917
15223770
275026
4405243
31933730
24986062
1135434
40501421
26851364
23014004
20338299
608385
61633
669379
949904
76989
22453344
1079825
2457986
25226433
54900921
822778
363695
36963994
41223765
58993378
28976910
52792035
43858552
10171509
33763102
12254238
7766542
1004679
351798
33554115
16499897
23534147
23085985
23065279
34328568
24393120
1606195
40693593
48760331
45704921
4067031
355968
21286323
48969961
9131931
13512486
33846430
34113938
33939070
33855225
38972404
43113590
36206349
42108562
7855941
34573822
37644682
24738960
18550361
14673667
32249541
45062456
38177907
23571544
32764157
25685037
14673841
5981805
20092843
21356135
20986106
4560156
55208562
21537420
31754666
10515321
33701090
31696844
55709766
58381580
28067732
36460823
53605320
49349799
8166471
22571832
21957823
33776114
33061470
46866764
19719222
789513
2547545
28084571
172331
26334770
34048151
2572627
49736839
37408636
142181
34926734
4695949
1686162
393024
29717355
25829369
31656862
11979083
31190289
33676586
30367004
31521569
47770094
30351511
321017
30594071
30558194
28353714
30351571
4529730
2615897
34238010
33354896
30351741
30351807
6198887
30509110
30351926
30351997
34296445
30352058
42556508
40729272
41460828
42516407
32438172
31213240
30341060
24539130
11127802
8894516
6331838
4400671
2611971
4017855
56266699
33836207
36752461
6948407
9774017
30353393
25587651
54136366
34237890
30352425
34591824
30352655
42621431
42334151
5167749
1904560
30355579
30353100
41578185
34472859
30355852
21044331
12799573
49931550
30356318
53207054
49406871
30356480
29139001
50396981
30356622
42870384
34285494
4336475
29260274
30357527
10468561
30594108
58624580
30367053
31776812
42152905
30357670
17460357
42784181
37587527
42564011
30870527
30357748
19484382
30367108
17077434
30357807
30357017
34506014
30625026
21423678
31306433
28646010
34610793
42621313
31836218
34261699
14246962
8379426
31490462
15703283
40120397
30594153
31843792
31861003
16569621
34238073
37818751
34525276
27655539
1494572
18224909
31667837
30368248
25389677
46228653
33259131
7705107
12110212
13401676
34248153
8643269
31686934
3408731
31500839
23217758
58624914
30597895
8894085
30368310
30894361
12500953
31566839
42402409
34318849
32069686
7637122
29997851
2140955
2039930
34463090
559212
17421690
44172431
23574024
9384649
36531538
15422907
24536860
30894489
45254767
30894628
40941398
3658772
56664371
31944352
236382
2025236
9319304
37189654
31135571
11886605
42620834
13529591
30370790
31581926
30894898
31591427
31375770
21177423
617565
23167397
44248347
1454791
24947798
34237939
28818090
22811332
30370937
33608087
30371021
38008898
31467742
37777717
3730302
49547384
36235915
38937162
33373383
30371632
30962461
24154230
34534222
52926103
31696937
31058611
44048160
15396145
34333919
39260666
36719330
4845750
34861007
30962412
30387760
31622034
31522508
2729741
31359711
30387825
9543833
23666004
22228777
20067117
32693079
813041
19983315
38950795
30626395
4331282
31058693
35528425
33148486
30387876
30387975
31368314
153625
31638460
3971631
6310320
42563034
31707910
30390174
31376299
32506539
32088843
24127822
5115139
37696401
31202359
31312165
27502382
31113866
13966153
27419564
34244592
30339439
1076794
240749
57858427
457314
11395514
31237981
12040494
45133899
42438471
42439027
42629847
8894344
42881025
49398834
52439884
30390244
30407569
12069437
14665670
42152730
29478930
34307566
34655097
27947144
34545969
29260113
31221913
55933737
34264410
31228650
52644622
31481256
50968824
34818172
54745612
40440471
10432703
25347681
35554502
6870552
49985563
9936590
22159049
34268579
2152233
22133704
31849528
14317476
7404657
42601161
21316635
4556075
16264786
31179919
30407653
33158058
31479217
34275630
19062032
34557525
30423565
14276296
31388519
29703307
7360758
670449
31515051
8453546
31534096
30423702
19332780
15455702
31367370
31367643
41761960
48651686
30443699
40091615
31588891
22207814
31644748
30443797
28811429
31715199
18390738
14072833
31070840
15876380
50797168
10069467
31405592
3661251
56892605
43256975
39667171
31209274
31550360
8721272
17443233
31333144
31343258
34301374
31542617
47675330
35840461
12424857
2004504
9110812
29542340
30339099
31252208
32634940
30483254
31574079
31352623
49253220
42022633
42620325
42557500
23661823
13431106
42516350
34570451
34581378
31058755
4656324
31720794
11091040
31500459
102505
4851393
1917790
21833029
16784415
41113716
31361681
20086199
42869273
28741637
17256787
30483590
31574036
31322683
2863723
503009
2775325
23559523
2151162
4476720
30338824
42630847
30483675
31143592
34138058
15179244
31735999
30483900
31113949
31752262
31264501
38380224
42471468
30486071
9807237
31816207
48254723
34778599
31406901
31368505
30486329
34275662
7281961
34244650
34628742
32493845
33142482
31713909
42621210
34138240
42639281
35351239
43025534
31099283
34315950
34344325
18555843
30486437
31765630
31100841
31286519
31525679
30492980
21194600
746131
31509744
23256725
42879159
31479031
30493924
35548424
30495023
41328412
30493979
31126328
32616043
31413530
31827826
30494769
30494874
36866058
31419480
33178845
34344052
31580371
14346033
31420222
30494953
6154480
4344507
31295789
31102847
36390145
30497807
24517676
30497848
1411876
11713103
31172772
1664428
30498055
30498118
30498206
31953479
21057112
30498283
17742682
41997351
18571946
31558100
40161223
14771927
48894400
16725900
167570
662399
7992500
7992786
5655436
31182986
16276793
5624034
1666393
10106544
27976434
26675842
18589852
13904451
4007073
54822651
9003300
10021126
10615177
21728703
3208464
4264274
2029743
17329587
35260696
18812368
24114862
31446938
10969277
4762114
21723923
17339449
7655284
25870519
21659403
16022328
7020766
18844051
16019737
2140843
21777359
3634262
38567205
52547912
46798538
40277479
51755569
54456965
51887672
24219329
41864098
27353323
51016820
41077350
38699400
20500703
477510
56920215
7972488
14812859
5168909
18314899
41827467
1053858
61087
52139631
53076456
19268700
1029211
53368771
4062934
13693008
55172
54246896
14568444
41909058
54112223
38036756
10298849
43779002
1493799
18367005
1459562
27989492
19905589
14071922
18041561
5798582
49989377
31721695
8514295
40776749
2056296
9173111
53480349
21669631
11640669
18005103
1673941
13079437
23487367
1493534
50140110
20855686
32144185
7597331
44002665
7667435
36451820
29499913
33153324
32536445
32088983
27659167
9257247
24017391
32103617
28083858
52344551
559871
14759577
37688819
57220407
17514197
31732643
23498666
6718278
917460
9624797
23962
58785787
6220391
58251464
12752899
27357578
5082160
52791986
11287648
19307743
10593560
27905354
10155758
4648152
1322877
6682
5376
14044428
584238
48975
56206718
1694221
1019118
16591429
48719972
827027
11143173
37237272
711718
3819211
5121807
526719
2722642
35703931
29818324
24242584
48849871
2316934
38905381
14161673
142431
56750304
25372452
33485748
34044045
30641870
1226339
10954379
44163266
1301827
827016
1454659
19879147
6022892
2388260
31490211
1130020
58256225
30761750
16970848
49737543
38914982
250001
149544
11200776
20611
1034339
56011855
8891109
7857636
57561448
948183
24454
352783
11000831
9738540
9676678
49516442
52821211
3657198
10678543
149326
35480371
53850852
2939279
310091
2733403
21312140
28080823
4580826
25065690
3066455
1442624
16717893
2438185
11512614
36356112
10444691
25115605
29070710
1006006
28937711
50353073
10715835
3223867
331755
53243664
4818257
7625755
38889813
42015757
998826
36619793
23414619
18468924
34298261
22497840
23453202
28888693
7680066
33710886
7362208
32899106
8283256
19658334
9446878
41622399
6093702
18220906
10619115
38670665
5431214
55614105
2383871
559858
3271984
52292152
34297450
559864
6792870
559868
528035
24188856
13543277
10512032
4604270
35585549
40687519
1976990
6732326
40316945
27996198
18960922
22405720
10921962
10815020
48719003
16725707
6793394
16887386
53345922
24762731
3678414
12317108
42428120
49168382
9162441
56632242
1009996
24666773
40289067
17385860
10504988
14025089
8167185
7637273
51010708
4613989
35586688
8271861
32672803
35604559
18089057
24064987
39982437
15302338
35881441
22411300
19535600
21219170
35000074
24312944
34857133
6793237
5933882
4328138
42639996
16265386
27106950
58885019
34150484
36963921
32845880
49067317
15308316
5806900
26310206
20935181
6793476
10788804
2786646
10788796
5460248
28986579
42244215
37621565
27332303
8011876
26855686
12932629
47790450
13454849
6793518
24533010
20057286
25474825
28242998
21842199
42428163
46581687
41289140
26578372
22360187
22359140
4500351
31134176
47268817
38327135
43325101
17902971
23240057
44227105
7672374
2592262
20569894
39828207
42173089
4901423
4060773
52182319
25454587
7137420
19905369
32922845
1624638
42564019
3255539
37561040
24896302
1319366
5278545
2572130
34494696
25130540
2688736
19753303
11040776
56418106
16829133
21090267
3954457
11512477
22369901
15286364
5876172
4344633
37208966
7663689
22210763
34043592
39768986
7633054
9804129
18037452
27318531
5269034
19506355
9107270
44251626
14071714
15302691
17859432
475160
4343822
35224853
35742703
36984479
7842233
4630125
11448262
11913227
20987851
10837310
415016
17729026
53354629
511626
47378095
50314793
40054681
56953827
8531172
40341221
42318629
53010729
20219
13590511
25615280
46531324
36709000
19179678
1357514
25207831
9801523
11946749
19343278
51616822
33835047
47757024
11330015
2147251
49545883
31562046
24455791
47378041
6390798
42224368
40057861
23402198
50348837
3984531
26923837
8442947
30857625
13688008
3833945
5629357
3984582
10699183
4145462
55385726
55384330
55384092
8283124
55385240
4152068
10721581
10721560
10685970
10685957
10738720
4147017
4145940
15806009
17795928
8133422
10756580
4432006
39553764
29382751
21389230
17669540
4566237
56740330
1443736
8006403
56741625
944836
56712560
8884289
56706134
56715527
9990573
56714207
56714717
12362477
56705546
56705759
56739222
56714627
56705662
56715294
394903
56705709
56705735
35102518
9737725
345663
56715412
8390006
56715307
40472708
56714455
1684429
56715277
56715850
358612
18251934
44972056
8426625
4802
47384181
14450419
50738337
42963136
42963378
32154505
113721
49544527
51886508
2175118
42251979
203082
1678438
113724
5839083
8448988
9480835
33889209
22144176
5758007
14414517
45383
507872
19067707
3447716
54991096
54991094
14669196
216232
191827
413885
31599569
57752567
5568223
206272
2334488
9322003
171118
197049
14714328
198842
47588024
31600854
5046563
35779499
8707733
343001
42668554
26728680
21357153
13366494
2395906
26949917
17964814
12644763
69147
11290032
39907043
13769036
605721
2395338
5133982
48593539
1786938
21735863
3758628
17907638
54048
2584198
57175794
29001609
203115
43456354
4114511
12183142
46266831
216861
47492
58685900
55175
36995466
32733635
31377414
344974
87410
2161236
29162655
18955999
25418827
14999741
36394269
52008040
58458383
47057320
22793769
1461142
17554500
22296674
11090
24519591
48962287
53839626
24763960
29224451
1751486
31099545
37698019
52745530
4479734
54010164
24708443
19348382
4068993
32081139
15459948
56003550
52634071
24544
11517153
11516862
4442955
19029446
29393471
26196283
30826416
4189127
198843
30826932
31837733
10930438
50247503
13438665
39314888
37565754
16455654
9394749
43999657
29824
30999091
4371558
10991523
521248
931370
35300839
57617473
34890518
49850723
11516911
180210
201208
579976
201212
1914921
26925427
201211
797966
45393
45394
201214
180223
10496506
30863105
7331062
222349
157139
991666
3503207
55359
315021
38920422
1103630
1081527
50318
863945
478091
1876018
41640129
35534084
35969944
12041027
7403047
1426430
36417265
741729
11662828
1251637
5375
13348166
71880
6150122
10220287
27656285
20419484
48361
351656
13959310
15974212
36254678
11686565
2826958
12567516
28771756
1870398
7405398
265595
376521
150179
27284843
2106612
49325169
2960822
517360
508557
7595584
48219521
648077
47512065
2860299
594140
2245722
20149046
17373153
23003745
639245
29030779
29030725
10228077
246052
7147837
9892285
435795
44318410
43146007
3469713
7389545
1780609
40364810
1148376
47441615
56236274
1444165
17999461
11460830
30035631
31508724
143120
18120543
485323
496730
9852997
249613
170350
1225918
19792392
32833685
349628
560047
50048
569881
50049
31302
456161
23962701
18676889
13728473
30684
14706488
190871
2235747
35240537
50231576
2950949
1417231
46474403
1406260
6229214
42890663
37785632
21157258
15928428
33825345
6865721
3047884
3185540
1411416
32605213
9536083
1052701
28054386
8699
43045936
3311399
31332189
51459657
43004238
19261726
20510323
7749021
3097595
41456558
58342337
22992603
14499993
166178
35566739
36346611
51260572
621163
18852926
23962884
28389679
44000453
9527250
45544700
41304482
29836013
967604
51386599
1491462
2583545
5418449
36244509
727334
43002479
25686979
6712013
38853982
33724912
40394645
20797
39048902
23327774
15496956
3769893
52316503
15343629
30861449
3447357
883885
58877133
465953
4768400
25464184
4506261
46893841
54001388
56715167
22481223
17474607
46861980
42897194
55656407
582311
32957522
1754820
13406419
30887890
28054393
42925315
42127015
33551951
11004277
13315090
6890356
19988207
39336831
34330145
51286237
25175562
1339871
21179678
4859854
302103
1194146
6774137
31133688
304198
167489
23192613
2795715
3274944
48785820
50113632
16932399
23167508
61889
23408957
169365
5289369
4614696
8842700
57414094
19883982
1031215
1031239
1031462
100643
360926
17133396
14067673
17132502
46668824
17132096
17131878
18079400
730173
12676927
23889091
168039
31352021
3995236
2582609
41903803
22845121
17132611
20519590
11689633
17511133
55764331
17097510
29216762
52296091
13830874
12844947
18436744
3133314
28902132
13979602
449955
16713200
17133359
12972835
17131955
17132402
34147593
8533216
17371072
38266275
47758144
25366391
10211510
17080013
20563671
53616523
16785728
9783690
17511304
18193060
42187404
5131822
2166557
396498
17506948
49966094
54028369
5441003
91161
44236848
24046190
18079217
3035801
18192884
17132030
47624922
17089256
25216548
18365083
34505584
18097497
17132787
65425
41548424
12917041
31295066
17119379
22323510
30309352
48662306
17097365
17089133
6782528
18193125
51012845
16730681
582075
3719568
7697741
58009999
17132187
32791926
2233179
1904228
18364946
17170770
48635545
20624916
10948495
24416039
19649237
5693
48433246
31389801
41546828
56332137
5612520
18079073
39374409
23188556
25801354
7095073
9809495
17133315
25004404
31405424
24511708
2600214
63185
40331164
25085241
31327578
17132682
46713170
17511413
47354704
155562
554087
44031786
32878285
5812333
40885
217628
100638
3868817
266043
1383899
2017203
158067
1697331
871280
564756
22376472
6768984
66256
13675124
213354
383703
15175696
1261170
3285313
548156
19079798
545863
552466
7011
54426651
739588
31398769
5589929
2473812
15497991
44789336
22148690
30608525
22965361
40957
4521890
31211416
14437519
1174172
274816
29572828
32986709
10107406
45060803
29006979
2091393
20723955
44993448
22027854
13232165
15723416
13418907
22690961
40578121
7333367
13726331
21384653
47403
45402495
5298349
265421
38604479
3122018
9733872
13337318
13370236
51813998
48870256
17054905
37651645
29129698
44508450
15291863
1990919
28014737
22982978
286550
62437
8852251
13342572
21534694
51234170
9523459
42906494
11977151
22618474
12953353
292906
26198824
56077156
2124436
381538
25407
474936
16577694
23431648
23619112
19539839
6592626
3304717
1044685
26914142
17253501
40065111
40986
10280692
16627059
3574564
19216160
23434533
173371
443101
53959215
17689707
16511286
320733
11151120
570140
43759333
32683147
2017311
9975
5036132
9335905
44529150
18213479
1866778
4882496
41586
17720463
237170
19202623
2017338
22386942
3984833
27080285
1988157
14621035
267637
41749
33136216
3409888
8702775
51846003
38157205
2821366
3359147
18207705
18305300
3877767
39711468
35474299
16697083
2110756
525234
23537962
16696745
20376711
20500066
20879499
362565
51357884
16684054
5971657
41790415
347128
35234808
15983843
22079394
50975757
125297
15561336
48201742
730585
5987577
18409176
5346611
831689
17687949
15983837
22087585
1271415
52759748
17076044
17133458
42238159
43623378
44089226
11284966
5493795
14469299
30667415
1145733
39653069
46990115
4024
4184621
4088765
6172616
28844639
1441435
1273491
22615385
3948604
17510593
548173
13119919
6267642
4021739
48606512
40735675
3652079
352267
363360
24738627
1273629
7726067
18436210
26078323
55100201
28842205
3949356
40307
13307983
1705432
640249
1724748
2057699
2515807
28819485
34073749
38951684
1125883
6275730
30011459
3063552
31146
10058495
41968
10087500
11524497
1972332
635926
1301093
20002862
40237498
3237201
13725281
5744061
301504
2991580
2945778
504105
9755509
57824
3462862
510791
36025291
9092040
510995
3576010
3044780
4740896
751106
984524
4741593
23044987
8087746
511014
51394776
41145357
403396
171323
730437
732873
2274780
8733398
893668
53802984
40862351
1592486
29675785
47579630
2999259
547949
45312411
35099585
710166
3999072
732729
971922
49333
35009581
1311951
48258936
45087456
34238291
6937513
1631852
23355975
1500618
3919296
13987523
2288777
34980847
511043
1589192
2426628
38137115
37828181
804737
41319204
17996242
11838661
1608493
34952656
34990211
37839610
526636
12865068
12864994
20666057
3297512
221319
6256328
511197
20757836
673294
39475162
474880
27988760
410804
54910567
47984814
547910
27899682
903376
37473881
24024923
38452770
6148441
549136
34989921
6148418
1415118
17644927
889591
10271359
860010
1805135
4108478
34952466
52609408
23469564
691626
31790142
855980
34980327
193583
34987468
905646
792644
3055274
8810311
185307
547857
171079
24679939
23503136
1041023
32128954
14611039
34988078
34987714
14295551
9445847
4724667
2326978
2019798
35480438
4740425
7224456
11992699
33819970
511292
4723495
3080323
1938323
649382
548265
2177036
868863
903460
903029
4595966
9468719
520196
37478104
10614570
1301785
240863
299609
542885
1706965
34981918
1360950
40758039
476228
1051310
34383484
34987291
914908
889659
12864899
34952830
32819893
889172
356999
2063902
232445
36681001
42526076
4302134
35073980
511068
905684
54299694
29406164
4039440
54135531
9769425
903495
473321
3469049
4713918
3192289
4587233
102913
57231221
1745325
8921111
34307401
35530574
520237
44597344
19678111
903481
54724614
25725314
386062
38106941
889570
764348
4741644
52687491
1194118
4751128
10252066
736803
32340068
12516446
3584420
27889285
31625611
47732427
36678615
43621346
860895
27834453
224136
3223960
491556
89425
747370
2610129
32718
28258023
1912480
9314187
5502412
35619169
23309349
29782195
1937216
6026198
11571904
8100167
66012
25409684
7529001
4185466
10052718
43434911
466277
4392266
2539764
35632111
43566255
3025488
12921821
26135174
41213698
38917817
49501304
32376387
50533194
6795836
40775160
42562023
21011554
7454610
26207745
43008277
53183931
45520617
25876214
40632284
42493517
13987034
57497955
57835773
40498852
23145473
48420680
39191409
25038236
40506036
26571
4985195
12177566
25445012
58099778
240265
26207972
40587579
3595675
480148
2240337
30431281
1071972
3313162
19445634
896230
24550476
16333
45124645
8839922
55836838
935621
30203084
44687977
41233307
34774376
240092
40497867
40532314
1331883
34709225
19361934
58957316
20692391
3188859
30545778
17350023
101174
54668019
1535580
29576793
15685143
50444548
23534175
40775074
30200213
9585039
17913232
46781813
40489276
54483682
40496802
40514674
4377867
188098
40739280
1239430
32818593
26207587
45147577
6037357
1565926
15542628
14527587
48673896
35645453
13888357
16619845
31722662
1040970
22856967
581124
27250866
10384312
1908618
24533109
36687154
40703875
19328945
22884398
342602
17905
48758386
17198996
1536976
979528
3711849
2882813
160379
400010
39414235
2666268
39284847
42093767
8301951
1887212
8214401
16811057
30694795
6430592
20692327
4346343
466281
20194553
14274642
5854058
14274597
49991342
17421850
20484367
48673817
20155525
438469
3118432
3404894
54246984
5483916
43077497
16728089
17824450
259105
2649330
9269164
3190822
1508682
1064136
54248584
1509837
16722187
31700716
14427248
28544909
14528980
47978056
16390859
4229682
23602339
6872931
53760685
27955230
15560341
7425812
3933682
5516230
1166251
39119352
19668171
79099
20412
39131872
26288031
22734132
14702174
27102101
6250485
27063920
5375588
1809002
10794149
49024
7598359
42541094
20484241
4907628
28931489
35701292
28303468
56474056
4229805
24339475
26982628
25436465
12135521
3709199
7851126
3184670
18189520
4900209
46701015
4858526
30123945
12634266
10263082
14307142
22288560
310015
16637050
27618564
3125005
29320010
64750
6219357
1799268
44583483
3423275
40406527
2411757
27438387
6512314
1530548
494528
30724380
1008853
13572167
44507974
140586
376699
13826750
9725389
57408699
4426773
32680774
19905196
6528823
581974
1951390
1933143
38420593
39035048
33093747
7160638
209074
1848947
2058228
3512103
32042728
43794390
26413136
2640437
2948529
17015457
44793192
16372307
5478450
51147036
1559221
47170748
9250822
36323189
35715808
1060031
46886146
50527507
7710218
18733283
11669
616743
444515
2301427
21688752
365531
22086100
10372077
255952
838287
2726175
38762347
39179516
39179510
22267941
254408
51034274
48648114
580167
52570857
16360989
37781864
585571
31209624
14791367
45068
37231770
1710381
3739375
873811
13299604
84766
13805160
29336
47167310
58439
567555
53238041
34038
51725104
35717039
564004
1252846
4774780
19116785
51752859
51724747
11090262
3257382
15188440
2498388
3503917
2903519
3745620
2868477
36464197
248945
969200
5585856
3537658
2341182
4452117
4452059
4974479
4452080
37705971
59153
3686161
4912832
981746
25438007
4505726
37705688
91420
147460
43839113
37703576
7792761
18153
4089175
301472
29557417
3832714
1011332
1557562
29388
19145299
10593264
212390
1693123
17147358
7954712
76174
25016871
37701611
641073
37702563
352085
402929
24136891
8611414
75624
2148682
70097
648096
4569165
952277
42028743
7955869
3242663
81251
38499322
49200527
4345113
459474
51905215
55831248
3631345
33852973
264540
1635801
279688
3537993
238867
10930422
22095269
564276
41123
17066929
31733681
484117
1296785
1712290
8052388
26976028
13569934
172566
35656630
35457560
41662744
41869
1085643
44374551
35402084
39293242
236105
2167401
33593580
48936369
1899780
4257548
5036
2296426
6205
1467815
6962225
41341441
18010343
331325
302210
2231589
1812809
31075298
9296426
47412478
321869
1882219
18529696
27240507
40779
800010
9898864
6948409
37834267
74361
9733327
35573062
1134659
39266470
6946171
8975663
49348672
40901
39275268
19199143
17579850
4706825
1940782
36017008
54093847
1864548
27233224
1864484
1146188
4706915
31667930
30059275
49336890
35678144
32969421
3410547
35690430
6133005
1882350
1882683
46588845
21820090
2722325
35687516
31694741
7428961
1879428
41226
41227
22649319
4566542
1127884
8712675
10328101
3810102
18557138
1471798
17766039
41317
1866743
12044399
22354099
516393
2172840
18540412
5411727
17193739
1145820
7816625
22092656
10557570
35709754
3808674
38104403
16259862
66193
18656843
3547060
14433598
35083145
3340191
6083265
45600
3473949
23632960
49336913
1874173
21975332
22821969
18555762
15869259
8722775
2382632
3070794
1481185
236041
7280707
41918550
15389789
1504233
8013
2179467
31558411
41549797
24288199
1552730
2224558
167042
40351757
27097442
8145549
57830817
2937023
47766
185669
1474524
37005552
40980
40991
8681
8590317
17174890
3524206
26077095
1725321
7687846
27101692
18209
18208
2784344
1039739
19673
18564509
11450765
2803310
1130951
48186564
6507929
37153595
6243353
25454284
981723
1583471
13987966
1888029
54588917
23660201
26436686
1190670
11676290
1779239
19376824
2522009
1206206
39137915
49223421
46182
147399
1691485
25208365
320283
37903530
37903608
3979287
3944439
25208477
23687072
1156527
13464844
31422963
7252232
10901372
922505
5895822
7052485
690512
34073649
5275277
1735250
46680
3325140
3046323
20251284
910967
467527
3108937
54810178
1813193
47803999
23792580
361356
16846849
4631023
50774822
201718
5463978
39563860
24436577
10375
29145018
31689012
13574846
40726
8846521
514832
344971
49478913
637510
575641
51386092
486938
3375856
5035864
42763530
40962
50854779
1203002
3029829
30991801
3575656
25125998
38878902
6310904
17306295
38878679
4237207
950444
22309853
6765815
13090363
595428
41167
9292749
1740187
367753
41224
38063451
13790
2497149
13967110
3546973
14745373
36688807
1232914
31142742
37447
8834843
24525188
21789602
41334
582440
3372509
18443992
12464813
2497388
46671693
567523
22996699
194467
101219
41496
28123952
5082625
5880700
29915274
39893
1740222
25258521
42381647
30474423
1850040
3772500
23087350
23050886
543288
1088971
41760
27274503
41820
8950361
497535
4766949
228015
1653015
31694592
487312
488687
1162266
13008077
32837727
1988182
21338685
13521210
3072406
33494433
24341057
30860415
47674352
13791173
18675605
48539749
1188659
10265773
11517321
27384375
1147236
502426
2814867
47277561
36631161
52651586
47697827
305846
5361236
16911228
31132305
3368612
23119033
36459063
3992949
11150457
4672881
3586063
2311141
40794
16660654
2207435
9502948
31594026
8167770
30353647
30872873
18993948
36720661
5689932
26745454
22797979
48463935
5276122
13192453
10283
30277300
309470
1619428
38793815
5724671
21463296
5582803
12128586
33333202
14778169
7371204
35685456
1952952
23213740
924298
4544913
12665463
29666505
14893821
38600726
49447046
3346954
430522
38050347
4673694
296220
39922379
7930848
8881211
27446088
9538835
13898857
225801
5302809
39321174
78768
25315
1112827
31989670
986684
13193693
37194181
19251942
39053924
2224199
35087310
889746
8178484
17621644
1723471
37540777
2584128
21527187
5434576
1107299
34157204
1585444
242669
18945181
5658266
3396114
12421473
24046905
57028478
4080
55201277
53865181
9448373
8729
25523
54133307
53640241
11518586
57077997
537479
51647821
55569888
55409066
14461309
49837457
55836870
55194325
55193623
28676005
892803
55351593
54511709
2137644
38602386
54452801
25280
25284
55836896
1729951
56073671
5045759
48710592
36750998
9130703
35457722
908081
36435766
4839651
4141476
5687865
978611
42610902
20191641
8565423
2420567
3793084
1013550
44433870
31447713
7926008
25274
6011769
5993806
22055912
5582812
6057493
35457501
4141655
28021681
57625144
15292063
8966592
406427
53932
49270083
2203756
6782835
7276069
406418
5730990
26837387
22049756
1004743
45040494
19518308
9701718
408354
58300092
29753359
9809306
21473801
42232886
18075548
4077
3364
3365
53681133
14832328
40994
49386267
8168684
49387042
41082
41088
756604
9756
756640
147002
4368831
41172
756623
147000
442674
12570
1288483
41465880
49387049
44065465
2993946
10522390
756615
149755
17152
16794
15525006
756616
60727
376259
19918
3070481
21150
4240997
49387063
45599001
43734
756634
414807
756595
23980
49387064
45687655
41465868
2349863
50627334
756630
147001
756591
30657
15950012
1313617
1613344
756650
2718218
756610
34278
756644
3037719
756606
34457
8042940
27961040
28748406
354285
33622470
356213
35559393
2113603
308
11060447
42106597
1498176
3661969
201112
1086599
42563586
36444845
38025629
2027044
159901
1710903
3132981
26625068
56288945
1866981
54707982
1022909
36608591
9593149
35176618
56288965
22198560
8144928
2078853
19013759
1484498
6117
37932680
2023769
24050838
56454596
41825480
298404
33569179
1996191
1014272
977773
3050504
41127929
14071680
228662
33792013
56058699
8143204
34113634
31563512
12250
166969
3702870
7963
379833
177633
17637
1403190
17636
1252308
18900
18901
591394
18154
37852490
12374236
6395956
3175
928
10591072
24713479
515096
358276
1409006
3885297
55671
913118
7750539
7964
1618182
21899301
15895296
14222722
216186
39095
294056
36188092
58617
11344
13216
369116
314743
89532
630398
1930406
317465
20110824
2892645
1001299
15014170
1432410
7946248
2451238
37531624
3331706
3986852
742665
164226
169319
51783272
1082108
6415906
24390
12676959
3792982
780566
1180739
1203576
1965727
23706
1137736
229146
42446
20110874
188496
25948756
3775601
23401166
28510
29107
26691
246918
26819
1126522
17642768
28870339
314383
35998858
10886610
29920
10593425
161711
40758290
454085
3741564
21304742
2052891
24709966
38788309
41083749
555979
1058899
20426483
641055
2952353
1530689
11588956
3064022
530256
881233
6879220
24340653
70432
1201306
162791
105979
1844527
470843
1255277
4519053
31528719
11964
53403353
401937
255989
19310677
230946
11358084
899881
2533750
1710974
369040
7536395
853189
356041
10178819
37403202
384893
3564042
5314188
398416
47353
53992656
147930
81250
6501070
2384021
12192781
996630
12155645
12310990
18595129
1586182
10177813
18930
2448457
45635
603325
406281
33426
42271443
2334511
1468207
4110028
2286327
38103316
38871977
58862721
53986
2175085
59160
44959719
7870034
52385740
41099486
11846110
49460
21738956
23686234
1893748
49134911
1280290
3698082
36595472
202693
2010784
21937059
38521219
26117670
2015980
1034227
1978133
17262516
52409583
18993000
24382128
1978752
5258600
9938473
305064
1426957
21391406
1219340
30159410
1625306
59941
1884117
499019
13711455
2736329
5611579
8113381
44946754
2134047
491442
1691461
49255803
202690
1569373
1504912
71130
5395098
32122937
52318693
52346591
21936829
239143
1692652
347543
910746
761896
7163882
4411559
35798803
1977859
25768217
1166402
17242876
19002397
3291133
1450110
32000609
1692809
28357868
24860178
644374
28359539
1692779
1692819
19636
155414
346167
19858
183478
27553
58961527
28877379
31474975
23914319
2848519
24497678
24497685
30639232
17971241
12923821
55539147
922464
31561049
43951170
1178398
930306
621215
10086335
31271451
2101754
3711326
75807
8556497
3941020
275768
2056790
154163
8846283
21452705
348969
23914313
24497698
24497705
21278889
9672
212115
90446
33522862
3435716
12219849
404456
19509
3690584
3729927
2445607
169358
43571557
46944668
617121
207790
24708433
43269014
58863
2011627
30709197
7731831
12274200
29549852
607286
3667142
3486002
240790
160990
990454
54457435
911960
3606300
1050125
660651
25129404
6625296
7510462
693002
283850
169324
3647249
5989279
49925141
902801
38329935
375380
387934
14650395
36202984
40764984
412014
32123297
25005
47261948
82285
3710507
9142932
81094
57253540
663426
4363670
326365
12761741
19460821
15373114
29972293
22032894
54624511
31308010
571280
211399
29391369
4055928
734854
325637
2648614
51432
73634
43302756
1063436
583785
4495335
24885593
2216678
19374379
604707
3739933
296838
3192556
47037875
616985
12859904
4135768
591359
31631871
26233251
45505899
1635110
1974007
630478
1601765
769022
169262
22832845
579675
40203396
26267678
55033847
333365
1579841
7201629
421085
45465190
5017608
9447566
185076
2682908
12413580
412909
26624799
27388899
27248353
27389289
2129012
1351034
41500588
46099
2062142
1172067
5102797
37797
19186769
29465119
37391
231687
37954
304939
6679056
5163440
22910426
3770438
13529329
68038
313944
744504
22701997
4614488
14882500
13923102
1343980
19759799
25273305
22910171
7316682
3637937
8561592
33900852
3657365
6767623
7974249
4100885
4101113
4102640
21173
52802813
26691851
19956329
3206883
5454132
177456
2241374
910505
61032
46800280
655974
244755
3952561
25718122
7453251
28602623
30062
5868245
3063695
37845457
900125
57987
295750
5853244
13804375
41098761
32013988
33833
1790730
295748
101595
27984780
28798519
25396396
7428585
14429995
1555644
13740536
30284559
5181230
15046915
8751011
2397591
38942692
2191607
2174884
28616101
1136224
7226822
54329799
5068075
7428958
7428692
9050887
2174531
4599624
27955508
25179537
2592190
18562840
2068275
7428281
2062017
3853870
21966926
23115223
900804
7429086
16485249
2970467
273102
2598858
20279831
2674109
1145989
2203332
3260079
17188964
52079043
231150
2306093
2912292
2981306
56108853
2295107
1434646
1250369
4601204
9308202
17428394
19216264
1825228
271805
3160029
1796450
29535317
37611846
599012
1043159
2616988
1927387
25619111
25971
299252
16122539
43436810
2702687
4900280
3146797
2627571
53953
1387899
7429642
29402723
1365807
6439275
8444301
51139326
11066851
27984974
13923067
32866634
691279
2789901
948332
28496843
4579824
14031195
2999842
29181225
18291960
18331577
54011115
465375
24309196
823236
11659697
2054776
7430215
30876978
60459
21196956
2494366
13018310
170333
20638729
12065590
9376281
44542926
35939862
43376126
228776
393736
22327994
298235
4269214
53504025
637990
45418224
27079770
14050778
397689
47392247
1730517
882424
22820638
1740474
4392514
29838362
25844047
63753
10822467
25163261
7134671
6182483
327587
38663316
43812146
20105205
8848406
3932694
49901
4658359
55442989
49571
16807880
31338378
58853621
1792433
30875775
1791332
484778
30284
27577
19441269
735143
22500082
44373412
43646337
25990918
49298418
12198076
735233
693233
478094
981426
804755
235543
7972835
226773
39061
3529933
5492505
4278647
245298
31581773
52341205
1250632
26826023
14763077
6543001
804778
4307268
735324
11879491
1684615
2933234
2150531
1250664
26511200
52388162
6233627
12979890
2166801
706028
705934
33907942
34632680
21870381
3934566
705921
522936
733365
31141521
2961091
4725226
19349240
760848
2002370
705983
706018
621176
1380764
155942
16075754
22097838
239497
23565196
4190174
37006986
11880982
28161989
56944950
706004
32501004
1018197
693185
11233252
5809298
911820
8006711
265263
22445317
1595373
673094
14103937
465244
931381
921927
618119
27881045
3733963
34770456
26617693
23454734
1007660
2129527
24313929
693240
705979
2372007
37055344
1200277
4807326
43571383
13699056
720408
27543974
49209348
1337579
34189212
53252845
32439784
457210
527369
46426116
169823
22609470
352181
192123
6473570
26994422
351549
1168506
5847302
3088901
632487
18568
723738
28157642
6473191
46914411
734644
222947
22725574
794872
337876
6556971
354319
2067823
1896674
537450
3314988
2920840
23574889
535823
26193465
19710
340617
663359
353748
6497220
2230309
621447
31765232
600011
169589
1018951
3207731
4954950
235124
469391
468884
10308785
23992011
345396
355814
12524069
222434
32869192
350829
3036515
402719
6050
359586
3232460
490054
58083234
508022
1749665
33382445
33900798
918748
50907
506177
2506864
341127
54316
16868392
734881
28311992
53264013
350906
6473626
8871519
7392980
350167
398810
8997770
100303
47756
662781
519979
1076293
1631654
9212913
14528017
22204279
601070
36423541
234855
234969
234960
30981930
234998
234962
234870
234985
234854
234906
709567
15614660
57766123
40124307
2012564
2016033
1168363
33434715
3096183
599970
150144
342038
2302006
1387689
5646277
353855
336815
5971770
5971797
5971799
5971801
5971803
5971805
5971806
5971809
5971813
5971814
5971815
5971816
5971818
5971820
5971821
5971822
5971823
5971828
5971830
5971833
5971835
5971837
5971839
5971841
5971843
5971846
23256783
493259
974084
44051448
241820
1098209
193837
404009
40658915
534959
3868748
1707754
346955
521969
2645647
21362023
444250
2920916
50248508
8339650
348624
203204
350204
634754
624666
24364843
37919722
3553599
4659082
659169
2868583
33086275
39728316
517370
45188167
39270721
347836
13186787
222390
26736091
442370
20683573
408108
387878
17219997
255768
9202993
708399
33074893
537026
58564676
4160163
339396
2236863
30863772
242727
505253
580145
19397596
5783569
13454825
48465217
50055439
18814960
2059448
52766867
7041824
39164736
43530822
2871265
34727868
191457
708879
28651
1896229
660973
31005435
12537045
45332012
705014
8434205
13314857
56083331
3117016
6695781
587645
679366
3039388
347694
352950
348470
427826
4904667
12830119
25804104
6600160
29528690
21312272
1188090
691790
8871375
2888949
18640974
2850448
1624589
183091
473486
28810270
3114930
14953761
480130
2240655
2915428
34532
18902
43294983
53736357
52825568
53277729
50628228
51373403
52066850
50487390
58444022
51347294
52701530
42495534
35321461
232952
8398
51331
44357613
40400729
946975
19266946
34003244
143135
84029
593693
52031076
45696716
50932781
855329
48538351
1593170
58379
22468661
50334376
13292403
1525019
2625993
3478709
324872
34802284
44025330
185493
4760663
34969712
11174239
31528482
221484
3832701
8304842
168905
26146516
10779029
279293
13410380
5643937
1348989
11870817
2069923
1015401
166521
19271448
40360489
3371340
1827768
32027004
15669513
4910264
8548950
8181
19073258
10288115
143634
195196
1463006
26452145
14220
19537780
44787301
206234
20860737
4416073
35411073
294085
19410107
7411740
339496
253859
3053039
199226
27060913
39206504
7795793
19245793
1806503
37342010
49590020
49411787
4406343
15433374
7445
20885039
386519
7079444
2667603
16175342
26914791
20792933
12259343
24022514
3454204
54524279
26402563
21317755
3862616
37312651
49672578
1726089
27169542
33670194
22697171
35625607
12751687
27043777
8816788
16515493
26066377
30176598
9098286
945503
4060799
12943121
6853329
48633254
8185549
37174589
16289784
21425767
51438
20375066
1248704
5508956
383424
26397073
26113571
3099132
1028214
14439044
36552488
37302995
1595681
1024328
26149716
9479849
6134187
239112
488896
1186588
17201962
1721284
252953
7315901
53776585
8569325
37252648
3008223
702149
1196185
1618671
12745577
16416512
6034957
20048578
42877569
8965926
4233115
362651
394508
23709110
53561047
9830383
20029977
45351614
6785051
30684123
186023
2495705
3884961
26639238
239290
1028194
244705
19934039
6290771
26015197
23800227
5864214
33462303
499002
25046926
2489512
47121936
46270431
38907546
52722478
35818365
18974136
47304362
232840
1661158
93070
47421869
26611936
57265072
59545
28222
45391102
31460418
1076270
32329761
26330146
47950379
53341083
38907720
39067533
10283346
10993126
26866141
5300610
4694434
35764367
31211209
3430211
10993199
18801936
44307291
1979078
33827219
2815048
54727095
34505429
24073609
33439201
3003070
50413747
40435056
523076
191933
49812451
39605149
44402565
39516424
43131303
37822732
26511501
39291986
722503
45712630
34032940
462534
54866690
27986832
35226515
17841907
3437245
23236792
42397902
9518854
19456533
24065513
42908722
26028993
9050760
4003614
47926105
38803848
28952622
4921531
46951059
34995809
16706608
31376465
41345437
23944162
40947668
55330205
44672530
17033211
25308
41138014
8635379
54252064
39402121
48079393
562695
5499671
38218032
27576
6500531
52238391
34038330
51331209
34882466
1979061
5987648
54863674
15507968
24938012
3545503
20115268
42596301
1978904
277184
40765261
1943892
1982652
1674987
1698066
61338
677
12266333
22284600
44578
40276
59338
11219603
1964121
43468103
4472133
1401020
305456
5021705
8884790
3293594
151925
1300778
695917
5708669
195407
9596
54267
164040
17136006
4595591
1934369
9226345
6966428
320026
393055
23624339
199014
3371683
1721092
22217360
7345405
258733
182890
187750
410712
971549
604268
20845
20201
3134388
696794
6176811
10265555
2142734
21170
22656
22213
2915678
6108552
2973987
15882673
25056
437052
31228704
261479
26513
58879173
489394
59715
2804687
220089
22629996
248619
45456706
17056775
305463
246160
47962742
11141222
132729
3526052
5959843
3603745
1436668
3691548
306043
33065815
1526304
2164767
326471
14135848
510629
48661
46439
3231
38106
20459000
4890
53394437
42148664
34529648
43519034
21653957
7723865
54956115
16258342
11691
19513
373299
24664148
41740113
19453961
159730
52912473
1297317
23632
58472252
929709
2598499
23275
159735
145018
46586008
28359471
49336576
1152126
3667560
500004
34858344
26837834
2033586
917006
51426
741875
138484
360113
238676
296942
9318685
358069
157055
20547369
965376
48740815
8949082
173525
504509
25418
1015795
359970
15889648
18045517
4500115
25228
30977
819251
21950759
176420
4492813
201359
50124453
383208
644032
38764584
346611
43742110
27440323
153302
6626644
45715603
45715624
46179999
39739
43608216
18062300
4207234
677191
4229275
245658
7186647
239599
41833604
13552465
15682063
1001293
380191
3701482
22130008
150169
19074048
46927724
3142115
1622235
868153
3571350
2524727
589726
3350566
45289334
29759120
746646
890891
1042164
4452009
630022
359377
454446
366436
30609033
253447
1309
44688
351908
44990517
1359360
3785849
1118832
6988121
32829967
58559351
4053392
23335649
780886
51203
9903220
87141
46561894
47790980
168865
29018709
488133
6166234
437701
21568751
7918341
10077292
5280515
46593443
7043631
263233
1714764
14922
1126638
37520883
18634
5210590
39999171
740817
5106151
1352566
39688248
3009815
44052223
25065
19653337
145865
372742
1969007
4786797
1687416
3909097
32245
42701243
81863
1033865
1458875
48347082
166352
7951270
5308894
292222
1458060
44076398
17319580
58904582
701142
1458024
6129269
193053
9920876
276894
2398982
52897818
47882363
44787
253456
296000
6921017
49322650
15212413
33428711
47243080
16706727
18468076
41007672
2139612
641270
8181025
244107
36727478
31102294
13398544
19777721
8122079
29515785
27606747
55201705
21986
43844668
2672905
48211685
12125059
16267972
8997784
47264026
44528136
39400139
35083603
43934478
42392462
4576710
251177
34824761
48831575
57258626
14511776
37872896
39459296
25069727
645602
8720712
47501483
26628083
48136809
4783135
2025989
17528854
39830945
49188683
34666424
52167339
35623596
655
10324074
58053955
42333982
44065971
37994961
7593
492445
17910805
26661047
690759
387931
1285915
293606
14230769
1047173
1207129
32744249
26722913
432897
271164
18180388
1103376
837995
11919629
23649689
18619097
147854
30872676
1735473
24320887
11254442
41400343
41391212
32744656
9858698
58318372
12637741
47769616
55589991
49955849
11851829
55051898
11566873
37554140
54570072
39982039
48654795
23222766
43816474
34927840
25258840
21754222
28752140
37548901
27326163
57873268
28009856
43153346
26244142
43644540
44948985
43584361
47740557
43041521
50793762
50793778
53658057
49356853
24533414
27310517
27363106
34002873
47210167
933974
55464594
12216711
7869295
30904877
8534576
12137424
32842052
54391334
58129622
57184342
5725168
46396972
33153333
42063759
28045698
7499267
35808199
40343255
50550040
39614877
32809583
1081339
56260115
2870898
32291149
39557807
13673454
46414426
57574496
51363226
20644971
13664406
7203729
42074131
43559240
20565885
47824717
23831652
42069990
13505846
34812675
51959005
6694084
57374397
45189574
16759552
51376302
51716359
23265859
32197567
20591151
3612259
42633078
23632928
13595525
42719930
20908760
12055652
2334708
8298904
4703917
50901898
9087019
11969092
30551989
7779526
37551700
871687
14258729
53788372
45189570
53513426
1597924
27096954
57942226
11940501
31501520
10134881
29379212
23522969
18376786
51056252
31381761
14984993
8385078
35200984
57481237
3043915
54225729
31187897
25547443
58449356
16593557
54347634
1162374
48753670
1719992
43672852
15255049
37658021
41847276
30505908
13508423
38912269
39350271
58528288
2121791
58976789
9599163
2142840
1956306
1207057
57116400
32838069
23855903
4965178
19985265
38943054
3119343
1700591
11496902
29511652
7252030
58684510
57634027
35194349
1141106
57577573
39418646
41419857
31605552
984494
57653446
38624698
42690608
57047243
249617
15018472
23270711
44338719
26014321
1331806
39776727
47372547
1514907
57164705
32802555
37842037
58946268
43393222
62433
54189079
35611164
33172534
304471
56001
165760
1462375
374583
54230166
1003699
20487804
9970
28859692
7287345
58842024
9649605
20227676
1609224
448199
26105185
43537284
8096690
14325152
8599305
37059329
34000999
3541802
639389
41315495
206886
33112473
10023551
608668
23094450
36919573
15212186
1956359
8494301
2341066
33260935
221308
5169729
18383265
6855527
302944
987959
39419087
42253995
23634548
3424576
42247256
41485209
5978424
48832912
37619227
38652210
4195092
23012
16382677
10586433
58074996
16265044
229072
4748986
52813
43998406
170594
20404224
10174
37022165
1842799
41968469
1535731
70603
717634
12575603
28798011
1723892
3314905
10608923
590177
76939
48398
204510
9919947
26810
49892
10351396
42424112
49535
8569867
9022760
4575703
11378855
374385
938586
7084228
1890042
63452
20914512
1773723
1088044
38864670
53159570
5307239
35299644
10456882
245733
44364427
26833
3143150
23032085
277248
3219275
2944829
7638
15234652
36966893
54286399
2720954
10806718
1845675
2780651
3289308
533106
11527579
12829161
457921
40542997
21073209
4512599
386398
1645
28818062
56079882
41288
3232061
20140244
55440237
1669387
9979202
8420842
53306808
4647220
24118168
1690921
2267234
22649
1550515
19607864
747363
386128
21142899
33158412
39098
1967161
43529327
246066
36843243
40206213
55779967
2129870
9190286
24241
288400
1345191
44407149
40861730
44984325
47651
47647187
25524
1593617
35114916
821148
27514641
50774863
41531599
1640288
51015112
734369
201657
1504486
244629
42590917
6663803
13433031
198507
167742
9348311
394392
2773801
5645049
48304379
27006
48311968
2636884
682348
19081514
6752869
24718287
1268372
20612276
36990855
29171632
972800
1665333
17578531
31215369
47473
2402476
1632974
5024184
20166523
98275
3426153
379245
1029060
50562012
12851541
3733033
576557
21392927
5387354
906890
11661976
55442187
35741423
6260894
7270721
240228
20797753
18343996
1530478
27395553
1106405
2104184
3336
25769951
553897
12833921
55406959
43167221
400223
9353915
416651
1722939
53526512
626072
42583131
2858897
1760016
3187689
7743448
16189349
1858623
5634358
9437083
608510
46817874
40909214
4432401
54840
53489192
377720
4699587
9848791
341115
184661
2063365
3811697
40855584
8980050
230001
19628443
40059080
34991512
31505928
5986081
25471735
1347871
40465
18348855
22442208
11268328
7017083
2032430
1754202
41779645
4412802
2146241
145753
38603345
608507
30872597
33949413
2065110
32506147
26220200
51017707
13743601
4639243
4334096
3112575
4145551
2787834
52144005
38516393
1188676
2227469
23515723
39994387
7160204
13192647
581326
607253
20363345
17878348
73448
3571585
26790549
22607832
30102234
1827851
1722750
21281954
24906899
1754248
57401863
1047078
42928420
2833680
4739867
14546679
292211
42926921
40239247
47707028
227214
32924961
1972407
3124882
8885224
2801560
4797449
4607613
48975932
2885328
2282768
997178
1096360
22419890
4635545
27386754
5760611
2034396
41519
7016898
41611395
50557
12586796
17190038
6994700
2686262
4639166
7803705
25011
14456919
8851953
25222830
2829935
25448
12354401
1449913
39402658
166931
26985
42982848
1252844
22693316
2136842
58451979
26386344
343225
24673328
899880
255244
5348493
53553029
16079692
42926616
1605201
37128329
