37235
2076539
14541310
14131017
273856
33524705
34407451
36055387
251368
1742287
11033682
4228181
35072568
433170
23058400
49986539
6900765
15758124
23887762
5229031
6889037
401331
58592157
321956
18934741
360128
6704830
1485922
1417121
25864167
7745490
9992
512045
4944459
1583078
4944457
955626
1855237
20842831
5462441
7016427
8834851
1030670
4519333
18669753
44598343
26093383
8011340
1703440
18772250
1560449
38211935
24493
37026830
5612881
28180057
28180058
28180056
28180054
28180050
28180053
1358313
14871627
34009483
6422875
38077493
146895
26456741
7631543
47191596
11069309
20822546
4122187
8024980
209914
28601075
16594692
14654027
24324924
2227304
20775117
1927447
181592
3447769
22742864
52454436
17226693
67500
986457
1741474
37278553
21661552
3383315
26370752
55781608
58915267
11324648
41058575
46433643
26438513
5817497
2796342
17138799
24093113
49925491
1684824
5492051
23606990
15446752
222291
33580758
17007089
12745891
4904061
20155525
16742933
46736086
9090
30469468
23431927
37781958
6126283
43131303
28682259
13727840
25119700
28223209
23845095
39047424
33523320
44017960
603166
5662964
39784978
13502171
25571439
45564275
8343377
8624955
13083448
37747762
68282
333096
45000327
26830944
48079393
46911576
34821434
28681785
43129012
6985614
826464
173620
16925701
29802394
30864554
4877807
2345894
31796349
48459988
44231559
42472514
5042951
19394651
57379245
4753845
5234361
1570429
49970297
52634071
64073
36173953
38407316
3425953
1392452
4830974
2088249
194641
33784314
27810230
206583
1749638
26781
32988300
54159957
49703340
2559736
91869
3809916
53424429
56783575
40077102
37961224
10868061
448199
18963910
12996884
50674434
49403673
54044492
33739475
47795538
5854300
381564
6937626
2860038
48818732
424562
56776524
16685728
387746
201517
34909429
2518073
17387465
11432266
16990537
10977439
52872292
230542
1312492
44466971
497025
22082177
6459406
2919515
8015055
996149
1823454
45087456
17910574
20311344
11298
1751486
44409729
42172529
42693718
21271278
50076185
48648507
1156823
1088262
26952333
1316684
14551660
29330
12447991
41207422
14682638
14130192
14554121
4735888
34327569
325726
15144375
11722806
24352014
27691
55452331
3328588
7866648
231202
45360866
832188
634444
4430300
1823103
14808522
4095924
4512101
56419774
30873725
10348349
18624361
1653
18170010
18385178
5071166
11931355
11900314
18936343
25169060
72214
216345
41943223
2089212
56921904
3268213
1026713
48471349
31768127
1133408
2179069
1026695
13164379
11931879
53529381
34301952
3613142
45847
6661352
87539
2680465
20483911
48788044
18556823
5221143
34212909
3862966
4185087
3467768
4190505
8948452
31313908
714510
33582
13587755
209443
23042174
5950462
1558159
6131049
44680623
2502980
11537515
12230179
33440372
12067506
42498130
5119329
6689354
5950280
586834
38674164
29117232
44819733
3842821
30994679
47126428
27316857
54158623
24788621
27082987
9258445
19232587
50939634
5800553
10348028
51240989
71394
50909446
30079590
28784645
48479015
23760556
30834126
171951
41139516
54344713
19469070
41158950
4843104
36775439
12218461
55971592
615394
19127843
51125237
50916847
8074570
33961741
48700134
4866474
7287735
27959764
366312
15755429
14847186
28831284
19231811
30874303
25074978
32270625
5177
22121664
19658532
48289513
9575279
30320952
7033602
2392115
54616992
10600687
12205222
41285246
23731192
50329
7012204
44560541
22119662
33327183
10156148
31529005
22539338
18308546
11500949
45206870
25707018
36865726
7428842
14882500
17073876
17146474
47761177
151604
10180623
168919
42935
44415727
55670558
41994398
19371086
10672320
385241
733886
22711632
5022261
2170113
52958289
49001515
4245410
29815796
17241961
273482
11655
39733154
24352448
7975769
11104696
26157344
3509435
22000113
49769
48510923
33383624
54681275
24860432
50406244
28463236
1894020
3730275
2407884
21097678
51693407
53747763
18546373
1512628
16934559
201087
53747014
489139
31280678
1723083
4561436
28256821
44527033
12889077
9108856
387790
38656158
17392705
30154210
6479206
1392681
19982167
11026266
3396954
27357307
2146970
46246817
15926892
49552930
7587198
17777038
18761837
41367
38328513
42772724
33742208
35044291
24795031
3002191
20781999
627496
407860
33545180
13537337
42842374
8545988
25330949
23545067
23853148
35777409
4560652
53754650
23099288
10273999
25013400
11022357
2422084
48010784
4496818
307834
53585937
25199
53449209
25714032
21599910
793548
2826368
57785214
22351741
57430521
44160271
17504079
980971
31342356
3205100
3276445
53733087
14446336
28130
1699889
53395676
11025311
12824727
26877546
2212696
16052446
16052460
2148069
487748
22280378
2430525
473321
33332641
5828847
31712073
4996362
34299098
26692723
5619479
33987436
10702240
20004766
9602807
48917358
43055550
48496349
3005810
18630637
350172
23725157
54078737
35768817
2892491
34375832
50206441
242029
18741865
6886026
18769420
31595214
37294273
5106007
30991666
643854
19347198
14541120
1577010
14421128
18800923
1423677
1767727
412676
7016721
11454544
31127943
11453554
26240377
38223205
1285569
201153
45197219
1704142
56101
4414154
9594858
38999586
7372153
239953
15206066
5529328
2621705
20185595
14660345
9198066
43082197
9995140
41139002
325028
5168910
28372485
44201934
8252674
6639133
58206387
40051084
13924093
33744845
994228
2313093
53431942
3749226
5272183
46235206
44142441
15486154
8500280
30034716
1271927
3608055
48729747
4308449
8072
2998435
9828265
15467255
25452964
13113590
14175082
47158660
41669573
50600870
49011983
510016
28573887
504807
8045210
23728089
10612829
9283828
23361587
1893089
217109
4637657
37110651
45800
9427239
1473483
756723
410685
36881426
523763
2250557
4567598
1168433
5261856
8543156
22469478
2599417
15195226
2243703
11424442
1229078
173155
1882343
2541498
52396
11023939
544223
1721247
20758130
340401
395621
36071642
35391721
10864839
2195977
375331
13212719
25109
39690099
25256474
3076576
47918702
1740832
20800442
5298959
24767927
5265708
42208078
40950159
7376031
31294077
3475312
48563218
49614860
55485933
296083
9657146
30538377
7787984
2623876
13437523
200933
468436
18651460
11870759
174363
4013760
24069087
2103140
20021314
20334071
4816797
57125728
16907322
448905
1564246
496727
8564058
43964845
44659639
49708746
715463
2220463
25024858
3671749
27620742
1487009
10532529
6705582
14187760
2634236
585935
4317712
52723963
37543763
33996477
50227895
27277250
1532920
2961179
55132100
22985773
1724610
52194476
3625938
55746813
5125420
357042
54042212
959954
159981
53489324
41800807
1409652
2815871
42467643
19039998
217675
34394925
7421027
55725762
36921056
55613545
794038
1209592
8330698
12785172
2636265
519315
49266170
1791212
2010183
2067861
4217874
990062
2121875
2305771
32349235
3615000
382766
55107434
36204723
996739
38288714
34648175
308280
8393665
31440142
3878526
54511470
54946266
7155626
26449007
16283046
21785076
26836085
13676582
11033
56007286
989535
47762582
392245
52994567
212373
2241412
53469157
58660741
4734809
626714
26514096
27035995
54491695
56119400
56218658
8705840
181113
5593007
34616267
9365595
149837
16867019
245104
69418
54250721
55768771
355720
16049507
22393372
13956789
7733852
45456184
53967812
53487778
23512043
1164581
34604883
50670925
48088902
26428142
21580663
28267821
56932997
1822009
1001880
8278567
11056070
9175580
182934
11885125
2787313
15912688
23386716
49515842
4056835
1173917
26206891
19647098
55074407
5391315
11119595
5793777
49629860
37127834
55206266
1965890
3598909
56825002
6364607
29931264
1119979
8475991
23407341
54609028
11208818
21825157
26743647
37139048
49105893
47338873
15955870
17144579
8523422
45408696
3948140
13952750
49301442
1759145
38269480
4437900
54561558
1098673
25597820
16043367
917344
46371422
50650367
45329986
2575522
34044829
227168
51332042
18431409
40772594
45391434
55844215
323481
904531
35114409
34314871
2530289
3078590
55465613
2960481
1907833
1970652
2456775
56088597
668903
227143
53836792
17656430
1597334
1243126
15670740
15671347
55615232
228434
1003283
51164804
55309230
8724959
27868897
8795162
22167556
446755
53423325
19886911
50669068
31555718
3763803
49265502
2739213
206485
4971653
49950351
49049653
56543561
28995025
1165403
27002301
52515877
1587630
6852350
51189953
56523244
31520799
52945706
34489341
3580992
40717677
54569576
1647335
34245783
1951847
42817813
13681944
4999454
3078598
34442290
55788417
353109
177552
347172
10135819
56934409
53858393
56950732
9047262
22077333
98954
4484035
181171
29788912
7471277
50522600
24060108
5656439
50876268
8625424
6085509
32950734
9535041
49050369
8215268
33795090
54944
13319153
17697896
35671159
1022879
191902
5041754
333842
35526733
212614
4396041
4303951
411590
34961993
8239144
18218120
151107
14386680
7746391
53104368
46758811
25907070
5891930
1348347
30427088
47076494
55285257
4546310
35604930
3825883
44744172
21511851
8956567
9905060
37010
33938545
29260
10306637
1174316
23841113
12082329
3549197
28972066
16225496
10532971
26798613
10869139
495795
8334092
21453546
11045901
875785
14765778
49947894
4156877
55269375
14199230
10222635
57537760
2190063
17912437
6117366
42470013
34607177
4371867
29100154
4923368
35579432
5612336
5866454
30515983
3815066
30951390
34722341
7016
26921023
21099870
4900132
31547233
43119750
42051349
6866717
437080
3375584
8268725
15440710
407953
35411581
335427
36161211
49451268
33832430
5358303
4799454
21088818
3342004
9980550
38410
39693193
2397984
31400429
18292460
1467021
39541812
349555
2044611
712215
15530283
23025574
53877708
35025241
39390691
42029679
22036467
387430
9744337
566253
1957138
5645664
19629641
3352973
20598265
30132817
12199097
24591
6081402
41193826
489626
52671158
39793846
181885
25671211
106004
7694809
42327
187464
43678079
597792
49605932
19360856
25663140
247196
17396251
40930170
57354478
6603869
15582558
236331
3582654
457212
761234
252079
200977
39327698
2024408
164070
31422045
35197358
1613097
14615711
4597115
5816558
512519
233241
36260668
28206372
13759906
2001375
169163
42199148
51036
3248459
182117
1970885
34296866
46112
1378709
54475887
5823212
55315050
5021160
1966908
55868990
923406
52893548
7247
10443117
30862857
24891124
13168320
37933324
49071369
32294777
2660477
2996055
14517800
14554018
20657020
1317000
51023476
1164
35891416
9298332
1658385
1283671
56345589
9237787
44798958
30272815
1875691
5044343
498635
43349091
43349181
58326591
28964679
18010409
1446835
3592822
29597238
21657889
25862206
34549363
41660263
48505834
2036118
35543837
2742349
13363237
15938221
56221934
27960941
10458499
7536920
2454072
41942657
20726862
43348955
195113
55796083
11324649
10574314
5169750
11357700
43689550
39592916
47199257
57290517
32637002
202311
31349429
37812247
7363430
3889704
13706125
12882572
3720589
9664
1174964
50619050
53421005
48166783
53431368
179219
43921971
22579001
27561089
1041702
162600
58531259
21387252
26126668
27912738
20078879
6837951
2838569
26902689
50177657
34955132
14889055
174521
827154
47827949
18498287
2193804
28162544
7983699
300543
46550108
52572062
54496
10317444
21938890
5721896
30716793
39675445
2886768
17864
7986300
48470754
19490705
51841762
21815281
7842528
33114124
1544319
57773651
22808542
1282344
873475
2165622
44339024
42455979
55567666
33973815
46972538
27240903
56748872
2533119
7949664
25686494
57169337
236268
30405742
1034453
47595561
501281
3975826
46649163
15418785
35420542
11241476
4573623
417126
380183
34048942
2074318
17376728
18471115
1089165
8434470
3534703
3618556
1863199
47190687
210247
18509341
9881376
1805271
28303167
42382285
18106245
2041117
17334301
222034
22021031
17112589
9553620
17017917
528064
42098146
21457566
57013803
5456701
1544179
28083525
10456882
6271946
361239
325542
6327661
17163802
1175103
10518546
10241777
48678928
1695675
38798417
647279
1820752
2089284
1177467
774446
40076768
4551565
2392595
3599440
29201362
1305348
2304367
144386
40528380
16548097
10507724
45286911
92171
7037704
12162730
19556229
17604924
6261649
53380942
42973555
14128681
25353842
58683697
11586417
105859
1466
310234
22554105
2933392
7515627
2992104
319026
5184800
26778610
5251321
9954363
15632220
273381
55838656
42357752
3317874
5031680
146700
13262036
804964
8587
45288072
10480045
2455462
61098
36894282
3523296
8495339
292136
1138884
34159161
5743206
3718113
47751830
7862242
15398744
1245162
17603008
100168
5879951
28248242
52973276
1277838
30695457
258901
45626878
1499717
1191276
479070
30602927
51013265
3327704
526609
30175509
44450846
19492783
893037
3722964
1737582
5711642
218407
56784437
2296086
42049851
29089
618009
46391380
361558
357980
4996440
4140063
1786948
12166425
31333334
47702
1155141
7168931
1129421
30702076
28702283
4439177
33158
4614170
24068565
16296331
30484787
623166
4578274
54196507
3635515
52976706
429437
1140356
1552902
58549159
157476
1433512
38468305
14938524
1435066
338096
234516
38673678
19174735
10947484
38752343
12259226
83525
51391097
5000516
39455287
3297855
47418754
1306405
4818168
15951466
25457473
53348917
2377307
38714
33256286
803597
13305402
1777495
4937086
35306935
35305141
188480
19731
1124901
9058630
29071145
8163829
142735
25028480
24989727
22394214
4615758
49893361
5445758
3813275
27881825
44571058
4382952
151735
3976237
3929582
43702384
312259
9226143
34477151
11432027
42408149
1213767
48797241
29465371
10909992
3216363
20887130
5376312
7916426
30200713
23790097
53268245
8068006
418228
3627271
2920543
7094718
4637141
4683060
38238694
43746072
288170
10883324
13353156
8479084
8479158
3173903
1475346
1737566
33669533
21017661
37688076
13861440
15493531
436441
31259716
4538473
9862956
6811017
18457718
19816802
5786532
651004
4198464
5007690
165449
3397169
54414046
1957569
35592608
35513678
15355557
41582495
18292504
41030671
53575060
34184796
38163102
51295787
39837692
25239597
19519245
21988340
41379564
15370256
52581013
47787304
53488048
36335717
41870283
41286986
52840235
14496392
33094689
28298825
42043567
53668184
35891118
42043764
4023910
41286834
42043879
39013633
39500474
41862718
47265100
9675036
35592689
29434819
41862074
28460051
41107927
41286935
41107761
27352290
46744395
41379682
41861750
48114847
46767772
40267700
42434081
43141395
41266579
51405478
43140777
41870174
39578040
53785707
42294522
33085862
7132990
45525179
25239439
49947626
51584004
407919
471457
23453241
52649691
34696429
67580
704
1069
67646
68975
68982
74010
3678
3696
5450
5461
5481
5331
6002
25497
7070
73248
5596
8053
8065
9379
13802703
12030
12080
12189
5566
15663
15696
17764
17784
17832
19081
50876
19100
19120
19130
14765
19150
19182
19204
11497
19264
19304
19726934
21305
22319
23462
25189
27191
27231
52320880
27251
27271
27301
27454
30141
30161
6951681
30171
30230
33223
44041241
1264936
14338564
14321156
18428915
44777464
40167621
5112281
47423218
44777432
13303099
41232042
26726634
24760281
44960129
21729525
7673497
5194696
39399828
31789942
58906643
2249026
695403
48852428
31650058
16084324
40899476
16089655
40956415
16089782
16711582
31659679
39661445
31586947
16084354
31919492
16084373
39651650
39698396
39698686
16084275
34889609
33621565
39627959
39699359
39698731
31679236
38043164
37463616
16717345
14130977
14404882
16078629
40836861
41109188
543242
16084391
39698543
16089817
41109464
39699225
31587352
16089858
38960072
41044106
16013178
40785901
39751570
39660690
39628171
39660125
15942718
39659735
40723328
38792877
40847794
23085069
38983622
27704752
13243656
1516511
1533187
32815780
31596923
25794517
16089900
2630865
16084422
16084433
40724182
39669408
22006251
16084442
31689888
16084457
16089921
31626669
39725519
33063343
31669710
16084476
19595245
40955958
42304214
40846340
16089958
16089996
39662613
40846934
16084490
41112664
39665166
31578852
31698081
31681173
16084500
39379431
39661578
39698049
16090025
40799548
16084512
31689504
33038195
31669886
1939300
40725252
31595692
39747587
32979876
33085372
12199736
39664990
39698459
39627297
16084536
40898546
32735356
16090059
39420848
31641692
39698602
16090142
16084558
31669438
39685204
39660527
38987149
39810780
39698797
39695369
39620789
26101003
16084607
31642820
40783569
39679389
39815912
31497530
16084878
16084900
40785036
16578126
22860296
16084924
39825168
31910307
40800154
39734749
39665302
31626461
47071522
52536379
43394391
27704632
3442160
36934228
1387706
19289867
35516984
12726280
4317321
1298705
16039511
3401885
22445946
16084326
52412643
17995105
494344
2314027
50628156
3722466
3792022
22590957
38653909
18985287
18717037
51696326
37313774
20714180
8876771
11367441
2654666
31014247
49090433
513646
25181935
768700
32028
89690
14640744
38853392
49762733
3395615
33621390
1671913
2450993
12761500
3741249
57881858
35341368
23443360
35466228
5522844
15096697
2069409
67590
57056847
9646073
56885727
24203863
36202623
24554890
45331227
44056538
2234868
25821589
38350128
18293168
52537860
12441121
7015167
18216132
494998
20229612
45321575
214185
684142
21767769
23611593
35280681
3655904
726165
27937342
3777234
53714495
3870122
67630
25161464
30402038
14841836
1461548
7851588
44872343
24083956
1710003
4566413
56062749
67638
16569312
56113225
7015198
55345899
13073911
21634642
17998518
1478175
29095986
8442733
424986
8074878
19848165
457058
2907451
54411261
18092256
4693486
11560479
54330273
4007840
52429466
36687386
6471492
22833986
22130807
33124877
48019082
44226962
42311327
9312004
52591833
30937068
15725572
494435
37650376
55994517
5443055
68935
6859470
2783619
2328664
40654536
24189286
494349
7337567
2675079
1138692
67307
954390
13465330
578256
475014
2675044
16146362
28515858
18960994
52355866
14554870
19400366
52438157
18739742
38653919
56208958
7654172
15553671
52964286
9311963
7771856
36673
8656285
33125435
31802872
35478772
3481380
13807736
8224435
31153018
46435968
14460941
780859
52437781
43140543
495196
39686082
52355885
57888316
47976904
22284103
5948687
35466045
6929379
25253589
19097669
12545997
3097114
1977527
8531860
16816239
3650
9646119
9501071
11545453
47896219
23978002
1097544
1024613
58408012
20885280
1309334
24036292
55659910
22527370
19943944
23443310
38653929
6929660
52355904
5430
31301514
27526004
15863822
15860842
57898021
58561056
38532350
22130873
17220096
6930469
32544241
52734786
52606392
2206623
37545195
10737985
31198954
6059245
34063653
24083790
30139035
22016181
24582753
13825504
18560039
38678818
53082802
5471
5476254
22259685
39963651
945296
3812911
6128566
31515538
22536692
38678861
494996
53037583
31631706
17028795
67363
7446896
16923969
1504359
13807685
392305
41443201
19335887
12785668
1736997
15926438
14548216
495028
29328050
18282809
34155918
28939573
14159669
171484
40062956
35502207
14194836
48968
1612074
36744393
35294700
32481233
29484044
37712316
27234749
33564579
331639
27478698
21621618
36984904
37811371
14386399
23636365
1324897
32005212
3105067
13180488
3107582
10443808
34155848
14176515
26431042
1105493
13630888
422835
10615218
48336785
10689755
4535780
23425281
4212917
7941778
14460723
35573212
52355909
16079147
16079224
843496
15895745
57898122
8024
55914584
35074877
22166724
35455251
495002
31045116
1813007
53143085
52342138
13033946
14464535
52355912
41199629
69801
5576
18200213
494512
1733114
1005480
2289903
36993414
858136
43349828
14000725
596938
15371190
2705605
1129479
4724535
25970046
4736325
17691385
740670
52355924
2153261
4734555
1098164
873491
52342167
24473636
36840829
4770000
6921685
494342
54614072
22104955
3083969
682920
31896883
5000475
1720476
8627581
51605644
2530926
2016692
15327326
10691226
1558436
24582620
11051148
494994
40457580
22157399
38678887
23433827
12876693
11624402
5135522
14464389
48640146
12837549
2340459
37911841
37920080
4380505
42866001
7624207
41379504
59759
6720213
23309324
8283285
54963450
24104048
18526694
18278
24084236
13849806
1018370
873446
26105
249609
18342819
52502030
161050
35448984
52342232
14442548
494407
16719125
3341156
51861933
42904516
47572254
52356269
16674646
22129114
31228603
27958897
3770817
423133
3824009
3186317
22108266
35900824
31935336
52355940
2099616
20224065
52355945
30000180
2752697
4513000
34353175
6204551
9646650
23443403
58377028
16041881
16012907
42103318
53704863
39812734
10700
3781753
54574
3747405
1345212
33059550
3479290
13386916
9973577
5431414
334858
719613
49287411
21144696
50426792
22774752
143846
8753812
231787
18604080
39750553
39756650
2901146
39750415
672077
28807667
39756844
39748901
11491225
52205920
39755927
42109090
39240196
39299492
37196535
220021
51256915
6976303
12988412
1390246
16707991
39756350
39756489
39749960
31337356
51615981
4705880
39316724
23578985
58376731
1312317
24290160
39749428
38962613
39756151
39750696
51308924
34906999
434244
1149357
962731
1601468
22196673
54223840
843369
50752740
38963398
30226820
12501365
3107712
39750269
51321414
3742558
22590835
37942149
38325989
69673
22160507
149696
448609
4887671
52471183
12454092
3069065
48954853
44997912
51205989
50759142
49632046
51615830
47692714
7406979
25109984
1710044
49239381
788753
7265804
11894467
11353206
45543002
45344089
35340184
32554806
24282615
35867237
23225496
45451885
14462168
52896654
53679418
8085483
53111298
48461785
28284135
25658970
13066623
1467295
14203084
37131768
9204454
12438772
12111
9206787
200987
51615892
4781915
4781761
7083789
561467
12883087
12121
38804631
52511563
12131
30812760
47244423
12150
53142603
52429353
28564168
50424928
13880159
11531238
31152115
48617162
48120767
5493989
44188915
1556296
18192565
44312181
25850584
13996695
4513042
34960926
2779316
23134597
52355972
13397
16118468
31362976
39742945
52356000
13426
17920461
42213243
50691396
16403503
13798365
832158
19514938
25395709
7554479
293133
1422227
15989285
52883480
36430785
893021
25834175
43578610
9297862
40590022
47630605
40590721
50483916
47380698
36127736
4038785
50911995
23004421
6350139
58643905
4409435
27441903
7297672
21715577
22591029
17179390
51078097
51078237
37446420
54741185
586507
47102363
16226748
30246357
25845776
7855351
11789436
882382
26700660
17179087
495003
30244806
4176748
4798846
6389844
40942184
14666
3856317
1763217
51353939
3345441
1561126
3888605
32714850
35423251
4184636
15725414
17194944
54283445
14676
21987841
10288875
22562060
21328678
51592292
2249461
14561
23513517
2465992
23247653
7010989
14468792
336650
180160
25643472
492331
1419464
17238844
15004448
29783216
2886563
478860
13993211
13588562
13927537
181296
43275350
27679120
12405746
6195705
57631385
37606866
36466394
1287603
36964221
15202186
2764696
2868695
1560852
21302498
27540993
12868138
41090423
17940794
35970426
9397346
14544912
38053283
36514312
14312875
2155325
897351
1401738
4226386
1419388
5399032
37301704
47695882
47329690
10309115
14169557
892476
703936
84653
494137
1813466
742691
49492645
39071194
2630744
20445938
336110
485289
528180
23261600
18617998
30864082
347617
4210691
25466456
36197290
12053350
530361
13485264
23054217
255989
42161679
14260555
2574829
44685316
6713200
46614968
72331
8063979
1858201
407916
953129
16784952
4271629
2849675
25876044
96470
15752183
15242552
2574754
15417735
1108830
1585497
3832503
22722
528259
42657043
38859693
311996
32932175
1870369
27424120
8178676
478756
996630
1977834
38652348
55995526
147777
2877478
14362469
1270984
50001447
550379
17252243
56932378
22403245
2634793
10584665
31008295
36300419
4997516
44932959
31911939
494331
47008967
3163132
52601096
15735561
15455934
23183954
15610557
54181703
13697869
38476550
46721614
52378267
38938937
36489593
19629115
22432807
16041562
35900764
31892080
44506088
41862441
174266
45428358
38626357
30123990
25840454
4444339
24154588
46663607
56289261
41870356
16687
6571506
20847893
22212989
17994080
37942470
3173101
33845128
33105540
47193639
55418608
3202725
19022572
23443256
35447791
17895297
52498620
52356042
48388494
509246
23064846
3044289
1566114
35432675
9409638
52356049
10734047
37390352
10423924
18434491
28075695
8902566
22084971
34852837
20203640
9599926
17446894
10444414
52467862
56984153
43929661
13617846
35320013
17803
4513092
35340817
1276856
22108181
36267898
31002448
15875961
52551225
24189242
54614721
15723845
5168480
47977958
52342283
483395
18199743
31189751
17509149
35453588
25572605
28572685
39125353
39134853
22553258
38619284
23316385
418183
17179608
56654206
1118591
22216052
33124743
37942499
22396029
38679292
37742084
52356130
362979
422431
31139317
18199358
7763349
56994256
7929987
11254346
3766171
6882285
25645827
3907809
35138923
57881995
25477987
6770747
18687249
6771050
20535540
10124627
22129624
36606968
7969689
23461763
10610725
51137932
40853640
40973509
3964346
5675430
49894900
54776601
26603842
52356146
25947007
25925032
2747859
25963992
17981868
7015350
19274
3117879
22130720
33125082
48596576
5429090
25851307
22944225
53111073
19284
9646179
36628857
5639315
22122228
31752687
22432895
35452347
6500175
21397925
35367175
22553241
29075139
17097386
12186493
41986960
16589208
34242935
6523896
9349528
180363
2906112
24051486
9285627
6390500
35214366
26357663
15969798
4980216
27041521
28305165
4521050
38580655
37062443
7660235
42236542
38216440
19086074
38296618
2257432
162852
182235
38730362
2291842
23262893
46496318
340438
35812281
509080
1586110
37245625
300233
38250354
5191588
2916521
2477915
946974
39284743
205751
2610365
3734341
42613327
19365769
21365
15681889
21376
17098429
15542867
22570612
35465447
22135280
38325766
56635586
5110015
54993296
6636642
35297310
11172430
32093142
36492998
49311393
42581883
22138483
16117071
33825766
25577024
44006180
22577524
52336722
15184181
20504532
21258
18828933
5023710
41763373
38175404
39632542
26202166
47357419
52509456
19366130
54580311
50681778
36081983
1628018
52280704
47367306
47246786
21405
54653264
2144715
662861
21015029
20258767
19268904
14461798
495010
47440905
47440778
6395686
50020049
16408227
25793849
25335381
24972050
57956874
1939276
21676245
2400611
43215443
31650838
37408113
25902646
47308680
23375
16405499
24457736
15940349
4757186
5104418
21539992
13539269
22122605
17178452
14486828
16711358
1711576
15723381
1104306
37345290
58598635
21102217
44477962
14548327
494392
52356165
12050492
13879514
475355
7675516
11140415
259345
2506992
57512796
184805
186824
2496482
47165640
17429119
40085860
30637859
9454590
3437984
2616851
1465014
45246109
31133634
1266213
9714669
41879176
47165693
18889457
39801569
13561908
18090607
4878587
40619335
20199259
19283942
12643590
37558076
57784300
28839699
1465002
20084909
868450
52020542
52342306
34427560
752329
56960
4511570
17577786
47953755
24194176
4442102
82536
52429471
16408852
48008022
52370869
52342320
7761667
3262301
13388608
18707292
12749503
3282185
8551796
14464072
494357
7768224
32581861
17005341
24291391
587049
8586385
8996132
354977
7817753
1627510
10980388
350046
45162114
33042787
23529232
44354062
35340620
311305
9000990
35435862
45511178
41955107
39398461
22552196
2534202
45622224
248459
42027433
871107
39692381
38229207
7739586
44465176
19465995
22619581
24034999
495021
48610611
52405548
37496327
3458570
39820180
28030908
25828222
27201
30804962
37762405
27211
25596109
7568103
30812965
56129137
32305650
15731471
714791
26797661
1874050
2000713
18761261
7217571
95601
56532707
494420
28114408
16019515
53173421
27261
5376374
16967833
52356181
1795147
1995712
35302354
23134802
22727046
8306459
47615772
6423239
58945067
14493286
2951846
15002498
44955949
42208425
16879983
36072116
30755100
392197
751669
7440205
405661
32327233
2511420
5651236
4424893
32114157
20522104
2128025
57578296
9602
2214111
11861624
5010050
2295497
1794094
57578103
542485
2238065
57578180
11680194
379100
219394
54434288
362314
612291
1059272
367638
409570
73679
4606890
14294321
40740793
1381522
1643816
52479884
9586362
55586409
24168530
34850722
803494
25952974
1582837
633102
3267911
46636563
18949739
49479802
27281
19453066
14214913
36703513
42552633
1508951
45683757
59512
33944980
840736
3977610
44191399
17169448
37353756
4849133
19444935
35357629
10945368
5041400
7468092
18962301
47733515
13879805
55055796
30398584
30413471
10877172
17141975
7216218
52356207
27330
33131127
494504
375715
26696732
27341
50593542
843325
19801074
44503004
8310679
27351
32619474
12878582
1907711
57516008
43793230
9662371
6825593
41051723
22108242
38688887
8996886
35347965
598093
4971
5599015
52244609
643766
160039
34839660
28867943
1774301
58569199
45650777
13812379
36070759
32340197
6308029
2265454
6849898
21971665
1995342
6514188
14168190
873524
22116075
39334482
35594410
12960763
33988465
5299918
20693383
3829056
17503833
41526459
52511195
5112307
27022
35879953
2212745
35557067
55281799
17889329
442445
7721490
663088
199779
3053898
5597420
38269790
37649263
56070299
28722714
30283592
56076763
46958149
41345684
28052333
35942915
55855739
39963740
2569477
55313286
51812248
54493468
31300115
25716557
8109575
12889920
22585551
15725823
2321823
3295301
7966377
10372245
4711669
57881223
684799
2001884
52189905
14205023
1494671
4301018
52460036
18192475
22157209
24643697
723162
44789266
43307760
30255953
20068181
51675962
12825925
10908607
2015539
218431
2015674
12860183
12250820
15157077
22144023
650469
25469089
31679460
1254096
44129999
20576107
27463
1067402
1841220
51676406
44744534
10790928
44732593
1627576
8498156
2359600
44561755
8972944
3952628
44420186
32326756
243487
2143870
7351032
34423868
15694729
8862873
52876108
1979855
52356236
3357334
1381317
20237287
38776798
52202134
10310004
56062146
858573
18216417
29187333
8138183
66373
7334144
16568312
47764102
35446108
19280840
38481844
24090481
26429288
2191427
1659113
55968888
550135
766326
57816915
1309790
46931695
879147
53716903
5031856
57883943
35450747
38961363
30813561
16996117
16020126
17147074
22196832
54350189
52356245
54877548
22158918
18684733
49228686
49218204
49500605
49500908
49134454
39658018
38332987
7259439
39994977
38269024
19817956
11152254
5944869
2945538
3656882
24582479
12921420
38102919
31167437
7047664
37827991
33486031
23933696
2990776
53318956
33125233
42347399
33057283
1840141
4788521
22213174
16043062
39398822
20686116
38537953
38537018
48158581
28642650
25548451
13996648
10908583
13421066
55760959
13449920
15580653
25371178
31227642
17507803
58892658
41284633
2600217
49201647
31300528
47082189
47961821
32138
39801611
546010
5128424
40878537
6828109
14461204
52356272
42323630
3436194
33124114
49378217
50244972
32446
33057270
21914526
39333689
57816954
19679053
51592949
307599
15449530
286105
52356281
19533311
21610369
6720020
1122543
58858314
496472
49996999
19835614
14461538
495006
2377863
13992896
3488502
43141281
47549556
23443199
16040765
40146606
34748056
17141643
23226693
54184882
21153447
16041005
35943974
49805784
42283204
3793483
9165537
19360092
22130684
16042172
35900862
14090764
5125752
2967784
13092271
28683708
57881363
13630462
21535479
21540492
21534813
21534838
2106743
14634234
17961641
17120655
2062225
36239386
23170849
16042892
929795
10909498
11900681
2424700
22028701
14946461
1121086
26333450
218185
40036162
4507843
35968770
9465009
6205696
1548081
773960
11836080
1287249
4595581
15179858
30236911
7217068
16918914
6664337
12101133
5575523
15179059
844467
24512228
46926578
9054316
12882118
48218524
1135163
15461812
84665
56467907
14220833
52884364
2647001
54269171
363039
9418191
57556189
31575184
31575119
44613579
7912031
42406639
42234052
1969921
12545825
11751920
47919570
14475283
44970513
2772684
2772393
390293
42134010
57756837
29989548
7909539
54774399
8429946
27426478
23278170
24193312
55052669
54194968
290645
738743
58433201
8323721
45000311
2700983
19468522
244687
52883976
1522041
16560356
8174234
733573
3405443
19280607
192123
795618
1742837
3093394
35866166
4445830
34413511
10520543
40411540
4301995
1690376
2003810
401433
2867238
51728035
13454250
27679545
36139685
25541790
19185041
369692
298760
251755
6474010
9811199
33802674
4647680
1302778
20052202
508324
40942718
42666266
40649427
57998940
3349994
43414284
49142635
11418170
1052086
53784820
52105960
53909292
56252400
17291461
10925089
25829702
56116753
20481920
53836272
53548771
21019475
53786507
9019565
53805603
31188467
53871120
54692641
53836251
57159120
55789767
42535530
13545731
53897655
52386414
24986244
41139172
47177297
7967298
38689657
8212503
22574864
46204680
469219
21706789
45515325
42560364
5546799
1250200
990682
9352156
5770
6633641
45546178
444746
11555627
1467695
18987057
28319175
58543932
28847481
19326279
17987492
39119179
55825650
3908696
17418777
26293824
207504
14958343
49035539
11155181
8174654
50952265
31571476
11708574
7320880
48100417
38954284
18248714
31688601
4467517
9573762
9460240
49383942
148681
35723151
47196808
48226476
42308716
5576714
8662588
42736157
31951282
15498822
15625048
32232362
32232304
32232337
10063044
32232389
48796263
57717155
2231967
10088016
55311656
50999717
849750
316424
1515577
1857229
4527648
3392828
46305470
11393
437378
2148941
8715248
469213
25234
11059
1702660
232590
1599293
45519
9343775
1112898
2071938
1439959
19342760
549109
4620650
221158
221155
221159
1838264
3948398
300214
8057332
3011882
1743079
42379851
2145894
5334700
2400868
9052813
340370
21360689
48889333
29334278
40950195
16475671
97187
49134970
43658727
2486862
53496902
33934150
47135293
44752137
12422403
7486293
235450
50761409
8625214
8625075
3867877
44828
41816267
9580049
17504356
40559516
55776116
43594760
43590892
43598725
30666
7139693
3754489
574742
46553067
41923118
24326326
19342741
12120000
31479177
54334023
13046106
39587099
4723694
8268432
1464435
43529375
30071322
45234821
6804644
40594777
13046272
4841127
32842267
54268752
23960283
14416011
57039796
5671648
41702025
58569068
28741923
34205798
1082934
36104405
58362245
23429510
2913399
35718371
10996387
39830693
23455140
1377948
55440207
43500804
627897
40840852
21560753
13203433
8765242
6165734
25345991
2525954
22026602
53389766
56103476
53496353
56502396
43022118
23948301
34188816
14530523
31749280
346511
30929196
2721921
32333172
3034146
50651770
57959809
52300881
7165410
1579569
23949994
14286462
23648332
430905
4501329
27492733
39039622
1682927
20325140
430906
53729507
31914184
31915292
58839767
31914566
31917120
24640055
17794738
31922736
31654976
6596541
56207055
47346235
2435143
657363
1779164
4616343
15255176
3071786
143848
44241528
34877750
39968528
182847
55269610
30942583
656245
563521
41716154
55923123
47806343
39812237
723278
58535923
58549268
22863183
51243310
8496415
5778710
17797269
171676
2701625
22314434
13754760
36686681
841459
467962
58947142
24484923
34789679
601785
602003
32175187
33971660
53468800
43222876
2253313
3013928
8528180
2220194
2114377
54186755
24448768
212011
285614
53980637
56071996
1703850
54200726
39747894
23416255
58508500
53914643
33485966
892306
36201623
179340
47129984
8826171
56047255
53989897
15465478
54678642
12976220
52780757
8599665
53677048
4172697
33418058
8293526
43720735
5458586
13546580
13547568
13617834
13617924
54197982
54203260
49912880
23609968
14848284
53251595
1040286
12039054
1739041
24827889
7081718
54251016
242710
1252847
27259950
47695603
58503347
8246727
50597337
6147581
49423533
12823318
36536147
52730540
2064515
45651898
8772471
9844642
38104101
6674998
4682228
4965773
20906409
4129646
23414871
12925855
38115312
2306610
32807606
39324842
1279049
153146
6097255
44495877
51605926
43938371
10214584
8927576
45576225
2115716
153139
25135785
14697061
21188248
10150504
26241411
2154755
21396853
29752766
3981713
23563446
10108021
5531650
2281261
1040867
23375589
104985
11958463
6155907
34657877
942315
40106633
487164
23900299
13445139
1381851
24912020
53709218
1769393
39488286
31423499
39488608
294770
39488410
18900075
5290678
31320936
3209485
43674629
55502135
265366
39466243
37534432
5937505
496925
47093186
524762
39488476
2904651
2401051
44796268
36599083
39843334
34826192
40248538
40073977
58822345
46815837
41078970
12347905
9284937
496929
36180638
45397625
56616593
22605309
12216811
311396
46682434
945818
39532079
28060396
50305311
36294493
3420884
33360921
44949307
8128910
154362
55288296
37532039
1604579
23159353
3147923
14923539
38182080
26501349
41414693
11497830
1791234
924166
4146380
291028
41674685
41677199
2638732
53025858
31882727
31914514
52967007
54097401
602132
1527872
11569281
32576555
27271278
2457043
3234340
53165964
39822872
39751360
39750583
39823091
39823165
36376470
46297372
16823122
1630423
8264708
38895666
19533284
18342
21433728
22932657
22986033
3381901
22496381
27725497
12393681
28538097
45331707
170646
12301026
55590477
47349455
939578
220065
273204
13016395
1015583
11678935
1378513
24622
55591926
55633698
14805665
41517281
16761047
9855814
723507
56717671
57237751
36281018
350865
9396843
1488994
31549260
4470657
13002278
26472841
43031352
22853935
55591832
38473049
11029259
18056704
1586516
16855236
57754986
44544591
630522
30408158
3070339
59044150
23159034
23325826
14293471
1677175
3312462
20979518
56135878
54215417
51544277
20171326
2351612
18525588
14293417
44916886
5338650
36969180
15929697
19968188
1521048
11392630
27660895
394434
33739760
54231163
372972
477944
18415700
592058
49770883
8911392
40968522
32096281
48980292
52527686
409702
53482266
46869673
44162681
27581255
52529224
37999532
43845924
44869131
51201067
55842330
1414989
14547162
6661054
3769588
3698996
219116
6608931
21653836
8454494
8786231
37736758
28892398
15804761
155656
401788
4617846
8751403
11495940
36835425
58596723
1628277
15577279
14385541
30676313
30720769
30686370
30707889
3132196
914857
934009
61963
38312185
4449171
4125264
447174
9409363
2128334
630344
474659
258885
38991115
9357769
4854673
5985748
32624696
13539697
47148746
55462168
1996717
9211266
37571549
37578669
47080322
49965306
1945101
15757659
50514938
52557979
52713717
19625980
56673835
56673845
459670
47068447
47086936
56594352
18180446
392000
381050
50963
728761
2381020
634021
28233633
9111764
4661611
54614952
625514
1725161
28708457
2640046
14116196
6723106
7146492
55854316
38758363
36022904
29593252
38780656
44973993
1420276
349563
680258
602111
40682389
3145422
860190
47104909
15137515
15955691
3066150
21288006
8788180
949778
20858246
2178110
4094590
33846430
4628016
4475228
36914280
39538239
14270486
6446389
7738246
47670179
10484461
23877045
5072353
5864167
1868714
25063902
38079725
602113
28356323
17972375
14342024
407119
13858611
14499827
197219
488640
376078
9113670
11936900
10839
10803306
3540456
2253827
987369
27440422
794561
66670
19308446
18012286
602120
19932329
36515083
22760972
26259097
22787
18507109
602129
49484800
12585851
27986229
13393723
36274453
3166924
664098
10817801
26715338
377696
19920352
395095
50618384
14208135
26717495
63578
48568001
602117
50775961
426894
58096013
33845431
11931890
19972
7213073
14578316
1820784
46648997
10680009
424367
10034710
1888921
36799260
25558881
2531091
11431846
2485711
5533562
21821014
7658904
18884520
31915334
602126
609027
841893
8425007
17475475
13632743
399978
13039200
47810684
42290123
43424214
2253555
15382815
15358599
33693088
2491857
47597349
2683916
17005826
57046996
197210
30047241
29186321
4864797
9543171
24392401
3420518
602139
16994498
19812904
3829785
104858
1652601
10588973
23281432
398672
3883
58667966
51263975
51264039
55719669
3285032
12840148
46520271
27228447
51335092
7065702
2639544
4321280
3896702
58019317
191387
26147
8224087
2523646
6943711
51132349
517983
3064022
915533
1143671
511595
33795885
50650513
1172843
38963391
1172131
348450
184858
10091322
8093277
7325276
17784363
56011157
47924498
742964
8990123
52266305
39066
21619497
1834408
7806787
43424443
6948695
7959344
405816
2514806
23410414
47102500
11256029
2785710
18076406
1395079
21181972
32430835
35941188
58653
1753437
5925168
6489554
6124007
5610427
25733189
17731827
2700066
32374796
17932216
2305666
6975429
692035
1159977
923053
498076
58164
8704614
1321151
872231
11984730
56768513
563943
24643132
4442484
17615674
47583913
44792075
56778344
167748
25250338
38761204
43424286
43426848
43425030
49997128
10179335
368641
853546
295019
353446
5434077
4320762
55300590
38646474
2377959
57729253
11853793
471861
615845
3528473
24062649
390597
6911288
17672870
203558
528808
1669534
31160256
27848296
41720812
2879824
2814383
54277702
4522976
25109034
73634
43302756
9408332
40451129
962547
1435172
33063577
427750
10328596
5839577
42003318
2666966
54775152
52085880
41008544
11736069
555747
46334514
49530795
803696
1936714
22095950
23685094
33156493
40485906
27944460
20938148
30797312
58606989
154171
42281546
30820698
6763325
52848984
14853937
24182344
3952346
14752049
204644
29240622
18582138
948716
21285296
144222
11163017
30502494
30468317
36384193
407214
25687934
263633
22929711
13725692
448951
10422207
10733386
375217
9233394
4096265
1738568
54966713
24924251
1571103
838244
5875567
25729958
609369
19827678
13161404
44146038
5216812
44083897
34173516
21075520
1438871
167326
36053943
16349789
12004160
3694874
72501
12764920
862618
41403676
19696772
34599792
10438631
1087181
13900653
2983497
617383
5951960
54507158
12422165
10576536
187092
4171369
32512016
39750
452955
50148458
2688279
49107089
8202148
16925245
1739642
9767
2360151
11182
57043156
52555357
11874765
167316
3253893
31340997
686029
8198900
226188
54443966
1416762
21740823
9853683
1159411
44753119
1607439
3983198
84089
41961190
2545895
2583038
39043083
4217776
4363383
2169963
4179836
4586848
15552580
1686010
379963
9556177
297699
242617
40711075
4966094
14614041
13044685
43721418
36825885
28075835
40877690
54366819
2626534
2321349
2198235
1385467
4009240
50893030
22170006
35675777
4432062
24950975
17935726
15055751
12283564
5200321
12098210
2972476
21267040
35136691
2007
4715998
1074618
5304481
252969
21339283
1621715
39250763
25174869
6920233
38365010
43316934
21147
40330401
24236672
433239
41595317
33185307
28498
51525633
625161
46793093
1170065
1169845
52687491
15047743
8801008
54876824
2920499
34677844
58705154
23919924
50862943
54568128
35311267
53123739
3025222
18133102
28246232
43123905
49710868
55784945
20248349
48131123
34343827
43254626
13796465
33644123
338710
19589750
6254769
37104757
26563022
30872897
30794474
50486678
47076761
52754190
37468095
51118202
25557935
45087591
45088336
1979707
58604145
32006409
21607363
53620999
21282682
36306221
24731233
9808403
53912690
10698035
3011270
6524173
30737454
18645832
26987676
24510479
21179970
4505062
9701626
25908518
48277404
35029721
7968625
14999682
1235099
37060206
34242805
7197430
14074754
19158860
41648165
30762154
31693419
45502462
343806
38612919
8885763
9846388
20602336
7568499
13787928
53480159
5945938
33406554
13614655
2450329
3653265
40667515
28425432
8884982
48301135
8754100
14628083
34291649
3267525
16306656
27270754
18186275
31096099
54638625
24471003
11714752
17579743
13441025
20287651
35267441
38108602
11573027
17317075
19946926
3191302
8782651
33902210
32105566
46731696
29777138
45379758
43948623
27392503
23158829
25055100
22826277
23108415
50734703
26855249
30514995
17557096
20513733
7410339
7148561
43596207
45184458
9975393
32151457
37551396
33945272
2667300
5033062
13420107
7148217
22873567
7218647
37818725
45605966
838893
6088510
18775423
25027292
3128629
3252469
980548
56331757
56331729
33179636
25606179
18693704
30113629
32817300
36082707
42213423
16562211
1432016
16066994
5260934
18693576
16547181
11565309
40970932
17682204
40978373
23116908
21477431
43708910
43577769
52208012
44332025
45615432
43712786
47178045
45615442
48702085
45615471
49743157
20626600
8565778
29931970
57866915
4365334
23392796
47219912
46394716
53790158
15722361
50528464
25019563
34682610
24421064
27727269
55129231
27715822
34397813
30242739
57088630
56470564
14356741
17840007
28810841
54105588
53567485
52871102
47398437
56316969
43708956
43709014
49413961
43259234
43032362
39715806
32313299
46522362
31324048
56303522
56301076
5243540
51403664
33842621
33842619
33842616
33842615
33842610
33842606
24978927
28289765
4421578
40309035
33355436
36209158
40085447
40575842
34192006
32487198
15965194
56209469
46833678
3265867
21306996
7551240
21506701
6310606
24497046
28602922
55140243
31805195
55817639
52053828
3687877
55743170
41998026
1976701
36662453
20675429
56273332
35847154
57868355
27802997
45615574
52204549
49552835
49488153
46599100
57267794
26604783
3928350
20680321
56700273
56700403
28602791
53747540
39528415
43930151
52141298
27928081
46798621
850039
53641091
27001478
18430574
37427294
49412501
32738141
43504516
9445634
57751387
33554413
43710054
40161332
37751826
33575394
34395265
30142673
58132356
19583217
19583244
56013640
28420988
58133418
58133395
58133405
58132495
35855329
55302591
20694951
32449763
30989204
42453708
20694977
28564493
30005079
56987138
48579971
30005385
25840174
50335794
50966908
47770120
42583908
50510588
56694800
10493933
9578579
32831333
27910893
49106234
46348916
42596741
56303417
51291044
30335691
39410671
20720834
30126660
53157035
30047198
53041990
30091079
11667294
56041582
4216744
44075097
56316916
24590778
43404084
43533153
35064334
43725733
56303485
40648565
53530126
43712718
24712844
51810884
51982656
29942931
49072769
3280105
57499210
26791326
26911188
20741293
4045795
20741502
4435944
2897207
37703494
56288518
50399893
20527392
19522730
58785528
45094304
228005
5593083
17711909
1438620
21796451
528785
1171503
291486
13580252
16694849
50733033
10957051
24403529
620147
21139803
5621259
158196
10233761
36546
165760
531744
6480530
2438794
44418
31348578
2598942
20553843
12368470
1085743
5770504
228009
5770634
37628258
3121892
44014691
52987528
1802789
6785569
52296295
1856423
48542992
10237733
169564
43235104
901046
23930655
244074
14372472
2988373
33215847
2614013
2272961
4218585
5098423
2689988
44419
7892468
848420
28345171
30268865
1204550
31438343
9418031
22828874
1356949
1225116
1676793
43166745
54527639
24775353
55867971
28986172
39788995
23081696
10289455
10385691
4640237
53352269
32038976
34984208
21296236
34258585
39513392
9610206
27903559
23995
56863580
711663
696343
13810041
624436
7373920
1092543
2906200
18174073
2221083
33508629
5946693
1348524
3887226
1119672
21131469
31036944
14024523
7300106
2110723
7948832
1140897
16885014
4152136
6638260
13214874
29829216
42766276
718449
2884862
1187635
41011706
51283734
22392020
6918101
3837439
5974854
6553009
878968
15762142
1053933
934773
38942
47010708
22523598
487967
29892394
13968777
32223748
31199983
8562516
13649645
22064555
22105675
34369134
7794468
3936917
22058909
8707018
29987436
57394022
48618444
28244393
46923331
13757437
23503722
10746007
13950892
18878014
30822987
3127273
3605557
1004097
23407867
734489
20147819
57629327
1454489
10717943
28186932
45018071
46907915
50880707
280746
538737
38650578
34901075
47720853
29550701
45616268
45337232
21239652
16683740
55562492
46728550
33448130
9247298
11392095
22228401
40321354
39830699
24589381
10431787
13593905
21997234
25921748
41783201
46697018
27082290
31560585
4721799
22332909
40168187
54483736
34902552
54650316
26042206
33666486
28180564
21221975
33770849
50742715
36325633
53565700
42775341
54619595
53878562
361643
41293545
51304026
10534739
20408615
21227881
16557918
43974941
55991756
37024278
37204570
14885683
19850108
14836528
58874579
57842141
13519153
38093675
37389213
7074926
17039856
17010703
27669429
1223718
43465310
51703951
8806178
25457546
41620114
32732710
25514268
3499706
37394763
56904620
8212629
38498072
3326376
7952674
29735749
13718737
57927735
52662015
35296021
41692773
55891165
49670360
48370516
29161097
4107066
20608092
17458543
6187105
1148461
20786388
57977576
226686
54234009
24758371
21068490
32009749
21647241
14435877
53020026
50167045
51838649
45055739
21224476
16810875
43621263
12434128
38819300
18114919
3276555
1591936
527026
40973575
6021188
39680498
2511505
32748823
168313
58444
56238839
4914972
8197045
52336877
51541096
51533648
436022
26297764
33634340
35110380
41751420
37805341
18373301
14253151
219878
58711272
9502
690842
594386
28341403
28341466
40390498
160420
1183294
88284
11553912
5597523
31642145
25490436
22694540
2036080
36134078
37463753
24756797
11191489
57719361
7621464
32759787
25437026
26203820
27919989
52760151
53679177
573937
748253
57700484
21648084
34810620
53165055
47088651
46953139
46953643
1059197
12914354
17122234
57613298
6531362
32976532
113143
33286807
31104784
333510
859199
44470836
46952809
22636887
1039501
56220874
8472302
49511272
49692832
16520356
1493174
1043351
6533255
36797927
29171
1462835
2518715
1619962
40494939
2631542
21577525
57349014
504356
31493345
397721
19277113
847217
2969078
1326566
40634643
993335
1285170
41096273
4737698
3980641
5676319
2117675
2298055
1271947
9130084
42632230
22310933
48497947
7282742
33944326
8084997
1468605
9413193
36803286
23916394
31729867
1326558
5246067
42862669
3511816
1088368
21084634
54679928
4770723
48653871
1234674
3602971
1213847
42102432
38770905
4102172
3572661
7081543
34031975
14015
50607905
46345824
355587
27440639
49799202
17191922
23316733
5920723
47976503
46839618
1354653
31469180
55835240
790968
5349856
399735
46970317
1095862
10838803
21602751
1801710
18898647
33700890
46607704
213936
17572427
25058231
45253149
17434708
400016
743934
42963206
53645073
4677546
10198992
51113456
46839366
29738695
48800886
5377398
9331663
3159088
57348915
314392
55478967
1189627
53956253
51550165
2538193
23172595
1607524
366165
60557
235719
57752102
2808730
7628
57348623
3600412
539765
298978
57348781
8240601
43089387
25998
782205
14006156
51550121
14654058
47656062
3314471
9773161
4768509
631216
55586
6116892
632922
1657646
17738144
56806485
3265953
55198009
54446856
14244565
161151
43743981
21671401
46844583
7465371
76293
58074429
7639348
56297812
9935054
50609686
1839920
1593793
29305
3248247
47088967
11526728
7929343
36767732
5042313
47088804
57708827
1151057
7028071
58706596
1813235
3266902
30857121
53363113
44918902
32156702
56864534
3079095
37483
37360009
22793806
42505054
5467592
57348684
47505569
2575061
13908591
1099383
19110086
15034175
3811486
2653769
1225967
44199842
105978
39229426
2321156
25547340
1606900
9544740
908620
11260395
37670725
925296
4501084
8961264
35282828
14060478
31193576
12362920
20553516
1165624
3190563
8891949
215387
10556819
19357855
19424723
38467634
10559935
37023900
31155
35001680
17310823
23012828
42064832
218875
6608333
47533761
53419919
2194173
7135203
444794
16712844
14611357
4766351
2419084
58095538
50022944
8768945
2690938
5020586
55948569
10805870
43068360
7715707
5247607
4963292
7947265
9263349
9115454
9785565
5219904
11786593
6946864
857306
8730
5530330
3198118
28572766
44151986
32647832
39811984
575230
46891718
2435422
5043574
870767
3207276
339953
591542
32542065
8824
36284579
2100109
449390
599082
53990517
33651008
161796
50775429
47597571
17785021
41166942
53320212
667242
39353050
51048529
31172966
36191672
54042784
39726804
24073766
2264437
264046
31996184
341254
11171340
36749982
10387939
21652223
1767172
2171998
19175035
32694749
28381354
55330083
25750099
27107962
686244
50679247
5545001
47471180
31596356
1043598
5876878
664510
2112097
161237
36750373
22990017
3277869
28886283
42077874
36670179
20234942
2016347
1421393
50885567
42210490
333614
57082551
55733574
6117204
54277511
28517410
57923762
55775018
1465046
1599810
51550303
54602493
50781692
292208
54284185
53121917
2618713
13070
41358634
57739303
49187631
58083832
471810
58271450
148979
19521974
92656
1986205
20780702
627019
54417816
22041110
3435383
2084802
43659179
2210239
49938
44494572
7451417
2445001
4685264
295693
1804572
25265962
2376655
24275317
101289
27940837
8372206
7405764
9328671
36910318
23466744
31763483
8501447
34198336
161022
29590255
18004715
57093915
41869100
41740253
2394643
3832773
21046145
21034907
33768394
51572792
9867713
26327400
33768242
15706527
2799183
10128445
22643498
2224857
7963663
12557555
52036393
200964
15255540
8051987
42437009
6072431
374022
44379481
44163677
6142104
26942281
22687
31222359
47935866
30005893
39195435
9435603
39140794
16816176
12594177
24550254
32322033
2469248
19373871
44664096
9021164
11744495
23778693
24600336
31289908
2760372
6161870
50364007
20463524
31423362
27475071
44743493
33869005
20450205
32623871
46628753
29914459
39925767
31657115
11007002
28191718
26442046
43372196
33455282
30975697
39199071
41325008
26952
17047432
30865698
41761628
23723524
46430362
33827619
53793439
55858385
48796001
23364375
14185155
426740
53011510
25964
30629972
3661620
1147337
22788341
6129946
6608990
485037
1408426
230440
29984773
31356334
43047687
26559692
41923657
3305169
23633701
51431604
1503407
600366
1658648
28400976
19827726
3368878
18645101
25681674
490264
9730997
6585135
37723068
48597855
46741811
5366517
33846500
45319076
28213921
49153754
50619833
44716988
8145465
52812473
47674564
48602497
8571001
57691805
1977868
11039349
4680936
4666394
4725727
4357478
44560423
47481202
45684607
15578441
37027932
6063358
41670639
52810464
48916849
7546656
13213920
2203532
37064706
27689787
37646421
42873759
11626517
14222005
21735005
51293440
51293549
41621286
51410477
44577981
22760731
57700729
3098338
39197328
48663706
32224810
1485230
48622944
48630790
4789891
41693843
53564170
38134561
43731459
49668874
2391433
47853304
53002205
46947915
50630251
52503283
48464599
54197114
45171607
30728432
3098161
42525361
8298229
45405031
336188
48427732
1763382
39330291
48339666
48345610
46431307
42765479
12768067
55757073
55691231
5929235
45206122
29769680
15655857
48420348
27820836
1416966
24623281
32950263
57040259
5227384
41703563
52395694
2094250
49218881
55218107
55444541
36552915
22696213
309187
47210395
55883852
53059088
58864299
3711451
2457128
19373807
20517149
51049781
50978067
445022
31508301
58014777
52305479
3354802
24524514
50070111
51072681
53149914
4975743
302767
43742863
24481686
32567501
31096769
9593490
11185
22443992
51668570
25342166
50637403
53360414
16951645
48395726
48405303
51668004
53360473
52149662
32836714
43676973
48480240
23714561
50974573
53391714
461026
58005876
40777897
41576503
50276722
8160512
8125947
41400343
41391212
8126068
46722100
40464356
39171623
37463083
5718689
41621026
41620760
41703431
41686482
41585581
47017832
20819314
571630
16709753
42854327
7672453
4924454
33046098
20590712
35552352
56852234
24439012
42517527
33131132
33130172
22030451
40574531
32724237
22090234
3135183
38399335
24439076
24485277
8156602
8160507
41685926
8160632
47690496
8160567
38265954
34343651
6698584
26162508
55620035
816840
6382196
25302898
101942
46489
26498317
5431157
6076425
458122
11107555
10013902
640425
1164272
7551781
2930834
3656526
9159078
39588052
18308980
44189239
202810
18207983
17092894
40538415
70136
2162066
40048161
11107888
2629611
236293
17769516
3677407
6599028
18508603
45366294
17343829
53107844
40506022
32234814
53107891
34712456
5773736
4398733
1249918
2112710
2382358
8364409
1332770
1325940
1228884
5483237
46399274
3079085
5349432
11630863
26729461
903360
1690106
43098927
31544328
273682
2511603
18611301
26265030
33276200
10964666
38509337
33276452
270916
8988828
2230235
148898
10686314
24548445
30875393
4820743
3095397
54749478
15449517
1028101
10162495
33849654
30428029
2177793
10097204
43115174
144870
34146799
271059
10170714
55668
4331467
799416
467604
2511446
10118412
58637619
2406470
12805400
6067536
14637102
455616
561651
488745
22839695
8119439
19184052
12553965
8414200
49295385
5233720
32466564
43039241
827359
31937477
11285794
2550586
330979
1236023
6762013
480732
998987
13447849
11253
735854
24549878
8106781
11026977
3550980
5671851
36589067
23571831
55223034
1452118
7188425
5347230
770125
35937347
4191702
44734132
10162426
1870720
5831566
5966571
7196982
10162265
16278290
10627566
30640885
42056023
637496
2726278
8292099
36496677
1069689
20905695
59033472
331452
31486111
49800054
55477410
23956953
3599312
39927317
43875835
8071321
329948
1758866
41330767
38372234
39934788
18006285
26886160
15406175
5149505
45218019
30709221
1258250
2759412
56577894
745163
40449303
13238864
34447098
26980788
24903519
24849606
40158006
2591918
48292845
37783638
28339444
26347076
52180242
50442083
46635764
23221224
195163
45496640
41748961
23791483
2465081
38106744
21594039
36315801
234984
2118843
4531394
33480908
405568
29738569
27970381
31793449
25445630
32038183
2705885
795050
33434311
55315019
47512
46194374
7695749
9297
17165444
8020189
18643914
1529845
28187739
744849
2947963
16961745
3030305
24255
53724240
18704434
44379754
14670488
13954464
170826
1040219
3332155
3912778
571026
2917415
31070516
31231126
5908710
43874698
25747461
17604522
5531584
353942
10177432
533263
27821200
9620
54048325
20381835
16918952
1327353
9384153
42791679
55234564
724650
24018043
46754151
7179708
6127865
441201
23024110
26557458
7441117
2054729
31680808
205789
2904418
27515872
5764629
875125
35289504
15956768
10870972
315938
34912694
8900392
5914151
33945549
53997165
18960210
7162738
53368524
33541929
1667068
2156933
8807637
56505154
59628
55615
41018063
9750
54000872
1222155
31230550
2297237
327839
45550317
3374997
5426552
32839108
8146278
10105662
56970574
20391957
1226945
3999277
798781
4552421
23099899
89844
6337666
56083630
52968860
14513725
400679
10978306
53528300
32295101
846000
53632707
42091538
39399168
4088601
45542926
479209
2128281
52917186
38706734
25111839
17531494
343614
155961
53700866
161973
42130800
1924227
2857195
19328052
3064846
36681001
38680789
428002
56873668
41899053
22696722
15298653
24736889
42723912
6831586
12087622
2672513
19536960
20127721
301887
166280
40655294
40808198
216361
26938829
39512857
6056098
36306507
9677389
54672179
1063671
43570422
21521697
39375840
13897001
508257
432447
45079634
22267013
31815994
35668691
1512214
433129
36430873
17753980
41124206
43252961
16431152
144854
43955768
17503825
32248891
233373
2860802
40523059
52018725
284741
56929067
30334019
25753228
33914831
35705584
22929540
56428620
38851408
35765473
24042952
4897859
58846589
3333461
3313575
25459335
40618689
26144218
41343695
2436898
42878256
23411682
28659236
13685436
22673990
5831683
46425368
1560377
43909872
43909676
29073590
1528244
12571222
1831030
48289744
1914
55868631
53594388
12822286
5841680
21418432
21857862
477535
19633689
36579494
19333662
29778453
258979
22153
188418
27370978
266344
58430135
49329064
38850049
40855562
40963539
38942815
916615
2492621
3506168
43688669
258839
27148727
19823600
51998649
9412713
48640148
51613509
57853787
869311
18483148
1185379
26510881
30935060
39657237
45486742
37098413
32505114
49750381
320340
9608865
10418189
3583396
49270451
82974
39040248
935171
1014770
762302
46395441
42222494
28685
704456
1072968
766087
34629838
777630
63687
39467198
2177101
30847681
8493805
51739410
12866711
23936042
54863717
432459
653913
56082362
3544991
855980
10744522
54022230
8921769
355559
648470
4971862
2725670
2466490
179076
3083164
1619255
2504255
1125781
786944
252569
49392
28365380
181435
52715832
505730
10975258
164660
2189751
54943
51405486
888454
167703
8738170
105004
38466074
4239005
313075
4599312
9393445
1745301
38383955
617451
2016458
1271730
58160985
779833
437868
8337137
49312554
58160592
16966680
27074851
16885280
147885
33711154
58886578
563144
55883587
21407518
17173550
5931395
30862657
58814719
994299
348853
22505590
19920422
58169026
455199
46913718
19862770
14403502
63526
2281037
35042000
3729595
51329
9440651
443516
31011913
3867443
32684268
20962627
18040729
38627261
30749143
45576854
44158293
37751387
31648473
12935452
4708331
12642673
56690675
12878882
2613847
31047767
2040311
7057945
3099997
10131732
215891
7617805
3488015
47949651
1231464
36296602
526664
56528952
37424163
14840792
13730646
3165181
1545612
7908466
571427
16143262
6958049
1950512
31657187
3975200
34903083
47569229
179491
51304792
210661
54449420
42648401
53390760
1132045
27706442
4190878
43419370
46455614
6070611
311659
40248493
13995904
20803507
477269
42655857
2849654
34364
19356
51606
48172
33255495
1693828
6934934
27707818
27158894
58687
37556
25
6117949
3049980
304566
57430554
16679140
23559400
369730
11064816
593481
5237
2379806
217631
33132746
25220261
52071804
3525706
6090406
6413510
8248531
47993932
30864886
14669242
1887121
354628
2018345
47624085
3528012
57747411
1721208
42239555
15459
1045918
44301002
56335
20840926
4982305
1001165
47814349
99277
9093929
307408
25070451
11511378
1008644
57976514
242901
3518432
12417415
19231063
24598699
24554605
48061429
52447367
1363368
4684361
47182324
39771439
39222299
38866302
11311613
25009
58506487
10544228
53139687
326572
33696818
303890
2785223
47740110
6709424
1639135
29854384
442603
180472
52883778
21286946
41680785
50417566
41681290
41684966
55521836
32632788
31265421
30854993
12110212
24242621
3948207
18613279
46597469
52980074
11241718
42121081
12229900
3691948
50948826
46363680
11358882
40576276
36206349
55604987
50934497
511459
237536
1990178
41776814
11056386
55639999
36916753
41698769
42828242
5222720
50114266
1849137
19142892
2152233
52618454
39771519
39771306
2841658
47626304
35574165
9518556
1845896
14389259
20538184
13442065
3569067
2539819
169320
34017095
21036142
921274
5151535
50084266
3758730
49680984
87231
53135263
47511501
41677521
42854294
7480157
17998869
4024849
17666338
20336620
7619293
19682421
40913941
3564042
46698
711550
27571260
10177813
26188644
19051475
49152339
146764
318416
11998289
22279208
11155510
25660316
1213609
1946443
10909189
191987
17467575
35330752
58662817
49116105
37848259
39230859
217792
21363003
53746830
45457902
23640750
33463304
31292414
30081245
720902
53416656
34975406
22877464
49769385
1342299
4637216
1773453
41202666
2298521
285897
2829558
47287685
54139154
1810614
17565113
51384243
24024923
927942
1371224
23883900
1028044
1371050
23667138
13581818
53140636
19835652
29193999
56796074
48560387
27207328
24355242
350292
31697528
842059
7484403
212698
26076635
3085490
34968686
14832440
58482940
41469307
55103546
1178011
41375756
3875331
35296365
198064
42241125
880850
55155591
53423955
1778796
689995
2965
27125081
26983756
20767273
22951352
11683572
35198154
30630917
1987383
27202445
1040488
14079207
623055
17858886
52439831
20212940
19574952
31006337
30982426
1796740
16383884
427922
662395
12391913
41319204
1516710
28426937
1197243
2309913
11044561
5554580
56064598
10925524
10923862
21442391
17732102
2503904
37829036
46695897
12719552
772724
31004440
58506604
39709721
10172243
1553275
18420616
8529764
14848239
2458815
1188176
1662513
35348099
8142607
321614
21488622
578436
4102760
14868355
26477290
256038
1446512
2535126
24204650
228824
47677186
17148036
24099048
11475250
11416557
12752244
40315998
1758541
156584
46718759
49304088
66836
174230
48762543
5062003
5560390
1796274
118474
2703826
8911459
65683
11031096
298818
32100
595535
2178541
48037616
80408
48351612
24727303
92903
43569
8892720
757991
8185866
4933087
460049
15266451
18717761
842214
52438344
15472403
3771003
26316
1537546
60562
16974018
8310995
148387
198813
4386747
23517808
3229028
8055104
45315806
1415899
18555852
4128196
8758878
19288516
399908
20348953
24613368
19380708
49394070
19607612
1711153
11201529
12012023
4603167
889902
31373286
47858683
5594666
7668824
5122699
6725991
39313265
36396808
37161021
37160994
37160953
45496024
149135
16029864
17846878
11201449
9793758
43505
32911192
528825
2180315
11818606
39216479
2918585
14595179
37474570
21161137
14382463
33174389
5152901
24551501
3421700
55754814
52724
46289556
50705340
55336009
56939237
5755207
6793192
1676362
8126142
1727031
1676370
20766046
1575379
1598092
3697414
1576479
40341198
45363962
25226157
5886597
177438
20591754
227569
13891422
23040
2969423
2871407
248799
33604595
3452443
735289
41075299
1029189
36004587
1519001
46352440
43470214
54633789
54689506
40921196
50550689
57293727
28306535
3165654
43738642
5865771
43489614
5888364
3480941
24255553
1085011
40630969
1561750
9640009
4366909
15450528
32588039
56026131
24333655
41439288
54634496
3587972
40905817
30960071
19000243
55740418
2102985
27419784
45907
901697
36681
3749025
35940038
267088
21548766
46428545
32039
954125
8368868
10951
14106160
60133
25945824
43263084
43023
32041
59814
608858
3753135
2645494
3753018
40782061
1142972
677813
23454753
1488925
4831837
593924
4212295
10356529
1830609
5228811
1027287
3753262
519933
3752927
4112587
4523848
29834
858114
154989
54156721
47228327
40816295
39700014
39665110
39045789
33760864
13021074
1708293
49506167
1393991
6853403
44036722
342908
578673
57349
74847
28629
4345305
12442058
28700263
3195316
4627768
44438811
30173645
44438883
44438723
44438822
58826291
42550070
44438903
16176216
44438923
44438966
30435834
31686048
36532785
19679083
37713215
52869832
25479804
46606974
39985182
21311067
26920506
22226078
21316814
54028064
27428127
9267027
31235409
31572796
6134289
42425338
16402593
32623616
691486
45151422
36174793
42891849
7433852
3587944
21106773
12753895
28291057
24771127
12310747
39746652
55911571
11883444
3153731
15766725
41281983
57231605
55831906
11139657
58585886
12182603
19991024
58353235
28100194
54408027
27888401
11842860
27704981
5437359
373212
30805061
37908412
530786
5947372
54302152
25480179
38169567
7991854
12559579
21790698
9995176
55090800
287627
1983847
52637542
5797669
2649330
23244381
36747956
1708862
3709199
1212705
738199
15673722
3505907
2735792
11864322
26480
15164242
11724224
8028037
10374609
770661
11259783
4145703
4145667
4792160
44065428
30423282
42180168
11944163
16788828
194072
97517
317633
29555364
26613183
26274346
32449444
32080425
12
3942109
242097
18947899
43441237
5174906
1399190
21347657
1022309
44526218
40626908
46399294
24489978
4241004
27890702
7963745
6675
28364596
3083894
38288797
42044690
33210449
27353457
47276677
40626870
46335840
2609358
10113
24471389
14654024
33050490
37022165
3808132
9593
32330178
23933728
387109
7299947
708208
11877
7531458
206358
841967
19280734
6059204
19145766
39310227
177102
1904053
25454239
1188531
21032
51885
21911
586814
3280782
37503128
3137762
1073739
1030901
34537282
30004450
32124452
38809975
2015288
31729317
48837807
990353
3965084
27534729
40626900
9641126
2973944
33901455
851574
41138014
3380933
4282701
5875569
9246613
39704
45541
16979059
1117658
49546832
44996080
9794307
35885810
33210860
14552304
38780447
45455132
4933873
57616704
48407803
17178373
2971986
1510338
33896833
53619089
15161664
14905081
14463958
15621044
6965614
1407656
505093
15489161
6184246
41831802
55261619
59004024
1367992
27383420
226545
33148906
53905375
52966622
7082406
37040095
3209753
7396781
631934
22210655
22678567
18951655
27662168
30477724
3788923
690245
30861351
3402083
2199641
2604638
478909
1657023
569092
9225209
1405912
38133359
9993804
10855498
9534983
7620324
24077317
27858775
2574871
36523419
5688684
5743212
24514641
1058381
1219664
251944
37911337
14528171
33501440
41999191
1279334
2232929
6353282
6499010
11690953
1326648
8739390
26956099
15440540
13630663
7691988
6642900
2363629
8517443
472872
56923758
1696637
323912
35343748
477975
38778093
13963489
13144407
1414921
1669143
394976
33264144
32751715
23376581
40150388
8628014
2916335
3176466
37059545
8591
19686090
697436
2221235
1149769
45134
40838743
2727051
21314066
3063973
3869283
1781619
418436
38452127
24831001
70432
12634029
27050403
2355918
9128003
8432625
152626
4153008
303486
48236990
3674853
8871974
46185525
607519
12634188
27501700
11140732
7999837
56027886
56434626
37880271
6475070
5130744
1441023
48724168
7149605
1244968
40371178
9073909
3471221
1359052
39695140
15852487
5744837
5626283
45580833
53977347
37299161
15183658
8546801
723048
26732653
57442907
1589282
237500
905957
39127332
20708927
878817
47499031
26485458
1881089
7485789
55455444
46187677
39547640
1149806
39830383
3298264
10326
13372
221773
16933122
13819533
6163435
866522
4350180
2341373
14912
3270664
54746
6534572
7513883
48648074
50395118
6715581
2843876
49050655
12751234
6158721
2341244
265570
7280072
2231360
14668122
5137865
31856510
20202639
9895310
2450788
34312509
18069727
4902257
166208
38554935
17091424
11581752
35239323
14253403
16354840
3736784
15972738
240058
36081816
12642059
24951007
270468
232415
8845706
2392458
1396641
18664098
13434827
21204524
29078220
8197
28070283
34249369
21748
29331449
25814024
26482249
2208292
1417988
7621043
39565
20881371
31433022
22810417
39306751
3920191
3239479
22742
28350858
498220
327940
22860
7245192
58446191
8907680
15091455
2532840
58766687
11468374
11689840
1317694
24575786
162456
718597
440431
43024791
1019726
45446
24025
38956997
1860451
229719
16438978
49886610
158687
2169442
60094
9015901
5817758
1483942
7055844
28021034
3130624
25614
26494
2916375
13049317
49124863
28071694
40694858
19563641
19556004
1829918
54062514
56971472
2666973
1655614
14005283
27861225
12836374
10115779
665434
25371302
43868891
29174
8071055
201503
2626554
1058631
1571390
3121441
1407718
13120429
19190925
6299108
37889300
973312
1943760
6593988
13690547
56872209
2140092
1071971
7548870
1341811
7496669
35555148
1822111
11618357
1757652
49772161
35246903
13532475
2267847
32316955
14477930
1028430
2750053
32632
3956193
3264134
30472789
238966
32893
1508379
25060302
2259738
55745279
25386608
1620150
52637713
49823773
50402471
45584108
27926471
58530910
44563152
17970498
46724650
14269848
46807465
12678136
56085342
48528973
52100780
56637216
56409037
47239082
39870048
56137403
39765668
56087517
54614643
3346545
44475530
32455437
56499689
33950934
54532163
52220595
54291864
53611653
54746829
56169780
31497203
50333711
43714648
55289577
50265700
42959804
1589303
43142862
55862876
238212
55775547
33127264
2074838
34321074
41020140
50285983
45222866
25777855
34534118
53549788
492271
3717604
42501804
45312411
13459016
5961
43687957
380406
44798929
34997307
34154970
3379184
9014
8366559
15447
24275276
874975
53604540
5160010
55648201
54985664
47767659
30784948
15892980
20177406
36578256
38755390
57877294
44355868
2162538
7070579
16621271
1465997
39936262
1057698
3841009
35085660
10271359
15450
7536073
51001278
41214485
56350246
54611650
28830785
23301912
20200
19216990
446606
22713586
47902485
1791712
35480438
18079605
1156815
24984
1664809
48676301
43184969
22921
18704660
8082342
27975319
47826256
24944240
49150216
26990
5575192
12009633
31235956
36476254
35183550
26772312
5626
58547542
42502861
27693293
25765920
24212673
23044987
22044506
39068271
1205439
24280214
15497991
53686950
941613
9568471
14782003
1191936
21438003
32060592
25821227
8964665
1294888
106238
17220101
1738177
42985608
42581062
50431941
50416177
2313150
46345247
29819979
38433123
1385766
9124629
3114084
2210064
4011634
14085792
1804305
23276962
3286366
19516681
51911983
33454450
313565
19864858
54690679
5561
8402086
505237
3951220
10914387
6978
42415226
72710
3999072
263636
1559221
44162435
57395711
8329918
276872
22400988
24701084
3002656
7214278
33934108
613052
7424474
989154
1061157
990648
21766677
14540905
39717451
45155414
33034640
6338699
7939223
7082881
35049423
21312269
42363753
45456836
8128856
44581891
1543423
8305936
9823090
6711479
2392067
30210144
192355
50073184
4066085
12468879
10425807
23997153
315578
53738484
1664561
39548675
51547415
8109963
26078035
35001481
183403
322337
1182490
18465762
10035229
821148
22760983
35671225
192566
19822072
29798108
395107
39127306
2144841
994704
26530571
19321
4718632
4155247
57530133
19483882
11627603
1480420
19378
43118579
57720057
24651272
20429570
3909643
2194126
48820171
50326
2681589
3582716
4642495
48845497
53375349
30091567
48860259
25140
42994803
2685999
27023036
53375344
47678053
44879716
8086843
13018947
18130567
9731945
14754558
9423838
1042464
17545854
27942343
30138821
41256454
38025273
1058555
22751338
19474808
5442380
10181116
26255904
988997
855950
464804
3354877
7049897
49045837
27262352
4218673
3342061
39094287
44349584
3446949
36560848
55422
31508724
36401496
488083
23874740
40671192
41048019
40313
39935391
9186444
1233304
31809595
2861
1748825
6167755
10923676
28921857
13312171
18950900
3298487
12853423
30786862
20027658
1817986
19163673
385275
29052246
6422341
210433
11484158
21529910
2920947
1458964
1728077
24312436
3262640
1744532
1039873
23218407
54257
30220814
9324744
11227214
28925768
217777
760855
2019081
28880277
7739694
25856952
7813020
22064839
10649523
1242793
52377730
32131423
46844863
13034638
919807
13156564
12799
3341249
39502511
38810478
41241080
10991325
8370136
14731
247107
234824
91820
5631083
28798141
34869777
1547375
14072268
19501631
26612412
18426
52888
39634594
49239531
2064504
35073339
20420
13429182
2361047
34883055
11453699
20557129
34037730
34342984
34036629
26618100
8929654
24389
269757
37413241
11027988
57168807
43327162
3820842
16017237
3498424
8219637
853744
57095514
20210086
22202671
11522136
33734529
669120
11027961
34035
25823199
45353
39250592
320498
28495100
29686743
15362277
13569791
793718
27792533
3430
51122593
53792239
42005
38455192
2028143
20412506
41170351
11286601
45117418
30953601
11442
57852261
7798768
15172
2862085
32489004
29367893
6191457
54663499
40049612
54055503
4726017
24379037
18588994
973318
1695
11008756
17060601
55505034
51804739
36059493
37103142
3598003
54094680
4097096
22101040
50406750
3007465
13935452
27109264
354224
9891093
4740024
336614
55008943
21416606
1502499
33598644
27143710
22823031
2435562
58564670
13963594
8950930
49462955
3298492
17230025
492996
475460
165264
48403782
11022472
48811073
1091420
44263660
2666148
102062
20785969
41813997
13033833
1007362
355446
30530623
11456490
30779156
229236
6966494
853801
54095081
54395985
3218648
49477980
45240959
424789
11457301
37360538
6267
35712222
20962936
1765673
4665199
394637
7160538
1230430
42701081
3327596
54478868
48359259
39733609
52311270
4751657
16615403
13300845
57483945
38305143
32275208
1257710
51207248
47328634
7720399
34170123
28523058
7710512
53372308
53995199
34833541
228059
56896475
3699777
36713338
27702479
19968071
976389
554950
2700105
911131
2298034
35749603
7349764
13251530
333225
35393129
25806816
914436
2744606
35836108
34557229
3297763
20302230
33440947
26162571
1853101
31730306
178693
40484036
286347
31614367
1600443
25456170
24885165
1105116
3154278
26710029
22584328
31601107
3674777
4387845
37619021
7605527
36094506
38261726
210183
53197324
2083590
26346644
2149045
11575848
46900125
33225681
41583575
3351390
46478160
21152359
35552827
48315263
36377209
49922564
50091049
46970402
12811065
1117836
1912767
30891039
42546394
15392729
21541034
49803411
52577541
32817141
21813898
1242904
18490995
42619009
26489524
18482886
47516715
51100996
9223
90075
58957999
24842835
216211
41901406
1923817
51080574
6199140
52229069
2830832
14768005
32093943
45642
33853457
15907019
177694
1633173
2043056
177696
1417710
50800008
47763
2538735
314696
1827600
10091
3407706
20330299
1639997
66997
28009780
42518492
55784744
15143713
71627
39800770
13275145
27919953
75286
49127301
10432412
35319154
55530
31835841
10418624
48304379
5794294
1517620
17945609
2704720
3253299
31930474
45346
47890158
28102077
2370329
40463364
398356
44632395
50649
12136950
742032
1019435
463734
967844
41158050
1159092
1941456
26044771
14541188
183243
4873196
27288010
49525731
24769645
6802524
6786225
57078824
9177450
16971924
47802272
16953152
3280844
2855257
8081066
36248807
15516115
1149904
23668992
57425862
13387896
31346116
17351446
53452291
898161
47470974
711728
31655501
501118
5949047
4543587
5266320
32038850
186446
50427403
6610917
23797849
6974596
38262946
3439019
286960
19877
7416713
36908659
14389994
25313082
10943769
29854203
128608
50516307
4686871
10063629
55633
3439212
27891886
3190431
44426150
19021764
404571
50765485
2371378
5787426
2269821
2857072
28016564
10772350
14541234
21014942
1685624
6830515
3402732
26334944
1827281
13774191
58618049
58034320
11325429
58158104
58657312
58645395
95250
24456791
1884381
46249744
50558307
42191322
5343419
6260086
2033132
4923690
50015690
707323
5761650
5761568
5761692
884589
973095
614534
24385806
17511649
36199570
42978594
51696535
23826998
3182362
50741369
14532106
1058840
35186473
15555654
42892336
4367160
38409849
56396876
9977526
20270864
2178511
46697210
1115806
4053672
2651610
26266653
16832087
33477773
18756845
41857352
12082283
187721
54576033
55003162
31411458
57430974
3189536
319611
3880495
52371084
54043830
31715697
1010454
163131
363601
1265734
44535299
83430
23080327
39807
2849318
2028898
46607376
18564154
27397711
177648
3421321
202286
16982621
755413
25211041
21119753
740176
57641927
5134465
3006497
21578153
57642066
7955458
1820960
1419554
45451212
56412457
18264449
229058
3714452
979149
41800775
6668914
4973010
860510
3221964
224985
8749373
1223920
5259279
1325731
51796195
58420452
5165
3412018
1386551
4322218
14664896
231079
5266824
29658740
78255
78449
58833055
30292158
155899
177512
34641290
72161
13118658
850705
7525975
2245776
1178795
14721436
13889767
6126196
14778022
20445622
14698871
31868114
13544786
10835811
24321121
20544344
12983678
31982834
2596739
4279531
16928831
1923965
20108790
58950660
13598464
153767
4166219
663948
37122169
54532965
7464454
7802793
30224834
1569872
46382631
508535
191133
20942
3817699
8315436
1503460
16294930
13550861
24722548
1794929
7068198
12983357
2393552
5141223
8879132
21847425
143913
19590990
17383070
7391817
1845092
1923795
221554
18908074
6084894
33566568
29082
18346908
16280461
4694241
1408241
5168879
10851027
1421312
717439
32181655
14544789
37669571
5696235
7142213
3860430
9710174
263027
24405894
4395613
24592317
23440598
51908265
655311
24644075
5329197
10185278
2024076
7703977
31847810
34488928
27346823
46958451
18949668
25389252
2111940
46273308
39246512
55504612
39198876
56582267
43823562
35097397
48373223
13831
51261471
2296282
764323
1704112
44683200
4807742
44497647
40851390
6719326
226126
51913
777042
50276542
61358
25603863
38380981
40437234
56215612
51490
28648059
57981138
58875000
6042463
57315219
15826297
57691114
4720758
53504025
58947778
14366249
5816107
42132936
47849771
276167
22305699
47681665
35069405
39863186
47227133
20028070
56136900
32257721
17784468
45355308
5595761
25220514
31262284
32091581
33902461
227108
21564286
57856273
1239504
26557544
28353635
6219200
30737676
23042988
53159401
44363108
37375777
34402185
33476174
33488970
5645155
3375711
4001463
18341
53238020
27700571
57043877
406551
1529376
9110963
11175098
34416580
57533523
5650079
248810
38191512
58447333
51147036
20324344
12531634
6867
21657133
54270126
12805663
847462
23789867
21169201
1985450
491865
34957864
30946399
5112137
17572785
2964506
3560440
57760678
912426
2134287
40561059
14361510
5044648
3990062
25598628
18020716
3284859
36196531
425002
10258662
39356537
38293879
43293772
22404187
2256405
29460546
1136479
17524
27703924
13503257
22499764
18077
55402
52807149
8424642
40621603
50621302
36619874
3025505
4493932
50395923
38558162
38563793
6900144
33963629
34384656
402929
3289566
585571
22625115
20837956
57049891
34404303
26691851
13988512
9736120
412014
18894210
38693641
53445996
10417456
4574535
182837
218879
498582
22300361
2786731
44071558
54602557
3839610
35488840
10511206
40979852
50207524
477912
1014183
3404049
22378041
35291011
46302564
40833540
51460271
853629
18955141
27763
33586685
15720083
1229071
26860
39590024
35992087
8054866
4436310
603325
13718493
36474624
9715522
14934822
54602209
34565118
2067260
10878833
22618868
33899852
12236006
33950818
48469089
6872117
630576
19552
30695401
36459831
7943564
696946
23463062
45235317
30801947
1874535
5043802
7643301
32656130
11604486
740325
35202684
39877706
51528233
40463481
51578025
41299443
4559353
30628775
1957258
24285593
18155765
11013758
954079
402119
34111459
11132916
34800540
49671486
9715234
162797
25432546
1652134
50920479
48739899
25219951
24598544
38228666
1605735
22579694
11365968
19548
2655159
27407168
36822955
31560245
5075805
240072
31588507
6050561
23174517
22425232
40662597
39313511
38862518
12779039
48384183
21514238
36584064
9321888
5168154
16371643
15841839
44936061
3563307
5789090
3792917
53069992
18993927
8494466
3277654
509190
2845990
24561779
11015023
789055
10469862
2663709
35236347
2355975
2643048
52481745
51662874
51493767
51885057
53400430
86586
6473930
42830944
1369507
38025
741071
1147647
25790230
25846988
17177677
17178522
46601456
43428903
1771836
19488901
2589535
22749538
18995717
18325566
7092305
17845599
43857677
55716973
13902244
11699892
1022936
804003
2264109
708673
4999816
25367246
25595604
32018456
28395786
16586757
1322528
21556534
8050864
8915967
238142
19100297
27509349
100669
2726726
18431120
31033811
21940399
50830846
25110948
1982331
1436399
57187721
6714405
25803948
7843015
8054393
29298401
30581640
3126648
12416759
55679432
18463689
20964104
8173330
41764
20819564
22371625
5697310
29974
19021245
25353549
31574789
35101121
57781595
36648147
13740771
56694560
3144720
11528384
1546697
20623786
12925585
462720
1343861
844162
6371234
52039332
38337332
21175066
2536492
27376078
31633506
10810155
7953706
11507473
38490371
28103720
14603175
23454817
173466
22108892
46967221
26944363
31311846
6197524
2938750
38804381
29140747
41265553
8641629
50703881
48425015
36741752
5043744
42103121
34195662
1017812
15356441
39664291
3811659
8026125
21518802
32490966
513246
35018021
50881404
26336661
574666
9808417
30991765
1127085
20749412
145245
28148197
18176150
31904
448413
32160
18537936
53808765
35215077
1731559
24388
20119228
17291202
20348643
51399846
31496181
37117778
1218279
44307965
10094760
20949522
39184036
38566163
28136455
17799577
42437083
49213773
34785801
40628358
44413025
9296327
293526
53265565
16200313
8130927
33035421
29613859
866752
29018265
44250724
20722644
34557168
28836314
49776155
30679665
10426796
25122627
25380700
620985
33783147
48979827
6436951
19326753
6052711
585765
14679356
30230244
2081599
623244
37930814
36242833
31770835
32845766
49122038
4157420
8297930
29555161
48738380
33437405
15377063
584318
639389
47187551
41315495
42828276
10412265
15299336
29976943
17093445
42308421
19333139
14292726
19278463
35597854
21837800
12249040
8233130
25183022
23497542
54407328
29524395
153324
25084
9086116
30630597
42122506
27336158
18409939
50927033
44314903
17446193
1745670
32808939
13974002
4157356
4229742
6999780
30758485
48118622
1064845
42598989
13592568
22139117
12667477
208772
1582335
856333
1679513
12577730
39396340
19310677
364818
37124453
4077197
4114272
10120046
25679439
13669872
50712
489094
4483356
18004239
7984866
39925201
1036651
12936910
56309
1347979
25586758
56113127
12944950
20697143
1033299
1704228
28544909
41970770
51114
448850
40077384
5152520
18717981
2081132
55662121
52044774
57516637
4530453
56366044
47574487
52054307
57678302
44120932
46212943
35648230
3059114
3212386
1909466
46439622
50208751
450257
45594735
23945936
23604575
14450419
48783506
17052368
6472499
3950957
57254082
10432212
23853172
32571796
1200028
20288128
2988398
22840652
19523044
33185681
20534214
544294
33355192
11307533
316958
35858373
46635368
26120574
6315586
11333018
34594472
3300308
50061533
28751590
28324496
12443159
56520
8024110
22645299
24547311
5161842
2691396
54013249
8040776
5792405
48816789
13433538
47778007
49774665
56269992
48696678
2245310
16313813
1570527
312678
3405565
57519583
29804963
33876751
55620628
28222069
40790800
50758933
3207104
144121
51590482
51115461
5932001
3021792
20020658
43147105
19254435
52202251
25312729
10451618
13884766
35558740
28111321
35182998
25504998
57559457
7710343
1535090
31936536
6246670
11027455
55819429
46182552
9517830
47621038
15430033
35179951
7803002
1018540
11989315
6877452
26099638
25106296
1787569
31837835
36408400
5688984
40014784
45253066
56200257
27747090
30338225
35975372
888909
11053630
370398
3306475
54601961
27417865
38462339
5759893
39338578
22834281
11201559
66599
25920713
35683128
19047010
20623119
31567004
5228813
10796040
27403248
1163417
11601920
17586014
16862073
54585961
23465091
31206901
37814354
3130540
21502793
52095317
53226889
25959502
23645246
1190570
7548962
36891495
10939047
41727462
3602325
8151064
383420
66774
419900
41258426
19822852
10960215
1543903
28139692
26143098
16118019
26332
3508283
38476817
8924880
888895
10850248
48385296
43318706
48949509
2886010
31723519
174704
2497774
860693
371452
2815603
698830
252737
19947051
39836130
3833260
28908
4137670
5284746
10446290
40058616
1721470
44187456
46187159
5181818
29828621
15471195
19879505
8247462
3604549
47765929
75472
3772752
51089566
764593
6461404
23370976
24148827
11448867
43937725
295670
341029
48020
10215531
33041087
4799746
47639409
13992374
1884392
30875345
26101864
36171312
29603487
4004720
31837770
32827122
170768
297970
392891
22842718
8335967
4225396
935041
4646824
18112665
3787114
38873264
24626857
23607308
17070460
34148213
5706047
8980927
21585507
56313
38899978
22478521
54547159
54609045
681622
52411579
17902829
1243555
3694654
6727454
17821743
51362434
30265367
34421879
2919118
1232743
866256
7257
6015943
50658452
13273027
51162639
407380
447776
794550
47118677
852252
47402451
5695
6600557
2172026
6131623
5540528
50590815
35698691
766369
