1941456
18963910
26044771
14541188
183243
4873196
27288010
49525731
24769645
6802524
6786225
57078824
9177450
16971924
47802272
16953152
3280844
2855257
8081066
36248807
15516115
1149904
23668992
57425862
13387896
31346116
17351446
53452291
898161
47470974
711728
31655501
501118
5949047
4543587
5266320
32038850
186446
50427403
47827949
6610917
23797849
6974596
38262946
3439019
286960
19877
7416713
36908659
14389994
25313082
10943769
29854203
128608
50516307
4686871
10063629
55633
3439212
27891886
627019
3190431
44426150
19021764
404571
50765485
2371378
6985614
5787426
2269821
2857072
28016564
74847
223124
699798
56348751
55792911
57758502
50609036
51137228
52102875
26270783
57201579
46619228
13849650
5374183
3989609
1113981
20586435
18410438
26470024
4147091
5304865
8761326
20586173
374719
52740768
52183979
1468591
24285393
47566266
1750893
1750673
20089853
739282
32923943
18012399
985310
27440422
29034375
42055254
53482266
33569489
13390482
35865686
7757539
10809293
50060845
51848219
51045603
58036654
51848502
18007820
18749240
58502940
34351080
296543
221054
52058219
37463753
54032905
9875604
5324708
5324761
51104499
52203249
43807462
42956925
31260502
374684
220151
57933733
21003502
50638813
574247
48201744
1038374
2539168
15905139
18083942
20778799
17155367
18255139
19152357
19152401
18789111
16923423
18789124
18789130
18609296
16889169
18609271
18599838
16563526
16563439
18596938
18596887
20778811
18596875
18596832
16563341
55105766
3710289
39130007
23135988
29954594
29955313
30471614
34499724
46854349
46306107
45515618
48957232
31258121
33317494
52890158
52927109
56252311
54228300
40557499
49014340
1477592
50954632
56176805
322161
148571
52917482
9817129
33894794
51455706
20914874
4596804
32528928
254069
47357272
6632364
11485690
11485782
11485823
11485898
11485911
11485926
11485939
11485956
11485988
11486007
11486041
11486064
11486087
11486100
11486115
11486139
11486186
11485878
11486221
11486229
11486239
11486250
11486264
11486275
11485423
11485468
11485507
11485542
11485569
11485593
11485625
11485651
51536914
37695547
54095900
52782313
1576372
15997225
39568382
52435963
48693870
15025407
44562472
2517572
15131800
7957331
44949644
44949628
5259784
13372
5886597
23263
1845092
711230
5329197
848768
56713602
57352318
14983686
32452818
4973010
9390696
26457540
37628586
1195462
2006073
33645566
10432212
51796195
31834667
2943406
49774665
2794830
155899
4753259
26750386
4329386
43717
1994503
11634454
219878
58711272
9502
690842
594386
28341403
28341466
40390498
160420
1183294
88284
11553912
5597523
31642145
25490436
22694540
2036080
36134078
24756797
11191489
57719361
7621464
32759787
25437026
26203820
27919989
52760151
53679177
1876018
41640129
35534084
35969944
12041027
7403047
1426430
36417265
741729
11662828
1251637
5375
13348166
71880
6150122
10220287
27656285
20419484
48361
351656
13959310
15974212
36254678
11686565
2826958
12567516
28771756
1870398
7405398
265595
376521
150179
27284843
2106612
49325169
2960822
517360
508557
7595584
48219521
648077
47512065
2860299
594140
2245722
20149046
17373153
23003745
639245
29030779
29030725
10228077
246052
7147837
9892285
435795
44318410
43146007
3469713
7389545
51208627
17606723
55601685
31465766
7297180
31846623
10179411
1913728
11750971
4951472
31437807
1812361
3735970
50569433
7419799
33867932
41854779
1436748
6228190
1594342
33330773
39416417
35035105
1514091
39316696
10528515
9675740
24321909
1184557
9385454
57495096
1516960
50756104
8782181
3805784
5471354
8556113
44041754
1727031
28298424
3740489
6331094
7266679
987107
25602514
5645470
4254743
7464272
904807
4322218
2866264
72161
8973755
24490545
5388940
1508112
3418022
53755038
31660596
27015353
12868484
17123719
675345
6880840
1537091
2519712
47953964
4627684
5998671
5900051
10269251
38263069
205135
16884056
12649022
50686251
50480038
2549795
34425520
39294118
54094680
21950720
712384
5232329
23513601
2497747
9357204
29549786
623774
39533411
5228541
11654677
206126
42139
925631
11450984
4277031
54095081
20290597
10040229
9443715
54395985
6420190
3244378
1809289
5241783
37280343
6709094
381399
54478868
216411
469799
250515
32637830
5283559
5533009
26159612
5283831
252582
1375216
3282051
23515723
5227737
5348986
3238386
6246670
374240
16436786
22425844
38731925
6252791
19058442
3627810
53995199
52744449
1388815
1749642
5234768
166459
154487
555750
10012359
5298959
13764215
40084830
13251530
1595411
67610
12321263
53091648
8444877
549513
5284746
1460183
7951280
50345
174721
4131778
21854
5719208
11686390
1986808
38819300
34903260
276825
297479
7878118
47487
56891142
29516819
221429
15945431
41588566
4738431
145773
7196
48359065
48381
143335
14311611
45101818
75045
1527098
3841204
3984096
316410
32191848
995636
10543311
56428137
133345
20620848
3690170
10178401
4876592
9223115
295601
28992001
7748358
10573426
14508369
9081765
48382277
2884986
995571
6532813
1188260
74263
995417
925715
21793863
1331480
8231648
13271682
10059597
44907259
4151763
1064904
227280
41677283
48384634
10832418
27782581
57820434
50014197
52084820
12267179
12662693
13510705
2853761
484205
2286680
11610688
48429332
366810
18133283
36033539
22532674
2018420
17616
7946782
493833
33765815
8838023
35652287
9895080
1609989
23077283
17617
2882854
48311098
8097563
1643103
4070299
13744291
1986817
49073610
5521962
2890298
21289
12267654
37758978
5631171
3432443
32374980
10174029
9997671
12651309
21994
4229819
6638573
17683366
1918784
17353952
7693731
23266725
21836
305109
625973
9893695
25147432
26111009
8439956
44455214
22520
9881335
351603
3004764
4207958
624705
10712487
491847
491787
491806
17837335
48134895
3064243
1428088
22642052
3903716
10832246
48873658
48873656
153095
16938212
48868332
38928288
621182
11686251
58718174
44885218
17660060
2545972
227282
38260375
4625156
49121625
32529897
32655756
32457251
9893534
1515653
491876
226761
22567973
47069448
18779063
226762
36823555
40676951
3609705
3499121
14552094
9313674
11715631
48776333
3472330
15753093
42003835
30862602
2038309
30718
2293916
24474291
50391257
5651308
4040200
3154072
25168972
36860570
3666492
29313782
36374608
8331945
21898118
9896484
12270125
3703995
7458541
1450770
181557
6427366
623150
233654
10178703
18622896
1857431
33270129
523462
15527281
39935679
3676801
33273182
55550371
33094972
2646004
1224402
22764646
33475644
18116860
19344100
5393695
2451852
32322814
39945412
29387996
2201810
1572569
23814944
34330145
586851
2393292
9228
6084894
917794
50104507
177602
18138370
27860462
11672
2393552
143913
351186
292617
60891
13854919
24286785
328341
1797
1069446
9470391
24587695
45296501
2008209
510114
1485232
2654634
1980869
9511063
8440529
22875274
7275586
4303898
9987963
13754920
10859521
43306929
5395439
715028
5422424
4295839
21606083
4706497
13510148
1438524
3394642
7417294
357568
167506
1765158
29359289
37673614
48987289
11488
12069928
26732377
2043284
44224302
2179243
1626485
23499524
21715204
21293885
167741
35697221
50799728
24937024
2550354
2861044
18584787
6841967
26054581
4878962
43170941
1034969
12998832
21237163
43295831
6834908
2636604
629028
19159
285728
31775293
58642133
19803106
12103406
29706661
6755999
12103386
38867688
2554504
13984263
3073134
3084362
43579996
12978962
39628677
1154830
3033136
32110355
12801156
5669256
44706428
13352174
52205564
14062610
3659844
44115663
43756597
673887
1440915
27812799
4558969
43273958
2437324
1209823
16129986
10317984
37372585
22428258
12103375
17863612
23019610
352353
45449252
12979739
751489
43559580
8001055
31521300
13219832
544351
41624490
48950101
48950107
13068017
4013337
3544390
23788022
20855147
43576000
248860
41349488
8339163
57304965
4472911
50691950
1433395
52826741
16130469
38773637
18315951
3786565
16649339
5322293
5860082
8785734
42922667
18005052
19964876
40210862
26271869
7745106
21223477
7272264
1404353
43146001
6913666
1303216
31764662
28737430
7487953
24237178
31389867
1251426
29402320
21357266
7985488
46249271
29218859
16458069
15293121
2059246
14573421
20193195
22315372
39474341
6487802
44809708
246018
914159
4161846
20871763
4132489
9919194
2318782
337871
12348808
2370900
786543
30856817
1886550
6762127
447502
456180
53201319
1009410
4120316
44736909
54395427
1381136
392831
472768
10806432
44913770
40083369
625551
42037557
5081318
46439387
386596
10397282
37754
3191954
1760214
241261
16971044
49637958
949357
28132052
36121282
30568215
888895
3860688
4404009
22603476
474419
18062821
1883878
646417
4387889
600470
49354613
5261829
19235783
931822
6902246
1453757
43165121
54711947
1256241
57656591
1965097
54471473
58397799
58891080
58473374
40840821
22112839
58833055
52758957
52693214
55735014
41921610
15203034
11026603
24765769
23778693
26601142
11750132
25069329
56028198
46600973
48504700
14699745
59050048
28252313
36975056
28715097
17403178
57879883
58706018
10419768
39572412
27222527
53245269
11026511
58619134
47319212
42023805
17938528
27052
3750519
2336722
14227252
36686502
30268317
1831837
40767780
13434620
26301668
17032752
35504712
27458614
1214505
56007859
33600755
32115422
21189334
13434688
11994387
11730514
21147802
10085323
357695
15528840
13433854
49786957
858598
5385152
28933065
3959923
33801127
257189
54250296
12663924
2616701
1323496
49804730
12070204
28519149
58795272
660234
23103744
623839
58086517
22095950
24105479
54978131
144869
48606158
27599179
34017955
100409
19573642
52406679
2211969
361361
4784983
51805067
19595283
7778187
11909942
40364810
8248242
14973219
868280
868284
37653448
52634767
35674082
40120598
275002
57819278
33065462
54648275
40191780
21948530
32137566
51182883
37652081
55481680
58121034
56591054
51453253
19346578
58372899
53475864
34618548
48493893
43555446
24864343
57814071
33326265
17029663
56350170
11104831
44309871
58209949
49902961
51002737
51307498
25037650
17855436
16019563
52052945
51425826
9028796
39366084
56060538
54774901
53383921
35614279
7505043
48451180
55633624
56535245
26732041
43767806
49344055
57143745
43550230
57214689
31851972
9270016
2092490
21844799
40839363
17942040
14588789
41259376
48450915
23049020
27385539
1022772
2119048
57562343
2589126
33664170
25142998
162250
65777
21247
8874154
3405983
81274
2729636
97666
209480
1272985
2018430
77831
1720633
454697
19490999
264383
17666264
1532300
15196196
529134
145707
602354
6760681
25098677
14671294
4264265
48208524
642161
19012169
38723634
6450848
847438
17873446
2040206
2726126
1564181
11820
388063
78202
437891
61004
25662
60004
8145408
17355594
680885
17998577
1665598
20655753
1883547
8604802
41161376
10120595
15352555
1765101
48428256
7736616
7427179
31622634
4458492
1770222
1476348
1130136
37536870
7955644
22499768
10020435
14193605
8941504
52193988
33673314
7876979
30823752
9365325
5745883
10219069
819958
2442701
23135827
24105941
5199178
1405130
1792709
15229
271975
21766196
271979
1909734
727498
1853726
16085270
3619765
3178013
2174304
2258413
3868215
420360
7415674
1997765
13734821
649861
44173650
2458644
27592589
1475308
1968921
457127
2570741
2395253
53838090
47703224
11575240
2613926
18607277
3245707
23065784
54010144
46629992
56500890
16303147
1884952
23822252
5206965
22698708
41089318
723717
2854703
11445605
9580568
1654
2942662
16795
3313647
25801712
40432040
54672095
22216727
39548355
3202411
15621560
18868509
52630032
56908230
6043172
55152042
52980059
14866015
56649977
57555809
14365046
1232975
11913296
1183720
2302235
1067304
4960545
32164454
56374429
1920838
20840775
6784026
46598358
40078702
34287763
29401328
9687705
53017791
17216562
1741577
728723
2194480
83242
737905
13735117
4162375
681575
53981068
24327566
22805155
46847777
46910827
22755262
31982861
4820695
34831050
2267451
39742246
1657346
5433935
9390304
19995323
2942599
57086228
13871461
53113442
9599232
2942805
25765559
35723178
6719777
7745976
16000849
32100621
30285866
10275041
52979696
52122653
55721034
2942770
1769867
46992255
8383978
39375130
20795111
38228002
54110657
38218655
44544867
1940407
23637661
8074186
37106721
47488353
29422211
52980287
52092936
29140947
21690131
5793370
5676918
2302288
24295750
3738949
13788511
5376334
58699270
52249038
4496360
20867077
5947490
54737671
12090042
810431
35645690
42481711
21673143
3565364
9299090
530738
23468697
13440975
366630
31030456
35503685
2941748
185888
215789
22584367
37958263
22605309
293124
1239941
403699
2383854
5107334
7931633
294692
83496
8589004
142277
25109560
6012386
376775
14560779
618251
36798069
10904953
925425
36278887
17642618
3258142
28741923
13858611
55590477
21501800
8704614
376078
23191089
16016604
42625012
2764267
6771479
9907370
1047847
5462441
26726634
15284
14923316
21853850
20860130
221008
1015583
55591926
55633698
41517281
408310
20779257
57422709
58316603
53092960
58398569
58414635
58729473
58829644
31724742
41773008
57776440
49315351
46552776
9396843
6855629
5940541
69867
69881
12123465
20963652
28177856
1811842
2114539
2877750
7999761
440612
5533562
20892390
2722104
55591832
295884
325622
266121
6014487
11029259
5610936
38778799
33453909
11931879
4124046
124347
15758124
195653
34133065
58175679
29743891
12692092
22912415
630522
261710
12119007
46633733
72687
11418170
2536257
500017
2312270
22166706
26410537
6165734
41913016
6205696
14284517
1791234
5127913
674541
4395613
5932556
51812918
7107998
15640177
36446401
29769352
50003334
179604
5373791
25366085
55993560
39726224
17334297
2311924
33245442
38227676
1780609
349156
146106
21219219
52901746
36136217
13602656
5831377
26075419
12837217
2584245
4848945
4848506
31583390
57986609
25941268
25859851
5129746
552931
14746277
3353715
57079895
6174697
1956024
10819913
16718318
353264
216877
158725
472333
3136974
341465
3302444
473803
8215483
12850726
13372372
3302408
3302377
8216305
11930804
11485021
5843495
345637
969955
3043367
5629170
6095415
8216589
1532508
20632728
19978258
19007905
15449211
20926340
20926220
18283130
18333775
336917
341489
472346
709133
343178
3133601
6483525
1211853
3378374
8208548
8208965
723281
3378234
5018147
8040198
18686612
20926160
20926052
20667382
20781814
249511
472361
3302467
531140
418100
340081
611885
473820
6859511
8217126
6041218
5415964
8215773
2654690
8976920
1096946
8218490
1979417
8217101
546466
5918011
3873108
5665528
7628451
7628610
20990555
8217427
8218675
18922271
14074068
2228460
8039588
8217381
43571361
20926419
20759896
20774028
20893088
206965
232186
35483592
343181
8215914
8224878
16216203
546553
8219546
14615689
8220792
18605499
9256754
3735097
24022234
7121128
2067877
12487673
8221171
8219401
8219492
13542443
14073243
8219393
8224985
2150216
20926478
20759708
20894461
20894838
340086
3136934
531233
1193694
8223032
3495333
3184564
2696696
3843472
2200973
2707161
3440938
6869444
8225440
13989552
13984271
13953606
995898
5729980
520583
3127856
7139194
10495152
2301375
43563972
18620030
18620210
18181853
18192429
181809
371296
8247796
13418369
13089935
1330508
8247411
8247489
2416793
5941134
13495916
12008404
11851667
14287279
11099842
10755142
5927065
18115560
17593414
8247788
5641221
8247672
8247615
6229593
6026610
8247610
2207297
1385351
17368845
18920459
8527712
10495147
20927130
20926970
20760475
20761754
8238707
531176
7602883
3491511
352476
8238720
8238665
2370084
24462884
20927521
20927393
20895429
18286725
340091
8240082
19990720
18557083
2498420
12736050
20927942
20927796
20895740
18287628
345634
13969889
20928110
20927996
20762436
20900405
18438214
18466607
13380819
18163609
18174574
20939681
20940880
20618316
20900593
20941111
18491994
20900888
20901727
20941514
20941793
19947756
18286002
20941715
20941880
20901809
20901471
1784383
27196370
26909299
18633746
18633858
18192566
18192997
20942111
20942399
18346143
20901939
20942283
20942495
2632487
20902104
20947580
20947520
20762035
20781565
33553415
20947683
20947531
20902233
20902460
18447711
18466773
18163910
18178295
18499292
20949696
20903907
20904534
18494508
20949721
18196850
18287933
20947857
20949861
20904855
20912505
28293474
18494132
20949906
20912754
20912829
18493156
18478525
18193471
18194201
4667143
20950000
20950338
18268716
10493025
20950113
20950376
20912897
20923224
20950197
20950418
18267951
18269812
20950256
20950522
20902649
18269710
18450059
18478353
3572681
18178423
20977956
20978129
18286939
20923250
20980516
20978229
18284389
20923262
20963708
20978274
3558555
20923302
20981832
20978296
10803057
20923356
18634048
19649316
8788959
18194637
20982044
20978330
8760443
18272185
20996528
20978377
3640146
11111181
20996596
20978452
23836235
20923445
1219210
20759215
20978518
8770806
20771233
18450561
18478654
3274480
18180717
18514887
20978827
800281
20902541
43563247
20996747
20978865
800319
18272303
20996815
20978824
8759651
20923473
20996916
20978991
7356635
29985743
8760496
20923516
18618073
18618186
36132485
6332705
800413
21036976
20979010
19624379
18272563
21037054
20979090
19571862
20923549
18515111
20951032
20609422
20923561
21037139
20979101
20923573
18450964
18478741
18164440
18180788
21122792
20980225
18480236
20923664
21122967
20980184
18290822
18272879
21123090
18479089
20925582
20923729
21123328
20980364
19624679
20925275
18800779
18800590
13078585
18196084
18515361
21136111
18559209
20925322
21123524
21137444
20925811
20925363
21123667
21137721
20762230
20925395
21123814
21137815
20760094
20925396
18451062
18481636
18165258
18180838
21123915
21143965
19570089
25267970
21124022
21144083
19570239
25268334
21124111
21144919
19570319
25268451
21124213
21145158
19570399
25268575
18813124
18801045
18196323
25268630
21124312
21145336
17945063
19570482
25254543
21124396
21145497
24435661
19570526
25270980
21124439
21145634
24435778
19570545
25271065
21124540
21146099
19570578
25271158
18451186
18482107
18167317
19589035
21131186
20994963
19570695
25283380
21131335
20995312
19570769
25283454
21131450
21146375
19570842
25283549
21131507
18543553
19570889
25283645
18813647
18813463
19570924
25283693
21132950
21146568
19570974
25293983
21133038
21146698
19571040
68253
19135195
3082314
58535923
22932657
843347
2721878
58420452
49541051
28194661
50892943
17291461
10925089
33728
41971558
21224339
1758281
27830442
10925524
55227387
215623
393896
3174020
13383089
58432610
17386356
58549268
214529
53912290
78255
78449
28538097
20009077
20965065
20965250
1321361
8216255
3001081
13342028
1569872
10996387
28238122
7898132
7892523
55880147
1271063
27970905
12976556
47555277
2705217
49750381
7320880
18940307
3001105
50963
2525954
38954284
1263455
20846650
13230505
35300723
52592032
36299046
49383942
19402258
44137099
2701625
523670
58787208
36686681
38235873
20948584
464377
3101583
58569068
1875327
22314434
349284
2721921
850219
32404863
5463616
17808010
13186780
20962826
17808102
53001602
17807894
17756493
10923862
49470944
17907684
1425379
13212005
39507580
1701329
1569780
36333415
17654130
33206714
42834599
58503347
52730540
34795818
13754760
7252916
20754972
42637669
22612651
3071786
325218
58568648
47571281
51033153
42875217
585883
18713424
22688285
7244703
18238359
38032581
57754986
2729714
26694596
31935125
16533276
18011612
27533721
58231276
39812237
723278
22863183
51243310
8496415
5778710
17797269
171676
841459
467962
58947142
24484923
34789679
601785
602003
32175187
12644763
13366494
13192647
56317336
13194689
38469902
39040223
29535601
28339153
1832701
13769036
17964594
39141516
75948
660903
2496925
40542928
4269016
661112
40671039
5520080
15179059
3969661
8867213
5591077
2568690
39001817
2497025
8300416
22197952
33268089
41543133
2547646
11821531
2546724
149466
5486026
1690648
29363284
20698254
4306433
2293891
5199461
2553146
5644559
32226622
12005378
41450903
10821826
11181552
28017360
11568606
22380411
2376649
12495521
14101419
4505203
8708668
10821051
57474046
2497256
2485800
361082
15539550
10701866
2554464
42581002
12778829
47107655
47819255
11573248
2538901
54359527
2530739
13724299
11098826
2499182
2577081
37782431
4505158
44761672
25787229
7028955
15840236
11557374
53363668
3274415
27776555
48904828
46363166
47107802
6963746
47877849
55285603
11570854
24387591
17663065
11889028
13549151
29232560
16196124
17971840
11841016
30110467
3056036
10794987
2531016
53429207
1974943
5511630
10686490
4061602
4342837
51154209
5595921
2552443
11700199
7762915
12664490
25395272
2577557
21297556
10572905
15053795
3334307
11857939
3029704
2547786
19712569
5860104
20576894
2538034
5508120
3989813
742079
8855793
15323406
19451787
10506465
716457
22759867
3674504
15017634
25078152
41985512
7262794
53334972
19741001
22202385
39648499
35741515
13343157
50540648
2921496
31126483
39575917
42711517
27240292
58041311
17514226
13268020
2944400
3813027
14343000
533133
51301229
10654313
38001195
27473409
51162980
7885141
140461
35806777
43514962
43767078
43572330
58409529
2866717
43548872
58462670
43539773
43539690
58326714
43334032
58361999
43549030
26613027
24659879
19400397
80157
5767893
29816208
32038148
27996219
28287537
16964856
33429243
36259166
513290
30177048
30197190
30795591
8320362
158830
1224501
2433628
219949
31488256
25944292
40389962
65663
22544195
815092
3478239
284289
31645223
47356330
8052689
50781388
2112786
494100
25957874
12967
26652406
26777763
23527621
1075216
30735989
2233839
10496693
24590558
10496737
10496779
10496814
50056394
10496881
10497151
29146561
1239375
51661055
1000167
24936706
18842323
53237195
27804151
224545
1999679
14490084
7213073
462547
455798
52054501
53592487
197049
27276709
51963262
409702
3876065
53855397
53025858
43110846
22962706
39340603
3127979
8357912
24426410
3924565
12660255
52967007
55235621
26760418
40846927
42565799
43204753
23803061
29940042
8040985
38986865
31615507
737926
39088121
35755657
4538271
47190731
40955618
8326145
39027033
3330408
46538312
53022798
19294082
39047438
39702599
704705
47206957
23166950
3341885
682261
33670271
38061812
6544769
670524
8048027
672779
679704
838556
838794
356904
16768245
668794
666934
844751
356910
25972675
25965525
838525
42477242
47275065
7949132
14312667
24435146
343257
33108584
24435196
349049
8627533
675660
363293
682248
673562
37836583
323428
32455359
92485
334186
357675
32245830
51345765
668838
674853
31446603
670807
1112298
6675690
1145513
345351
18765845
40656861
8156046
5756277
42370446
8155674
27742018
27742055
27742158
27742186
27742254
27744030
27742090
27742321
47642505
8828596
47630807
7294
6585480
42099944
11665647
326279
734543
1251492
43099323
1335332
13429077
58053955
8670379
11492830
965387
2872234
11958037
15379681
19163673
8295172
50598425
27170593
7963618
50598733
31260100
31260212
28280071
7711317
2038670
5327808
15346132
650086
55738494
1692094
33964621
203690
14575228
34369266
9001
1404135
78442
23950012
665259
41052
48860835
2243780
3011608
20049962
21887561
141435
21954724
203725
1256184
11495154
41128421
20571391
56534816
663430
12934010
4995608
49492281
52768703
44710922
10545202
42933069
1764568
44191520
18622081
40229039
8137228
25192882
3309918
50598492
25397242
9672531
14660112
19394681
24593158
16287130
25628243
304139
54199811
14768044
11621390
4587101
3351920
33193682
41730586
51784
41497141
18584901
31680083
398416
23296170
25702410
20524937
35255299
18706053
3050698
1867895
12898197
26318925
26319575
28757004
39629790
9411171
1390457
622189
47419149
595704
50063182
19590990
36184691
28867506
29298401
11699858
25892846
48120802
18018540
24087676
54138895
10921652
18432868
2607588
50374093
250265
623112
31463412
49188372
5868612
8965926
1573372
11999012
2212880
47469438
10748658
37712561
661533
2961833
233636
23065547
7654445
18619097
16148649
7154183
2060750
9305816
2398131
46760
1508517
18154691
27624291
10187482
47121409
4746964
2721825
2468652
79239
685383
1148622
535623
52150731
2514694
2002055
1767897
13029322
26277390
18152904
51705875
17153348
53434474
10516649
32052431
64726
10632889
5645533
979149
41800775
6668914
860510
3221964
1923817
224985
8749373
1223920
5259279
1325731
46345247
5950280
5165
3412018
1386551
323912
14664896
231079
45642
5266824
29658740
2149045
30292158
177512
34641290
13118658
850705
7525975
2245776
1178795
14721436
13889767
6126196
14778022
20445622
14698871
31868114
13544786
10835811
3691948
24321121
20544344
12983678
31982834
2596739
4279531
16928831
1923965
20108790
58950660
13598464
153767
4166219
71627
663948
37122169
54532965
7464454
7802793
30224834
46382631
508535
191133
20942
3817699
8315436
1503460
54681275
16294930
13550861
24722548
1794929
7068198
12983357
5141223
8879132
21847425
17383070
7391817
1923795
221554
18908074
33566568
29082
18346908
16280461
4694241
1408241
5168879
10851027
1421312
717439
32181655
14544789
37669571
5696235
7142213
3860430
9710174
263027
24405894
24592317
23440598
51908265
655311
24644075
47890158
10185278
2024076
58950680
59211
470457
1608441
15051416
463112
99358
20943440
38749455
22130374
142440
1899033
2160676
41054127
3755359
33657881
2208458
10999776
19656540
51073598
44405876
8457663
782310
78534
17636860
231504
259162
41725292
20593595
17572847
164974
40464294
13435
145753
4452252
2021741
17539307
41980677
1436198
297503
145243
23663193
145716
11107751
19904
18212953
18165923
18212581
18212880
18208899
18209139
17672471
7075895
2642666
1821694
22205
44044
36974001
349868
51042
4635545
32246369
59408
44318365
157774
9459052
387440
14732181
22732649
23715252
2058684
84486
25198
7979270
2622142
7127489
9471721
39799214
8590459
7999492
182779
4253347
52434656
48043615
5427586
39065779
402679
1565634
49926495
586839
480543
4624122
12101896
751115
72465
2307244
2803548
17191332
24938012
20364782
12914607
30859262
55949736
29632093
18950961
40601687
23551859
487467
1291806
2303659
139176
43450431
30684349
1394511
5867
3733811
18880664
49028356
37326568
5162951
163225
27313540
38764748
35072890
3741372
9056696
525000
53848342
15389216
690408
6877452
1461072
29065860
11053630
21754
9755987
29976943
45446
1443347
49827151
9777790
18694635
286469
183552
479232
370681
23604120
28151
37889300
2301525
522051
2015128
50711062
15824880
216400
25425038
31986863
43588630
30074252
159433
601694
37711804
3398337
18984987
622156
1413089
160353
1996872
3978097
452104
940236
441352
18524
418385
151980
93941
50540459
160360
30890699
16225631
30305
8533445
46523185
1075896
21208200
50813177
31542
703727
39211
4337898
4380085
4372957
156823
118701
2386883
137795
138510
135375
91346
1072066
10754841
31606416
5297982
7604156
44473
7598140
14664280
26262260
14589755
23113923
4422152
1341094
15638441
18520327
107224
102607
14522961
106767
245787
85539
3355336
2306965
1521969
1656637
2943308
8488842
1985695
111921
1303245
2084050
3935271
107129
135528
130625
112574
129147
703732
49379115
1872746
26294060
4515485
9599165
29398133
37293684
47120039
47421768
1420646
1610879
9231622
10347681
1224957
56123358
39680745
22811315
20154402
39111383
12282017
43423469
37202753
32269126
23060146
49490028
35742720
324783
72728
54474911
44166769
26849392
14384856
36849206
47690423
42793510
49492438
28916168
36970013
37795650
42286356
31050736
40657672
6038402
30480740
54239874
52956305
19936393
3135098
44800504
22774956
24749628
32181284
26473728
29887543
13416974
33024240
32182272
37858311
26532997
37858372
39313704
41355264
32500253
23774943
14560284
5785113
3687705
32552139
17013984
2605550
11734905
51521751
25283282
9446881
53991849
46336331
37564032
47758899
44284313
36593171
7295586
51312809
58818515
1107691
374390
38782331
22682173
301500
9896313
1855357
4937086
30411167
14208
36660942
50797822
35551170
39338578
158951
39076976
43868891
295670
9058630
3268359
1781619
27050403
3209753
6199140
3560440
14496286
33257107
3929952
2882912
4368966
38938622
28278995
21474906
31429980
38419053
64919
58270581
16270616
1665285
54431721
1632974
3426153
11180149
54400216
3964655
42324942
55442187
420598
11791198
35741423
6260894
7270721
11499338
18964603
12861486
20797753
18343996
3797013
31668210
19075690
26616666
28077130
3326836
7760240
17077434
382958
3086453
9506027
41994482
25303707
24942278
19188470
4270231
2248284
54354670
56272178
321382
24972641
982249
2051037
10854775
50702
21377293
72584
314696
42742681
22037708
604486
25893176
54172170
7895944
4616929
14770397
53489192
45542926
1777495
18008163
181324
35614913
30872597
33949413
25256459
31508335
13743601
43087121
21491008
55755393
12400597
15143713
24574669
12340141
28267409
5642622
51406305
24159290
2521128
2521102
20154847
13475684
4068993
23670841
31096097
49127301
3218881
21830
4324783
4146576
48975932
2128950
5146334
2387970
42927021
26201825
53351715
15038081
57104829
37401198
22422342
1926598
16577671
18278835
5119092
46596475
57571732
16091349
3253299
4040082
12595069
12915657
15819591
4921299
6169303
312266
306773
30865207
32156511
27952270
4886627
13984801
3718520
8994925
24842835
216211
41901406
51080574
52229069
2830832
14768005
32093943
33853457
15907019
177694
1633173
2043056
177696
1417710
50800008
47763
2538735
1827600
10091
3407706
20330299
1639997
66997
28009780
42518492
55784744
39800770
13275145
27919953
75286
10432412
35319154
55530
31835841
10418624
48304379
5794294
1517620
17945609
2704720
31930474
45346
28102077
60043
1032206
55050113
25548831
46355760
56343506
34294835
57242304
52109128
12316697
47156922
20632674
27662703
56303927
4545084
36758088
12027162
17369281
1180038
17020605
246843
8148
9787607
37534614
70602
7080086
11919358
622746
7375831
5635
18079465
20306750
45592
23279015
189733
52447
9660501
4467178
16225974
44990478
7080454
45080
6922674
4425025
19395694
56206039
44631
55360088
44014
7717190
2792706
2269838
6908877
37462359
19914843
25851077
1833996
38678459
14092
25711447
15184962
28429667
817963
5266298
1052431
143363
11143471
14346997
15710065
27556949
12489165
40786249
29492025
44611182
24096963
35171243
18888996
10047141
17286057
12468190
28655252
10528111
506548
1697326
30353884
56214179
4424627
17018101
56206672
25168000
24134693
21052842
5918060
315598
3431555
144571
42737
43281
2185764
42914169
78566
55883335
594329
58126720
552927
5473205
3595931
20378555
22146136
31864333
378374
83109
74234
878486
878460
246701
11291747
642982
397870
33944493
47138210
7566194
51745385
33751974
15536310
11864626
35940793
79286
10571781
35848274
19392820
29038227
54116362
54115574
54092871
17958861
25850335
5208803
7409722
19219339
2121332
53176618
614302
58053625
37493759
18007827
27747987
14433507
32605133
960761
15128330
11832700
9066328
55784948
57474053
6491017
25437008
15184577
13125720
312510
33634442
39395613
26700274
479158
479372
11441057
953291
55876820
33634815
31166741
1790979
30012487
24115094
13559119
13558884
2750719
13565179
14836077
878537
1550957
8364672
57294929
1120826
57653260
2293646
196705
29689233
13565851
492721
21475237
185684
4088337
20506945
14678881
1289465
9618962
4231718
2037472
2717623
55255005
23163812
1987270
4630959
17933710
34633105
1141139
7868915
23099091
37715432
1100228
57804993
1141140
274584
13568245
29689143
11076910
669466
1141137
23234494
21410765
919480
40963715
28277639
23176330
4859904
21087196
1967428
211539
7953545
34632940
1048994
44969111
28431
5610322
7531185
3748263
56768571
23351896
55351756
743972
53290292
84237
32100
23328673
36239824
309358
4841845
647886
1372502
10926568
54284284
21223135
1164713
9182455
5427486
43127190
51103000
18717761
842214
5898736
4761602
47435668
24554383
1363992
41626425
31529393
1813957
36327002
303839
977502
47996579
50525160
23450634
48736959
50190422
41741349
51354468
36586916
53560287
45655595
38241142
20096694
49219299
41864054
45512828
57692277
48476253
40044058
53908624
42165075
56880407
54239619
57907584
38097022
37920930
42326605
51560307
56075200
52924170
38473147
43607831
9950217
1665718
862425
36034784
13129401
22558006
59050951
24652345
3148991
3149050
2881889
3149151
2865984
3613984
3674868
3674874
2866139
3613782
3581869
3476036
3613921
2866151
3674886
3674927
3618511
3674903
3618944
3618663
3618865
3618938
3618925
12975218
2367169
5240232
997380
32509630
44291755
31554613
24515769
41911591
20250365
15121043
5938609
27273473
222771
223179
223168
826484
15422
727334
877982
38307368
31398151
166136
32874246
57839871
1740676
222030
517400
71882
11517
1841524
5544423
5544436
5544444
5544453
5544457
5544462
5544476
5544484
25294063
43161840
2356482
2208016
32860778
41197570
2201447
369646
50090755
5150737
52794385
27901191
28049207
23021037
47239926
146339
47383763
27302683
52377730
58676445
1174674
47645882
42873698
19009230
40612303
13431137
42041855
17500221
14302611
13062648
34049806
38918525
21016331
48818452
32614245
38322373
62392
35568276
3149297
2930872
50114266
23083236
9133033
1849137
45311173
3516652
18343139
39329088
26781687
24839292
1265908
16922980
13315805
6898325
19511039
12407655
18686309
14116137
16810892
25143921
23521191
14900
10749551
253123
457473
10749585
21015225
290006
17414128
21102968
290009
21158435
223358
21187891
290324
222544
21259037
26320371
290010
21290528
4839353
290011
222753
21375171
290013
10749647
223426
290014
21473532
21502049
17417736
1009248
30236416
222754
17417541
17417646
21618081
521371
290017
17417572
222564
21759532
290023
17417913
17417992
223403
10749733
21884135
896589
17417847
290024
521377
17418013
521352
896609
290026
30236341
22100601
2462855
290031
222556
3185740
896621
10749771
290037
8313238
222806
396551
17418591
22327572
290038
225944
225966
222758
17418688
22433942
17419627
22486037
290075
17418728
251237
10749802
223439
22601935
10749823
3185618
22711526
19792796
17418775
521387
22785990
4659502
868950
22844426
521388
22857337
13772790
17418820
1589886
23000023
9831749
458679
17418833
4014744
223452
2168232
5323672
10749830
225992
23151054
17043355
457354
868939
294802
10749842
5991322
17418957
222598
17418976
225928
225995
4839355
17417957
10749908
225998
345739
998042
23464639
226012
226014
1888899
23547016
10749948
17429319
3204546
17419287
17419434
453662
17419252
521500
521501
23725040
226016
10750010
23810658
17419455
17419676
10750421
17419472
17419583
896577
521503
23938234
23938381
17419494
23963967
22737034
226017
5991987
521505
222799
318039
17419520
17424433
24139657
15504048
24139846
521331
11613212
294078
222589
17424503
10750474
24266564
222548
17426468
17427550
10058157
24360589
17427762
2167193
17427402
521339
24385104
24385114
24385132
23755364
4640761
10750541
17427863
17428058
23865891
226018
10750743
521343
10750781
17428573
10750847
10750934
17429620
222581
17428787
17428104
226034
24896352
12407260
17428636
10750995
8118657
660209
12741255
32702348
3047701
3977462
30236368
17429946
17429732
20806565
10751064
21551811
17429982
249472
226036
25131617
226037
226038
523648
10751094
521344
6682101
286428
226040
9217291
4668160
3115896
13146629
222579
15337342
226041
25398242
10751150
226042
25398246
25398239
521347
17430037
25398251
17428156
226044
25398252
7233949
17430074
17430094
222666
37063427
317099
317100
317102
317103
317104
317105
317106
317107
317108
317110
317111
317112
317113
317140
317141
317142
317143
317144
317145
317146
317147
317148
317149
317150
317151
40501928
8245068
1001027
20950589
6813506
264444
996847
2283346
15296321
1665365
6813774
2632939
18291991
40066718
3531243
2286617
682065
41883805
520126
18299529
24950309
50923436
2196618
1032148
1821162
5898596
5349387
49481816
9184648
31833634
4404825
2962298
520153
1025501
561157
24629726
5101150
661754
8713393
682329
756373
24624564
320395
1590657
99654
1751478
47669437
8346998
21916773
24458377
45152243
13042968
19413008
16830829
24467065
24432462
1721044
593949
24219359
593904
19591762
24218141
24306333
5499616
24217069
1724656
2238288
24306742
24432905
49727349
24306670
24432498
24467180
24306798
31532089
1725136
24217120
24409761
24444105
23901450
53533480
24457883
24457677
3710413
585710
23015203
24467223
732155
18171647
10583450
33039708
29260224
33039658
15913969
27116380
22663775
18998228
16974246
22664205
22664218
1547405
15114492
30446147
27204063
740046
33041271
2444092
36279355
4411700
22664236
14146466
3179390
22664255
23455831
15382961
32912820
27128188
22664280
32866944
22396151
29157520
7657521
15308179
1547409
4084677
32938783
41509892
32887509
12765082
27128386
13923160
27128450
28509784
27128498
12925085
27203421
14056453
22664404
27128533
27203507
27128590
32942020
12693515
891050
33039729
1547489
27128618
27139613
27139699
32833696
18670722
13034731
17651752
29157523
13041101
2629465
27543327
12764923
12764859
32942024
27139939
32909772
22663882
12797316
12693575
14919475
32913989
25088592
27140001
27151373
12987248
27151422
32911748
33039595
32824557
26582440
12765028
801728
32926842
18664737
27151459
27151620
25168239
1147130
12813057
27116289
27411143
329608
12828813
22664451
26778411
22663768
16816914
33069937
27151707
27151845
32920907
32919859
31804766
38913827
32919170
12764947
14882525
2435847
12924220
9569030
44222657
14999883
13062448
9530298
2486825
33069962
12797180
1039529
12765006
27139765
22664464
2420661
940774
33069950
24900168
20620374
15213919
32833039
12947217
5922211
33039655
15590241
32888279
31830238
20013140
15637090
22479317
27151883
27152239
12972210
12764965
12764882
26828911
18528611
27203547
27177536
9249049
32865896
27193460
21089612
32823999
26778462
27193519
27193619
26778398
27203523
4096453
12693632
12972267
18998075
32867407
5655147
22664478
22348638
27193847
33039614
19625345
32825013
32867782
880435
32828068
9082268
7343768
32919589
27193892
12708389
32831826
32828279
33294866
25088606
33062761
12765124
18071025
4766409
12923850
20111992
12947501
22757240
12797340
24792817
12765763
12692623
33039701
27203535
12764978
12764898
22663783
32866506
26778391
3669365
12975109
27194077
29157531
27195261
26778497
33039557
22664504
22664527
26778511
26778488
22664537
32832265
21131692
27194124
17210091
25088604
27194174
4055427
27194199
27194492
2573945
29157528
29157536
5018486
15229943
32821647
27194546
1916141
33039739
33039734
32365931
39107361
12693609
12765886
27194651
32921561
33039679
27194766
12765062
5101851
19786280
12797265
32887927
12947663
627405
27203334
47091181
12924052
13697337
32827134
17413112
33040331
22664554
33039574
27194904
4323028
8261607
22664571
26537735
26778339
23289433
12765218
12797140
1979557
720356
18504403
22663721
29397182
56865787
56865795
18692480
15361551
32829256
21131488
17670412
12924099
22664364
33062782
25088633
32831665
33039547
12765919
27195239
12972467
5520842
20569537
5919477
5920794
5922675
16653248
13688404
13689978
46597
1934667
4218925
15690391
24261099
51765899
51768948
34004150
1388517
6168385
1740057
57496281
51765373
43186663
49081976
13036848
25416453
3266881
11312635
23790737
43129691
5247888
45653966
52983270
23790403
37715947
20228251
43664655
19436109
471278
8670001
42544794
17503969
4014599
56579365
34050147
30301165
46198438
37819289
49310758
58833824
10414608
10378850
18842941
30875373
52285396
53188117
3376745
11027261
40846941
25700280
12990673
3720914
3844218
37975023
12765380
22317707
37782281
1382382
24753160
23224108
27090712
38372503
27781887
52837251
56265599
52157407
5620117
12439262
38751587
3040335
23790802
3377322
38157005
22265259
307628
18756773
27603126
24726959
19873779
7490781
4512256
5073626
47486823
20912465
31961205
2295995
2586299
42513455
14072346
14083939
52408171
52408176
49403529
37162401
2758126
79907
17465070
35636354
3319886
4251709
15788608
12089913
45359850
6013482
9933106
48477981
25234057
12398
470926
25711567
29433075
12433876
42814162
3350640
3059155
320025
20187470
30714362
17890650
18583225
1256197
47709942
18785518
22172572
4229981
18584194
14644608
22227179
49858188
18584426
3774825
32101845
2821141
24847032
25400651
14538761
14449501
8960940
9650224
9594112
32478196
7393326
28328496
25567857
3429961
19873962
20598660
30831822
18370097
9519753
57327341
31584301
18582763
23435006
17914117
12644567
19964125
31783151
10799349
22180696
16266129
7097945
31590182
28913203
49937848
3500995
12802198
27238264
8979002
20058560
11506957
9871405
21145047
22976150
23559338
3303265
37822377
25920920
24200863
18584853
8318137
7640211
21167521
3386148
28531813
3561094
32665664
8997646
23551052
4696437
24537889
11152151
4251022
8084851
33511472
4683778
47806420
35236624
1724209
49233467
2487965
3124369
2973309
5363232
23993297
23434818
18587028
32600695
46342537
6250688
43561671
35587999
14346033
23772780
2555331
9383996
35767706
49997349
4141838
22202671
42176435
36426647
14589276
405742
10301428
5356593
33032438
30135758
38191842
9262770
29013335
11650157
7487143
45062283
34934485
38770870
3262441
21645253
41548741
510905
2377056
982722
27147090
57375630
34587872
14740464
2705847
22799998
51531
669675
9793263
3976441
11170029
1445176
46960817
3424576
477026
1802160
23027812
4415402
46738825
23033321
36213065
25169288
58277501
21495178
51666
12663005
1802050
2396529
203653
740275
19983742
2414293
21794516
37231994
1529462
37340672
286321
12378910
28979945
27206776
38478167
52940619
44004878
37422382
2548761
4178655
1898198
38558650
6207282
50223200
17625663
5417886
6854433
35179951
49776424
47244116
14421414
16702922
1256414
47449216
7517450
328859
39329607
36938876
1224478
11055223
41545973
19939402
57990633
2115139
39090800
38204838
23403626
50598681
51630163
16680675
17423452
29038333
13644347
15147539
47557282
14871
16375045
4250323
42673261
51390957
51304977
18992873
14988907
25714624
289860
22703042
21447866
294927
30807701
5080888
429618
40990955
15300799
17812310
33902732
9322713
6385832
37837959
40969212
15308227
22223374
41601607
4190350
33219250
23836847
24253774
4527498
6064424
27848005
28544909
2876444
41575363
8707155
42923670
9054395
869330
47299712
30248478
9979199
18096664
855216
10794303
48962287
616932
2409720
15515704
26488988
50098569
25053815
740705
35251916
39437754
17085898
2265543
15191106
20296363
3444247
23042857
29722349
28670987
21820591
22917449
2126501
10822701
18150703
1017293
34747223
32487957
20259348
8561200
14973237
596913
37093440
46325016
56669116
24357613
15767582
28128274
17788591
7270264
1494648
46632604
19746798
47109966
39869209
10971939
1889325
40575517
43592095
53829799
19231061
311505
16129302
54921718
1612942
43492081
18741849
36994479
35832066
54631441
46340395
4533551
48338721
46325725
18775928
43645037
26705444
39819467
43488483
43514917
53151217
7667105
54977793
863116
736240
19630660
555177
26093230
18959138
3731884
18951556
26096593
469460
161774
864359
24139776
46446014
1568985
710067
4345563
58337
6927843
38371844
674090
4460850
864378
669083
36974375
7786
361958
1128224
20948474
5618599
8530
46797
8360192
1179056
230484
161704
674486
42179
1363431
5424470
869534
863532
12651438
864325
3607546
2781120
28158585
47733843
47551734
23949021
1158197
882418
17299
1433710
2625126
56865
40104655
810198
97905
11459463
270811
26096944
19036
158835
858216
21027045
47648850
12645642
873541
702977
40678171
195468
547235
3536338
20553891
1887490
24188320
20372214
47448849
16465609
873595
20611127
955560
44345536
40455220
1708677
2900556
1287224
54384659
858862
10707177
3025441
19653787
6246992
3081691
1019079
1923993
2473614
16086367
1885244
1416612
13519165
45310
12865360
764927
15416653
21088735
11821775
1127684
66577
9146522
201208
456161
7958748
23962701
18676889
13728473
17095467
37498273
20611356
2298065
2756802
66676
66680
12077540
10042176
19826061
19963330
4368975
53235680
53235640
53235598
53235542
53235493
53235412
53210866
53191423
53180204
53180082
53178742
53146315
53146198
53145944
53145906
53138480
53138320
53138087
53137111
53129619
50654177
46555023
45711610
45710677
45509629
45498839
45912916
50017117
56840250
427545
53238909
2096832
6981292
39447889
53875818
2933110
52848754
13697661
37900033
32473343
44975430
15516245
53762892
52776086
52768715
20893932
412128
26033608
5907841
2689722
52848787
39029139
475254
21888586
53885034
13986867
58106110
58107266
58107142
58114607
58114694
58121727
58138039
58156069
58221443
13182196
8681060
58244981
3365161
4930971
2377911
58221111
3149448
99425
232942
39849556
267918
44920
21958259
55483764
55483893
4792371
12069681
17392900
35035075
21108825
21897548
1854817
18606047
1919275
49964590
17769638
1371046
21820838
34045733
2929619
2201846
3587944
20109806
48571132
53185834
26949417
3153731
21550
24600456
1854772
13577720
14460478
395918
30269209
1039945
47392767
11604083
28672960
20922186
54823060
20410504
7611477
2891761
32232262
43295179
25497278
34844341
3012010
19613835
41111331
4119348
2324951
49313656
48830306
15929459
45679227
15780776
31370310
45674713
12868203
29671960
588196
56398428
51774438
54033971
1254336
33443595
1006179
58588
17201630
25102626
13737048
27947077
14101913
6301655
11156022
52598474
37292962
54268322
52897523
8442496
3238286
37574180
7094834
5438469
40280914
13977590
31236452
30155658
42573923
17892593
72239
3648757
20170576
165374
1351340
51252032
384701
13192836
3244435
15758812
2277192
7017612
1900591
25565517
21379773
58620666
10977314
10781566
13183737
192025
46235889
3238231
23309403
339558
43042866
13965955
12413980
3014842
58410939
23304518
27161965
7370764
21766465
9407312
31936536
47951387
12595264
3241437
1393456
12008212
56997673
7611805
27740421
1144769
321021
607253
3237847
525098
7974665
42668333
5989779
11108970
7259606
32819993
35649279
314938
8417504
2186198
411262
21180668
7531016
12194702
78214
23465091
4458634
15643599
1465207
30889228
5283676
43440338
3637477
14608983
17476231
1799097
2321000
56188331
40510551
21496171
3453400
182607
810885
38855508
5206437
1704228
25563683
36537610
15260675
1546216
45419063
29661574
21995243
5285068
24142446
12084557
37782415
7820490
328838
27427138
33896833
857306
44192996
50705304
2654349
46962784
513692
31192337
12918511
180868
1633840
23819087
50335203
35730259
3331926
5977437
5375296
6645353
31392035
46520697
56206
30008951
1038082
547887
3547357
32900203
20223365
26332537
8861905
1453080
50365324
32843422
18245
46553279
38612919
6205290
1569986
8471002
11969599
216283
8753024
40612937
14724260
2840568
7059624
35052937
5777284
23301404
4862212
30440626
26298756
52923395
14511016
37319566
1719772
38185235
46239150
2008414
429162
13652388
11255757
48210340
131709
47611637
57893873
58082865
58062550
57873141
7073488
6312276
58062069
48057613
53158217
367623
13282489
44739998
1883529
5694790
34185140
7606857
966800
736919
23317914
14099127
46681676
6001374
22176427
24633961
22296130
54478894
1931650
47169963
33055287
48581224
22296028
461082
63624
24603465
1603873
423832
18323647
12708519
50825076
187118
32913080
553383
2151878
1744804
11508332
22478426
40769901
4893827
40768354
1676893
9639817
22807532
19083445
18146716
54819106
216216
6781871
10625535
3968480
67244
13377974
827837
460983
634764
69440
24940440
30389209
55723617
1596317
50686137
1999038
1294453
5939070
58143409
48610479
36309813
1260217
8833112
22417827
11589621
31536987
1790574
56711858
37783642
55613887
10606078
51171430
51171292
2148015
795651
3546875
50461739
27578281
14516955
40546238
33879506
6484194
39621199
35533993
8113846
643020
4034788
24066956
7597595
24922703
11811662
20494183
51838327
239021
7847568
11705835
6331168
1637752
22016602
621549
9502903
626035
23993216
20872294
43345489
26123160
28668231
2803139
41482967
360794
25170960
162621
32343186
23412639
12427442
24786370
4133831
3009696
10545895
54278600
149261
31679093
996305
20395477
14659380
13809854
11778679
45186727
40754326
27554979
919570
12312178
52973918
4415356
24169775
949526
55789228
18955999
3155220
1221268
996315
40373112
191162
3111575
2518907
18309949
3662844
48796836
3259712
307197
45636825
17110306
47234583
2722676
11103881
3968707
240391
20388135
34227079
1097662
186421
286837
13263438
1486300
58209558
16191394
28784839
6633688
34225248
4498471
5986081
57977174
5777537
26401152
55226007
9888521
16334304
16332360
40841658
37396309
5446272
47291523
35873982
4739046
23003598
185153
17022
30950861
3964400
5302890
48832682
8633062
52921836
1589341
17682893
28784731
15015451
17170807
19495215
49530795
28924376
20363345
4477256
2050671
2235142
32479073
972457
3335767
40364808
1040367
318257
44299
39746301
23994524
4475283
18441501
51984880
37392290
40005337
164573
42407274
2441056
40649042
51895292
10063238
17453698
29615421
186447
53993905
14500263
2717897
47246847
21036018
3996332
12310667
598434
9223199
438766
57376009
44120129
4372011
18842395
5737907
22204585
49012757
3594512
4500678
37154099
29086318
28831147
615328
390410
3968794
30257865
19111851
1102000
18108162
37400459
10545968
257916
21918000
316612
53766964
34235587
18736230
47871380
18842308
850994
22187062
28757909
183957
30955828
23722965
1415891
3572234
27484867
40094589
744639
4647646
1367618
28997060
6584823
48828011
6194438
6253634
2251758
37297583
2129167
3464580
18441946
36257220
72585
23607136
893889
27554141
10046963
31060482
45584108
13549227
10084738
21357453
51779693
16865366
10029448
15718130
10066222
56087517
670499
900061
42875544
32093488
10029446
36425227
1398722
40036027
1112702
14226734
22797402
2143634
35990879
11984
7498241
216260
32713834
155660
35205047
777
2937920
289895
15305337
16657678
787748
21765249
5552783
29769528
22791469
6100577
26186300
8157239
1926209
927985
3661977
464779
43110864
22807195
4619516
27978203
9605704
13285352
43608126
469300
42129873
1932702
46178340
232904
2826867
3841372
50412658
47245027
7848908
6095380
5559192
17883200
29565262
2368371
34076480
8268079
6781181
57085125
2855027
6948626
3237738
29978467
4084112
14924747
533214
23312277
980345
51176555
29139191
893280
44511992
5564520
41594465
27642756
1469415
29640296
53320264
23624191
50484294
4786541
5422431
33657110
43608181
1822951
49584034
86996
12490863
181407
2079855
13280577
1159362
5756465
432138
36886029
2119992
39298106
8362202
1135529
1720511
48026802
53207983
432134
36889164
332727
17851080
31853491
17867670
3209829
4365270
51307532
50979026
22584796
952429
22584389
4226137
18952362
27051968
605870
4635140
542316
23826243
17747808
43995666
34848966
27091171
5283905
2064083
16921372
30011537
7916426
3576294
43719974
24321639
54641324
1263281
5699418
7938773
8253910
22086712
1935605
6575569
47501141
25920941
155875
9372603
48482493
168008
2413296
1696747
33937091
57441565
2635691
50502024
157664
4576518
435078
38954750
16993285
918082
46635764
233609
808986
39516295
1359960
26720883
2831333
3574291
34256590
3450872
471376
18323472
25476
8208376
361993
357314
31744069
29056876
23808445
2613688
32205436
55215417
2919623
23937771
23006744
227500
9620077
4100990
240852
45537504
29295556
2916199
37738
1251925
106001
411795
5377564
287843
53654669
1104478
227547
33686526
21355969
15539543
3721610
1034940
24398887
327068
525538
5402377
1251566
44933801
4428062
6830111
3497326
23454306
2487443
8763148
37249793
32405
2478366
49396
3238953
23675005
216354
53497560
4006962
20191992
227584
36907131
6569214
3168076
46726705
35136691
23444818
18952530
317938
8071853
1850790
1623487
25660779
344670
47038081
2674296
19918814
2011002
2663284
33736281
40399359
81945
757254
30651070
17281921
1400436
891730
22847209
6025205
22798735
157024
5435686
5840200
38608114
3726925
432174
1401183
1403777
1032545
5459717
33855918
1274922
4331872
179094
4081192
35356715
16697654
12080692
1825702
2603466
56621057
8207762
6515277
2463511
6299800
684703
3327222
3898568
24006135
1778617
590945
35844510
42057256
42246223
24050869
240584
568942
491886
9897217
145771
9895982
46883675
3804694
42497186
18376
23880519
25643892
238244
1281230
8780423
981707
40890086
49539523
1757077
1469152
192108
757963
1469170
6422114
1282693
11899262
24589404
1491343
33620335
22569539
1862254
6504515
49592398
5791251
862061
37016179
7664618
2954054
316393
980813
6540618
8085091
4366561
23204993
974216
18807235
6867743
1585998
56435420
9034453
1315438
7518280
33960427
3282908
16941792
767547
13912005
1017844
22213149
14651673
5150921
14698691
11571904
22340863
21944609
1131331
44213289
793435
7215034
1959415
1127304
56161589
15691081
3083860
1069414
5406115
6858154
881699
974163
14528756
14305756
14305727
12940823
14196443
14078238
160332
44983054
14205132
13980071
12940349
2592962
14204190
13482338
29588
3472310
15579375
52750108
48603932
3987787
3133513
51487006
322144
87260
58547
51465607
23715864
31464187
10298371
7019701
52918977
462030
2994
2097169
73664
315968
2043482
38461259
15581418
41821489
11211062
5298482
14546835
7825
1696710
39316
492445
3295084
8949
949087
33216231
33821764
13784890
7544715
29512737
20710863
79537
12533217
1952496
13793754
482371
30560888
44962990
45832
16640557
51693407
41798998
282350
554215
6176311
2571938
222348
50899529
874649
26619546
9895412
5987739
10553773
25791266
508181
5807398
22162333
38100943
6209433
32944207
22035175
8693885
6722752
360726
24605779
339183
5102984
38079557
837995
1358178
25676
5232825
4754155
44269521
22661665
17561681
33994239
43188546
954329
14337447
6297074
13058946
6500706
3247736
7187296
18273020
11555582
30204464
45683575
816870
809774
41397948
3294549
40879013
46540724
39664778
33562411
3327757
31279973
33398694
21401689
40912831
49142769
7867727
43134035
50532492
36210887
102793
362075
50466674
31658772
29477858
20053858
19888701
7143925
50149
1682271
53287183
48387167
29997701
1739939
16726578
4173996
35609401
45407076
11912976
57352826
57369834
1023652
30653565
1036810
1320441
2316085
24521806
44944695
22881625
14159441
2937529
15023899
2557325
22105085
22086557
47309333
17385202
890485
599416
45642980
13259181
40815891
1658669
2738447
33803280
6164255
5177960
641075
29142065
10845121
1940911
1668575
974191
1468228
178711
30530147
16742068
1199716
6392374
345707
24187444
2564884
195952
211646
14344630
6163829
526180
13587080
3316134
34346927
851853
4361857
6207080
1862827
5158850
50208122
13757374
2932226
41598474
37591180
24067787
6163708
476867
3789875
22261876
7443276
2746622
1346384
28965941
920844
2773031
2619340
21699101
44774563
17160742
12002936
58642344
676393
795012
6725984
22603941
30960853
2023727
4083074
43017829
947692
7394110
1440257
5019085
10480199
56127853
154456
6633740
907846
29833086
6206799
16907401
3282500
769874
10113144
10965384
2690119
478179
333964
9557138
19366906
27085932
22767043
650638
28699380
4606337
2692699
47437339
2453512
5798245
10151468
13406286
13475
2369313
27784554
10627396
4234669
10627154
638798
50324610
2457864
1897176
4344913
3140619
10639873
1895940
1653906
13761
41314211
975303
17939875
25001162
30875331
7215856
187108
17206862
219807
31225849
11579775
2476461
58321650
1181038
18372752
5266431
10161191
22615874
35964309
3430283
53020832
24564977
5784365
50556683
17527122
202696
6205138
2665924
33050278
37492566
10408269
490278
263276
10950359
574964
10305651
19010921
21631807
58642388
729308
17308723
17306281
26518627
43243309
6158975
2917156
9574146
25001164
1283773
23123412
5614778
5848083
15621108
12008201
944322
515466
153968
97169
28426193
19677803
58642305
12101655
1556369
1389213
1071259
40383650
40233898
454766
4629134
6163976
24112964
7004945
8173057
6594021
250252
16395047
43458083
1115948
33947971
14452492
1598792
1584322
37166559
489788
7951525
2972046
14225511
6206691
1862884
10144849
53828554
1098542
37252465
8011036
11377795
1152347
14803441
27826472
23453271
5456327
33853761
274908
16906980
2764007
170825
2488867
333969
217852
14657079
13587053
59150
734707
18976931
7724919
11377490
276830
1239261
39807470
18373106
17333662
33940871
26476354
15514917
823497
254677
4080246
22903831
249658
53072876
37750468
6206549
1862909
55723427
308683
11168921
22795630
16287999
41286879
5515578
373474
45037438
11461033
18202231
3816723
6164330
4512101
3118805
51004564
7700692
251475
44238645
12336623
15718326
276852
4700167
4306683
920247
399311
715335
328576
1025314
44987842
1117476
24711831
924201
3017524
2292165
3491188
1522563
345674
393531
345687
2108680
9784071
4414970
23230
2903320
31180
32712
168041
1264
15202398
17787631
200085
31585265
26569682
1828681
3633706
25347757
61028
9970499
1016885
48389
21914777
28408157
31696675
5735510
41803032
14865
11564906
13084071
308058
7528635
501758
52947580
56478
30871810
663680
663683
2544098
1391942
44844703
13294412
49112440
2905826
76944
25935424
2887043
41100609
30048655
18183
221536
1525933
39789
7290730
563620
658686
77173
2628786
30871821
768388
1048084
27936530
1708801
61026
764948
49045892
8810330
12687690
58424175
3058028
19627582
23407001
29854391
24190674
19517364
19551524
34047986
1459830
1095407
19690451
3305338
55574224
19116173
3419810
34493397
23196276
23306138
23197798
19546440
1095365
9603960
25586911
17974754
1031496
3305408
19545270
487105
17880813
4448919
17976183
24803284
38522064
10174726
352760
14978930
803871
39572600
753647
841875
39572092
5994564
10469932
39572453
4451902
573188
6427283
2632598
1593011
13198483
13986964
1480004
1796135
46300216
37335461
14472973
24238010
36018511
10054330
1830232
1451697
42048868
4093697
15409471
14105159
763951
12831052
12831111
26732944
44243797
54406121
42268435
6222001
2355379
42303791
21373943
54133556
41563665
8774748
39017039
26551776
1718997
12849463
205710
12849052
12849363
511817
33547347
28553672
31458576
36987316
26695259
50004223
4136136
23551300
8000524
49408030
24813870
20749040
871650
4204237
9978481
1085993
49170383
6681144
14141853
17306186
28981006
24609179
25182383
3734087
33832837
33577373
5116052
9448455
50816353
23450595
13136115
32115706
33409644
166164
18365071
24308781
5043117
1830703
33283552
8688887
48550102
43872871
28685569
23265696
14509243
567131
8739122
13755028
2336453
1410346
21012175
4518428
52761909
39122452
19743587
51477367
5934383
9381411
3808633
12228703
22034383
24589706
45531219
51270933
5654625
158548
21918773
23653324
3330775
19159839
4129884
21380680
1564855
9250176
15365182
27376078
275102
31492703
38889260
3081003
15691345
27037854
868029
13235693
25686275
33411394
20786823
4892680
29481698
9182392
21001107
29173731
2987862
10851298
58002935
1944910
367276
24782158
13235968
17856588
5763249
5182088
26893570
19019933
7898548
23812732
940042
32375776
3749226
42022505
26847954
36703975
8615325
429060
12440910
18178016
25312729
20643110
38519530
17326023
22912834
27145688
4103373
39472511
1208633
10611181
55404392
44799298
25509159
3557676
23520639
18554905
1410429
16742975
27659765
27155900
101884
16707882
15879340
9527293
24205780
19027366
34690331
1393503
11679320
35307639
8787876
13828463
26148895
47770918
10092249
58933608
38557928
53835641
5119440
36697317
16671676
22991016
4253264
20155107
2692900
12172216
25372934
21321143
21331420
30312062
31735114
37963846
30767376
21956891
3220071
27628761
33699449
36716429
26005340
26004801
47197847
16612342
40772941
26587367
27570492
37333003
2658623
18545845
26012456
17455500
14826516
36854286
32619321
9480791
15609596
48153676
13706322
22989196
23491738
38243004
13442173
32178
13322679
647842
2321291
1917120
21809895
18447561
32609269
6747010
15719240
23554855
3238511
23438374
13244136
26488977
18249818
24894563
28927495
30235371
37031676
8149813
30878417
4225810
45455389
50242223
394070
203798
23372362
55465631
43840431
39388092
5015835
21558672
51906521
13310029
37268349
29052455
28924543
20379458
42741
7128954
11968252
28211418
4481179
20617538
7233630
10416353
1713354
3523502
51906722
801472
3223576
9472849
14893044
97240
5100891
21326904
54398567
57719922
7545639
4117589
50056675
42578837
5145263
16825204
1261982
95926
1768174
4078497
95948
610755
97241
32087292
5355670
90624
7220801
6814710
13811
17031152
70076
17982
90194
95931
100594
17764148
11441067
37544225
92982
39239375
433978
95922
26305234
1583130
5178616
11879346
5732986
9281770
29379313
84369
432273
36492251
206542
551314
912643
453149
21694580
23702710
13313000
1639011
233000
49588429
572464
2109877
83529
8197423
11206044
12952595
7374488
7662799
54036
54035
20617631
38282506
13533520
45995
5318270
58764873
13973661
19630739
58445665
28742
5334607
689
20611325
9239
15822342
20611562
21139
25706228
58097959
26769
58098321
19620245
37677972
56430716
56632344
5130285
51506837
25287133
174069
35971482
33256286
212485
944638
41077022
47992
113728
226741
233668
888727
24179592
248189
11603215
4387132
13844012
2068726
12804696
148578
41782533
14997569
23708860
9951602
315426
27132425
878461
4224324
26726375
24714
146689
827792
24994958
4396171
29247528
1335297
2430727
26686432
1870708
52275835
31016
712222
6262231
19678805
38714
17554500
202898
1588581
305265
31880
8766153
479815
58025941
18766086
55584061
34320534
514725
10335
4169830
360753
1952879
19985770
21387252
1681795
58950585
58842605
336820
1799357
10746842
161791
147341
35019028
2219499
11818074
1322754
35568077
7955594
718833
5966550
5185859
9888401
9810573
9197779
449926
434194
255974
113530
26413989
43598
47603674
42080540
1719884
486077
793565
49503401
6091238
4466599
51097030
1399625
20559838
575054
20803376
408021
43220200
76483
41494211
7708624
275972
38233680
156403
551217
65039
46812757
5651612
24888356
51807646
39521096
42277986
1761935
46815207
37968361
1889911
11217970
19131436
42080613
3337617
55851179
43674945
44071480
5696063
34809430
27350758
41566166
54975597
499822
1642676
2921967
17907638
10097070
40861149
7672872
45388637
5616903
43104666
69442
48127400
34890518
41995379
53235591
48602192
14942304
32114415
50833107
51354871
38556443
41460489
40977741
50763230
41093611
32393053
50637080
200161
51345656
53235203
25323415
33746834
48505161
89029
183584
2518034
31968575
6982098
18565714
11732
826240
144650
2312628
613119
994499
3605313
21131209
2820378
142829
40030267
435555
16177382
17696
55562707
53682678
13581836
48462317
2736110
745008
843566
11812179
2302775
1863792
258885
448462
38670560
1478
24163507
1550365
94940
36783407
5760540
1500651
11237247
52419008
806290
8336889
1068775
11045799
2601088
51430801
6060363
14781398
477815
52404285
10158053
3207063
49432763
440114
31167310
4661947
24154908
1035886
6517935
950457
505751
2089069
664400
40502882
11146622
13571787
26614455
2472666
50320485
1352320
738149
7085992
69453
4217326
18480268
37102956
42557803
5445508
28360429
12629192
625715
13073371
194086
111267
8051386
1434008
53840
3909940
26621662
6752826
3574352
298552
577011
21871
381047
28971747
217538
43507984
86772
24515576
50184565
636809
8462275
51027213
2975050
24451177
5486819
26335483
25849832
37261147
45314391
23129623
37477861
9834707
41713303
697526
9089083
58771649
547845
265452
32008847
2071166
18590504
5219405
50727844
26211048
5725579
4643877
48566817
16680337
29512286
149721
148545
12344884
13418858
28599866
54516887
51415718
54428669
37885415
7514478
58150240
23049767
423997
43274654
158364
746126
26526411
21208860
5222186
13632704
54551542
22783493
3713687
10923127
48559
36413973
49677765
1323692
35475227
2026527
949551
36245763
303937
180638
1455556
3738249
17482765
17778299
5384566
10311282
299595
28896435
1455505
30758609
57089598
1449886
526091
217395
4674858
1462371
6555059
8835114
1438185
562964
3581547
7656893
40243132
183717
1836387
56999897
2979302
43734044
340947
1438089
16421
11668975
1408090
6258621
5534112
36577800
2771069
844439
1455593
8404022
180852
23521009
4713082
1438224
14326321
6058317
51765977
1445257
59034239
1435294
355578
1438208
2496664
25242263
26925624
41008562
39613094
5477745
57001017
1358667
1438395
11665110
19302309
41416212
21626246
3739354
1451461
1426688
1445236
1445330
1455583
54562803
16052685
30076562
58931036
14349405
50344441
845673
23314961
40251169
17993596
17022354
40468250
625470
27450868
521881
43132230
11294253
2189505
1949366
31663576
31701494
23178127
38766817
3564116
734496
11169494
175717
83932
4709336
174653
18934997
9304229
4552987
13796129
24952529
12762853
37419103
457220
23903898
8381218
1895458
3236775
186508
2729902
1076585
37439786
1083128
37419192
16180244
10221
37419361
13330085
23306833
874676
43567
4212242
6849594
84257
1078638
35888604
23162494
231745
5046563
21048588
47081346
526013
219681
873884
4291497
3719005
30967908
26532661
4037853
21373615
1523865
15853756
721635
878563
15207156
526129
29854726
36896659
1011188
540156
37430557
12945607
206829
13343792
1354151
12371230
14659377
1922946
38750978
49612372
7352880
8906583
77332
295579
764882
540182
24735525
214577
53711936
294705
13409671
870983
416272
22689081
35647552
720122
13833793
21117054
2372849
7725089
647674
9939543
22205229
216601
2583036
527661
35802272
8855209
42242509
199065
17840323
43124877
1044788
18587014
53600375
14691776
40096302
8338106
99863
26971936
40630
4318918
6657580
3701475
57501545
11130399
36144390
2111401
2588191
242016
6947013
32352620
448247
6157807
24841877
1433512
27958897
48724391
52080510
45251084
3178337
3004972
11139555
42525361
53905382
13237265
538737
32993479
37999350
2215129
54170927
767014
36073344
2425718
44974523
57985922
8141840
58112705
80168
11244517
37255468
53899336
45595200
2999955
1340112
10082607
9853191
22998999
5126056
57614526
16748473
27927425
11879701
17182297
761512
28735056
10182675
9414134
15265796
45383
196971
507872
19067707
3447716
54991096
54991094
14669196
216232
191827
413885
31599569
57752567
5568223
206272
2334488
9322003
171118
14714328
198842
47588024
31600854
35779499
8707733
343001
42668554
26728680
21357153
2395906
26949917
17964814
69147
11290032
39907043
605721
2395338
5133982
48593539
1786938
21735863
3758628
54048
2584198
57175794
29001609
203115
43456354
4114511
12183142
4435755
54807005
297732
19320351
19088022
23429209
46378
154491
34320536
61130
44273427
28308871
28581294
28559869
4941982
1149357
14432986
2227762
31350163
12437396
1525000
23223941
200382
13247298
5932049
4995
1921489
980157
3956035
4356317
29905812
8885379
16764368
3894860
1789517
7781
41120934
7515092
3088162
7780
7222137
19902876
12647787
15724468
2064659
44310
883625
2453693
11450538
24761372
2854227
9210388
1578454
840268
7408972
3202585
47476937
26835323
26658981
10747431
4304205
35774690
917869
20990
11304746
13686670
7756921
6751212
12731238
3159401
2928969
10575867
14355956
376587
41641300
8320582
2470545
10831678
309737
5803300
1872199
3516549
21065716
7351766
42797147
1104439
9632395
4853361
5751379
53588153
47308141
9434510
49343253
2896611
58019935
17192683
11536390
1060190
3829657
2398181
10106183
46300612
664963
49222783
49224863
30882060
42536883
543512
271319
7003959
6829906
6684436
6667940
10381049
16644229
6338955
15503547
53622956
964247
6685035
6690105
12034325
16038763
6667674
3239732
2067196
6323770
33661649
2715609
3661263
42532364
4815216
1894875
1812129
16487949
6684290
5033794
31769026
869213
458802
871481
50008107
6684383
12052348
556237
25856323
9716351
4766287
3672448
38153484
53215923
1637734
151495
53195493
1289971
2677169
50961488
4464752
43768471
32659955
16746212
22259308
13407724
39214845
1750814
39471453
22743976
14169028
16876768
8972270
38147325
57638038
43096970
42328372
32818588
18703071
2253619
54414033
26342521
4921930
26067097
28096829
28096612
28096699
17834536
883651
49474359
4811665
490484
82334
700486
46182424
55881042
236747
10822822
861717
12272865
25959702
26043398
25943315
2878167
447277
30811387
32512686
26067405
1090611
14650318
14025591
9931972
3020848
1208835
607542
360033
45087393
721336
54287248
1552345
1545952
46892176
34743851
48866551
39765024
50710831
24231493
18023595
1275913
1133571
51339588
21836804
48231450
5431281
14684531
6690658
1555317
23116759
2104341
49332123
889183
544888
1333161
1332940
1461372
35269648
2741870
12991932
8474622
13510215
5658634
239136
34745681
57329284
57329245
1532331
43535659
17887911
1835570
39378159
14808482
513257
16874172
683327
2432536
20530144
31849686
34965510
2206967
18132796
23548809
55190610
28039215
13184192
11855012
55024301
35718248
50876850
21369887
25670004
2466468
8689017
33077254
31424206
55875193
7655406
42895186
3667154
3690682
143023
8760462
28567784
50072390
10643339
39984881
40756709
4590451
24993948
16880962
4220443
23279416
4984079
31544633
973444
70713
2017745
43212772
8955468
48909
19147809
379814
33466073
47319144
2042949
840298
4812886
7166412
50318273
28073818
36173055
505264
39641481
1516323
28942212
35151800
37006677
1994698
1600941
4228754
2515660
11866
3341292
18906408
1509102
27430207
1445706
45390363
6083924
16646139
10211876
1905405
46770006
1021510
50503497
3463982
7720731
5644032
16624258
27616141
1839363
199645
53389489
12856971
11077711
11689793
12533
17956789
43104833
1216466
27616383
27429895
27500554
55943839
5574420
1558634
681295
3570616
22231254
1718100
8778629
17800413
13951777
12568324
14726291
18471721
4105326
28022473
10078385
2321934
7810648
6901456
3526162
16946382
4075340
11023014
13152429
3105244
1595626
23885631
18267120
523288
45062371
10120922
9936271
4734614
16009751
28125402
14040392
16103661
3335034
45189573
46593315
5574517
22235835
44970184
34405303
50175899
181568
10058578
19308581
38334360
15219400
18395149
2410578
3465656
10212368
13108226
20747004
2412341
29927557
23415821
35985905
3752644
48942135
11048453
5653565
5055431
11292996
21210701
56456840
5559303
44943183
865641
18912432
8920000
30099743
34295298
133996
25430759
725139
56543112
8754562
228148
55514078
42816740
19328988
53602677
17291223
13160311
38449525
10392323
19429088
18674371
1687038
8746365
471126
27738233
11177996
31251910
34470179
4650693
13432264
6633540
51111267
11453612
52292265
4412802
3928494
1851168
37652432
46398093
57303856
24675130
27586152
45147048
965569
24875728
31178484
52125152
2298321
22860458
34526164
37087940
14719170
55848604
43457289
3773230
48808954
12178327
34426869
11821107
14431176
27339747
3328574
38289976
1966572
28917994
42621395
30806208
31196990
10475983
28366919
28452312
28433988
24606792
31560201
26705585
47259185
19570423
32114812
43009610
30968333
14932215
43534510
899642
13573877
49105396
9017838
23548500
25198164
1944178
15678569
7004443
5279341
49658
37192250
52163976
47527
1519627
37193046
300659
14288994
2034949
9848055
439821
1096809
264937
1002984
30684
1443028
6932664
30865599
18951002
2572110
17271126
86124
377070
2233278
40956685
18508684
42965
971501
15260
1511684
8348880
1275744
47544
36939620
25814293
2936950
2273689
31360712
18287344
21490919
43727085
40494939
15225843
1451418
52162600
3280313
316966
47421364
25271012
2364800
45434
23291417
994228
1866009
10122624
588255
325232
250320
39011827
47963327
988796
1860870
1458404
42034366
12172720
7886277
45795
25466062
21675
231731
58293591
188418
22376383
14674638
41121058
1846574
1840937
23626
9170030
184948
14967273
24462958
18413531
17996959
29501
35004503
30802
31793449
34359271
18363322
11525485
6057472
54980
28820354
30876082
1115529
28809559
981
56896
854
200366
1675188
1145843
47431
1185872
23096660
246010
462535
34889268
32195478
2415235
481294
11203410
17964174
45746
230497
2320518
697731
313669
528239
4279010
39031141
2961524
5878098
1092739
55215
70983
21775515
51464
12800
1283161
342050
185842
1312499
3080100
409795
14904658
249853
18964
28822188
14892336
422379
3449423
2342760
31921977
517404
4035717
183082
1223848
18157354
14892784
14881484
240388
498462
373252
1116600
224606
427778
8046513
24707
609248
44286411
325363
45948
58088
28894
34213879
1152894
1152361
1152400
42875822
1386189
16629314
4670441
3795895
31302
596736
523282
1152734
3546524
31891151
2840646
184730
3546854
29402450
56870
3548890
499291
1429301
41427845
2266816
23588746
7582579
23589277
48717779
41258780
7371134
2064777
28994544
10166020
24746598
3105379
7533334
9774878
7215866
37001670
14286514
4695968
21659596
51982941
8964600
173323
4723895
3301788
19145986
23597348
15182656
14912854
342237
23059242
30137082
4375495
3329998
11006517
332714
4858900
1938160
5298380
25752251
332087
50972444
608510
42549252
628999
733111
1658679
53994391
39665755
23176721
18384964
22907035
5358350
1454108
11669883
1971525
2868883
11599366
608507
3870948
17689514
2211108
13096068
460049
11956665
26949906
23694145
1533439
1823235
10034803
7935422
4971006
35804510
5495634
37001809
15242265
37735503
18214049
9287741
18694662
17657061
18585309
261558
1584939
3085882
11598683
5508703
5517616
18534366
3050373
5090719
3627783
15369533
992622
18731467
5100815
5557624
7526257
4522645
3472256
2009222
7121573
11599259
1475585
52088705
1282342
35997475
8642344
12591925
2248681
12354401
1707851
14579135
6068797
2618476
18159253
2044975
4666012
6189024
1108246
44142441
17595973
3813752
48621799
31760263
42283195
3426801
23213003
4723798
1629705
37471147
307200
13901336
1641659
4285194
11920181
23536828
9097173
895228
5047034
939490
3108709
1767918
32189313
3357570
6093872
42670317
7191377
41861296
22030972
4743248
27396841
25465292
25475601
25475825
26999716
27460929
24443255
33259755
26417003
31652729
35264281
23977606
35264520
49682609
2955470
38362253
38362275
38362266
38369568
38362265
38370545
17046627
38369823
38369881
38369079
38369844
17047546
51341548
38370803
38369848
38369851
38369836
38369840
38369838
38369857
38369585
20834752
57748209
20940543
3438735
38369576
17255346
18306200
17255575
5403602
28344781
14848165
39387056
24660413
18271795
52808731
20792516
38499446
38369563
1599514
9477849
38369892
38369876
39574950
5205305
20833036
21091752
4888720
40149495
40243603
53952436
38792747
39679155
39263075
5460862
37214986
1478767
39912494
3442287
42069894
42066483
41979095
48444375
41978858
41979648
40829343
41979656
41978854
42297986
42285606
42365312
41979660
41978880
41978846
41978969
42196921
41980221
41978869
12974109
49068072
46433518
39569207
19735027
6738379
53944229
937508
38585033
21083465
3412641
23394266
2271843
49416867
57682139
24823595
22053442
47079736
48683100
50428214
43291789
46802443
31050457
4543843
24170630
37299704
14524051
12171290
2684441
21985535
28810980
24136307
29528593
7086708
4245811
29070181
23727602
12559579
41475696
6120995
24954421
31693493
53665248
24270060
26062114
3458408
48807760
31616173
54728786
57856341
13112415
12420206
57539658
1057240
20849579
43500060
6284170
48438243
31236703
43495551
31258467
6915807
24313840
58188128
48565269
1400839
28810782
29536788
28811091
57855925
48177560
6915830
57881315
29570847
2761737
12409209
46244406
13287078
44869132
48815825
1999081
43042715
3204489
57068887
39124766
46623330
12530501
21952041
56683414
45552634
22912399
1512690
48257828
11057153
12240552
9311982
3508727
23395821
46838264
55723898
1050225
8440375
35231841
34924580
25776292
1621978
50197127
42553498
55630089
52453318
45092336
13382889
7923805
56910628
26004186
40139703
43968942
31168024
44245047
11019466
50192892
1141147
44191315
52788678
44753947
58242331
54775122
16802596
43125552
41267247
1181466
48424972
26297218
50186009
56521348
25219802
28811038
57628920
20619075
50918097
57504333
16064221
50192838
50192867
48444425
24147551
48982574
55751650
7065168
52971768
17302478
48792449
1114821
23907287
55901626
58634465
56245525
53930511
57940802
57980869
54648311
57981172
58723658
55781387
53649736
45225917
55495568
56900159
55000552
50664621
59017752
56363548
35212968
57266081
53952821
48612371
57020187
57173842
57801298
57032000
52942632
33593023
53829942
56446828
58564468
55636341
49097965
51984424
2088910
12027149
56978242
27867584
57011035
57040831
52226363
57454662
55838230
58460245
52779617
51438738
54481720
56036169
55226090
54577087
23176601
53810405
24031622
53667667
57743206
56533520
51830489
8236062
51401280
53375358
56759477
53139915
58097744
53993457
56224965
54343921
53606987
57035632
52487483
57946142
9869242
58110835
42966578
54581021
53442482
55588091
55588167
2773617
33816799
55635537
26868761
24236859
54909497
54351714
55988965
26500950
51544299
55303476
54149374
58470578
56124322
25807968
54371939
32537722
31797497
53849376
57736917
37893609
19581502
56217247
56769257
51156277
52178983
21630390
57945315
33407471
53274116
57374027
22553327
4778520
22363082
16525175
16525196
18190805
30856243
2236052
37357441
16526846
3809930
35273939
22371117
27705434
3291701
18137297
325020
2316269
28913419
15835542
30811082
22370135
30883128
22371158
2239660
16489837
55236731
4645482
22371181
28914058
13308430
28914065
28914067
43947559
35766987
28914267
6835880
4628290
22373530
43422367
28936781
28936809
28936814
27705189
33430008
6777981
29070101
3718729
36362423
14507281
21685798
29333057
32784869
35273816
29333421
42543686
1512317
41355705
22371204
29334467
1438007
22373583
13235519
11441068
2316067
2317128
30314820
10780132
18048912
22363003
31568949
31569647
29432896
3058025
29433516
31510140
7933149
1473378
29433759
29433787
29434920
2664708
18048530
2320585
21486858
29548989
29549007
2252757
1870693
31613390
1826665
14506604
29549631
16465030
16465131
8492337
2172178
12632789
21597309
2316103
11876667
22176604
29551067
7355270
2505107
41554383
2214229
24974609
29552282
11232996
22371229
22371243
29554036
29554039
22371263
5185849
18048183
36356308
13568980
13102635
22371276
2317141
13336880
1465439
25403591
4493773
29560337
1442606
18316915
22363285
8334337
10368068
10323016
18050018
29576992
29577051
29581869
46749346
1137385
29581764
22371295
29698081
3018705
6161526
10433199
16445273
16445283
30210106
16450731
22772098
22362861
16459960
33218866
2236123
22363161
2794977
37715641
3282625
2764695
27754776
22711248
21749528
7732087
22359881
22371332
29436262
42443482
12117285
9704883
31630230
16819572
29733143
27136597
29733501
29733506
29733570
17028923
1522659
12194268
57622267
29569316
3293260
20417016
37082901
18137194
42888705
30139095
21749573
29588995
29588999
29589048
23855146
6960061
22371352
24896778
10815982
13053021
29551254
12503281
22371370
29410218
37082724
22371391
2992127
25988631
11860093
1995455
22364899
19991771
36639924
4930884
11261089
21512
2230553
35125534
31285443
53725158
3265035
29400933
29400937
22359417
21810005
20009016
18048402
58499365
22371425
16123111
29531379
21177168
29535552
22371454
22371441
17364520
29516187
19957762
2317172
29516697
2169982
13053182
19532944
38117635
31843873
5462418
22371483
22371494
29723001
20289234
2320751
3718706
15740431
23419213
29723695
29723702
29723708
17580356
35286414
22371508
37394634
53786256
26946826
2133126
1404590
38185091
18049050
14934243
22371523
15552913
32781390
11979230
22350710
2388505
23134751
22370197
11850899
28207945
31613580
16961236
3292321
2222952
29650108
2028844
2809969
29650069
12505348
13843389
17009420
18049897
8691571
22362896
20199803
12780084
53300127
22527762
1932650
29685374
25617544
4659289
22362213
53238455
10835564
29512796
18048788
29398999
18049141
29722574
38117581
29721890
29449518
22371539
247993
25685247
27705463
29424838
2317198
159947
29427252
29427261
19888140
39126127
5937364
2364038
22359661
22359744
10192867
56993959
58989804
58960798
48850253
58230163
27439884
58172795
24742515
1814105
7623950
5489004
35324189
7725217
7655744
17979238
5406008
7470124
27315911
14568173
8054219
19649312
23731985
5032955
19667669
43740345
846459
30708466
36080401
8782826
7724642
6399040
7477609
19620256
6179212
7556593
22139104
55876310
3654858
4363435
24643608
36054278
29505301
4423373
23732095
6206960
30739181
30702402
6251222
25818508
6385481
54066053
6235399
29891317
943937
7469774
6175435
5723930
8275754
12653608
4309066
6243858
29156982
24659746
7331281
36127144
5352756
39270615
31767051
50256860
44131228
28249207
34674165
43196624
50261683
25306212
52899370
50640598
20888401
53968744
51259150
2376877
52901548
50284442
44205299
43969132
44226762
43599198
44227968
52991942
45011508
2569855
23787751
44218961
53998924
8855812
2383993
25010364
44207384
44259960
9792173
2408886
24573098
28877310
51072652
44999247
28889936
51330636
44160275
4996358
106745
2408895
58115908
54438478
2414625
21727204
44997975
44206306
723357
28877298
52989868
4627043
10663407
53999403
31438270
34773429
34521762
10663414
44227694
10663427
54990670
12440261
2370729
53999636
18462358
36944059
9294254
43220355
53958372
28096093
28096118
3048095
55015985
55288823
21204089
9333243
44212917
44184530
4937569
29763845
52920162
23456904
32229558
376907
43403802
45010796
44222715
54665830
10663469
14329892
38958421
10663486
24573233
28094230
23812245
24573127
24573152
44142424
53972849
40125686
9152931
2458589
53164441
24466593
9844967
6756784
24572964
1821343
53968306
53041904
52929702
23396704
32532547
39182285
8612428
53928531
45459945
53041357
53935884
34009768
33297884
44205788
12439808
44213584
33185828
10663645
44168110
25010337
365118
30964781
44227075
34602794
24573257
2384029
33310316
53517667
31346994
26901669
50261445
10663670
24573220
6756884
44260166
34973375
52999446
44203051
43545232
24573198
34581099
45454169
3858844
11393612
34004181
44212041
50222112
24573005
50344273
3228580
1605267
44998032
43312859
34972929
3227061
101783
24573320
28879029
29548496
3116442
2428725
44141826
31438204
28879083
43098972
37020416
50317869
4324563
24573244
28632992
43826458
17633810
34773541
34773559
3479647
24573242
43304226
44016724
24573046
37395843
53148598
17549957
12564734
11379174
37021194
10663658
24573237
10640587
45572370
16987627
10663748
44171520
44171561
12417410
50851927
16180297
17583804
44998553
2232336
28021716
52910613
52910837
44212480
44207465
24573288
25382973
29302506
23511072
2195901
24573182
44265369
44171798
33372412
3227825
10641273
11445372
28879178
50237013
17365116
50284689
53008961
53004017
53009998
10663875
24573248
34009585
34009908
55022897
34010186
50284212
44998013
3489301
53001104
247598
33762684
21197006
44185020
53947242
44212287
44212734
37012780
11680074
1147206
44159868
44168434
44213135
28879131
13322391
2167016
45422225
32390439
53034532
3489278
52971979
49537533
54194196
57729289
390657
1083694
15353657
8240269
52199391
54078693
52200631
5719215
37109629
17445027
24114848
14275591
11025921
5403858
40529737
10132970
7574993
45238473
45238666
45240380
45246670
45246737
45247939
46258012
20938926
5786826
43544790
15528352
58082574
27928312
11046576
34590343
29481202
33918765
18547763
57488989
2121307
1549270
28771115
50343393
474796
1763554
46477688
3702702
13258103
900779
17018369
58045892
51947581
4579009
10077714
57029126
56289228
15368452
5600889
14042953
56760405
2692112
53996852
15405618
37952929
35232554
22130003
51252051
28461747
4465102
23429262
58258699
13258223
7354807
2852252
30908493
10733072
554054
16704442
45443701
57919190
6383194
43570888
25196602
50222218
56673246
55696996
47580923
54027368
56673263
23023288
57142693
57185958
53065303
58713797
56664876
57074587
53355762
57185983
55815328
585425
1204471
57379699
9930858
187846
51232
17887261
2878102
574947
8724827
54373529
187853
5600051
56916308
56159977
57371976
33257966
3684548
1845937
2845999
1676826
56102024
39282664
51757432
30635375
2621271
23988882
3439359
3999472
5435674
2621884
23321008
28761096
25575015
38966962
21607958
974383
8246865
554861
2636594
274374
21260609
5134026
3273898
33852975
29366405
8585407
37949107
11468545
88320
55083513
18608688
37949131
32745951
3585714
45634423
37948947
10677341
30600059
22847173
2636160
52745530
25439911
11436648
17446447
10182473
1506434
4298857
26825118
53740607
437516
5760611
40694401
10325214
1770622
12486626
18057926
3503453
302666
2014227
5440248
18633232
34007957
78489
3195999
57922179
43318706
48429472
20533760
2108303
4517290
23398599
12452748
5322650
17367147
27580840
873178
174851
2157874
2493815
36280068
26991771
19168310
29340497
4474008
9666468
52807122
27489527
1211793
7653590
29340699
20886599
54228771
41620515
54231100
54231403
29340787
31129127
54247166
51553840
27803316
2170067
54249008
54255176
54255340
54257466
5320139
7510432
5297084
20010852
29340953
54262657
8919112
37221503
20019837
54263556
2840440
54265333
31176629
31176513
27369255
5199035
52187838
51884325
16691017
4474302
41658524
29841597
27559394
5319643
3640617
20010891
31176478
3506465
44618607
20020981
41586264
5319677
11265435
41008669
7409365
51753192
41691258
23893893
5333907
41666595
52114745
1738737
20730674
57253412
11304907
20021015
52826698
487240
38495395
23935277
1766802
42915776
42917012
54249135
5215168
45330425
681500
34184639
11050761
25616851
55213474
37636303
29341021
7736019
29841769
5297053
28152920
29340979
20840096
41691388
6053053
42145950
12162566
12836352
35399385
17889377
41658648
42208577
42915373
18610171
42152702
32441830
21912808
2158822
27823720
5296773
32504651
27903686
21271255
33182788
41666508
42915505
2862434
40750754
34003103
33161127
44048629
37674099
5319614
27132953
32468310
262579
21525110
9606164
44137193
29985470
23858081
20863773
20791590
29341075
37503247
38958477
33148834
5319844
5333858
20923004
20865943
5296833
20865979
47211880
51882374
39737939
19055525
41651057
54896385
10418099
10418019
15012988
5296922
5319521
20884934
261986
5333779
41586311
5296958
153706
42921035
34477390
24651645
14759218
928357
52878032
52512866
26991887
42152647
31103996
29340748
50762957
4806691
31176597
54884641
42152734
43595258
5320106
12595912
5320182
28782424
261981
49236284
31176436
5333725
41691536
31129201
6551599
9706993
1414906
34511171
41657820
934321
23252483
10408041
11983703
53996961
27432802
41586352
5319793
6657425
16455476
