419386
14541322
33764165
1254336
912551
863862
9171489
9962115
5236980
11275122
252137
45710
26740386
50649
93827
545909
44219945
27480090
908385
21525
48818732
30272334
6027945
1118651
13974002
24822937
11979083
1883421
37942128
2766
3636956
2929441
1137144
1399190
25129891
13512486
1840155
5213025
6106401
4021188
6910
1557574
27140749
55251966
44290
39086776
2312372
9737
34707510
31541379
4228914
1446779
10652407
37768937
6599910
887836
12891
22249817
251487
40041053
28336076
38008898
37440011
39319146
7328069
58742475
10813955
14051879
7737653
29703307
6877090
235169
30992262
1749134
21089139
14032539
3869631
54375950
4851475
43989941
50035369
22322406
5397270
6330972
619632
34217148
451177
4111
52970582
254058
7073591
52893218
9949565
43287495
39235503
2641938
35123529
43737551
2816874
43059820
361897
28779877
54000
8337948
26616666
38849672
45524498
5808518
26102963
664332
740540
48919235
9257264
34667944
54962
2584287
4055891
25208535
12599355
27008781
47749212
202584
19904
44044
22483
30332230
6419756
779338
211983
25684865
3135197
768566
31546299
718855
39483851
10542726
52434656
44904451
6244916
31781064
7458786
53961341
2039133
48553837
41863
3003284
186725
35272599
31521569
20334457
786580
22395556
2645852
41800775
572
4631496
627
29349052
216211
13561260
1113929
24116374
12442058
4444657
2035308
3666609
6100577
40399359
41499988
24697657
8981673
9501734
30876044
1137998
50539179
51049784
55579886
39091628
21831256
46470
42845342
2792729
30685801
23254182
44840725
35265163
41633679
3992015
31525688
9696
78481
1183979
20548520
8747074
7968933
78928
79888
15668437
8938711
496670
14080493
38863989
5756465
11174316
11453612
216260
47443102
14684866
7968625
29254862
3648584
420764
408703
16847635
42261
2298321
364300
14344741
49786
1935605
2346087
36953335
244680
14697873
674489
2106011
1028314
13793909
41710955
50502024
24544
16166462
147484
45255953
569180
42001646
1359960
8494507
2340483
518790
28912406
38889846
10256227
32122183
39458222
716742
53179838
4000523
5119092
36898018
46223
15890020
14573508
4914941
17588855
2298312
26972512
20083580
58019774
32405
246674
216354
33364415
2786645
20324690
328736
20104627
1923764
2226213
22762322
982249
1149904
275496
21477678
2372311
328274
188739
3649722
49489231
54041957
57984778
868108
55566398
841429
43317048
880489
30459645
37514688
9251
9987
57218855
56797234
44455145
18665993
9531
7132178
12776956
5210185
2654494
7071096
171414
18536062
28442598
8969359
35205938
22415560
324744
36535684
1025859
10035905
683128
41363
58402686
50311973
14778844
20166782
9546
1876534
299813
14383330
347167
19278728
25579396
49496204
35920227
22521820
14063216
768299
12532834
4480666
6038
5762
19269111
1038280
32760944
20161937
50408
456729
2001956
50705
7011
14283013
47675448
2111048
1633173
28923910
9348093
20389237
551388
7578771
6457764
50702
21377293
183275
551409
1515853
4995149
69817
15964561
13929163
36203752
12383
1021524
50775420
11592003
49105793
43282531
26449728
23535218
58644759
1508678
13856857
186164
12117291
3552729
51806669
41080854
19528
1399085
100034
488361
177515
547743
1905304
21561
76653
37207
43476
372619
7710805
231209
65465
1038273
1548441
12743856
57164504
33113928
50399682
601958
7815335
22946554
13324782
10067215
5235231
5212704
1724836
5879295
29278
8416361
57843484
27010
5548333
48188462
45829
6822551
486525
18624923
27764
8774050
50571
4205746
10042977
17885106
58855766
323114
27783337
56897087
38730524
304091
53905375
13646426
13834635
4330820
52634
2769779
8157239
1369226
48617542
39219551
523770
31320936
33266021
18952719
1151939
1547265
47862666
806478
46852724
26107799
235195
10197275
18977457
56057622
45064406
3631020
29202398
43145728
23100977
6073894
6073980
10591
4169791
11815
56979757
987492
29265347
41286907
33744145
7920832
57774597
602960
24391644
8053588
13422600
21551874
1636646
16349933
38730338
41827467
19244424
25249846
1014424
14778022
19181256
21955305
23183652
44427249
487943
189371
7719976
173309
35133583
25734471
11584601
1776871
2623191
49668380
1051404
17601498
83482
3874132
49392871
1909895
52801011
1584188
8838031
1221381
1843196
40941170
49668510
2905823
13440061
23311
30443935
159750
1479978
36218534
232412
216150
198711
9120791
4088449
27352253
21980048
2762999
42990998
9969372
9271587
1743941
41940944
319941
7725229
23944323
2826681
264748
3672150
26294691
21161663
42238176
54349569
58615253
1722373
54301585
7985728
1491186
44139004
14002
31950201
55092696
2526456
14499993
332592
21842758
35239732
55268742
950442
18836338
7698471
1637931
7513712
36631885
4477669
10972219
10049973
47826292
53164092
35848552
12589320
34248737
41291
24362213
31768895
50149
11595948
10553773
23817277
6139776
14098809
7820422
5937299
11596512
758612
8811781
14569540
24586279
13006578
46572850
47787936
20155706
27646744
48837
72907
17414542
47204911
816870
72171
1822111
31611255
182679
1538121
6200258
3932412
7819937
1563736
374975
10377624
1061330
56499662
247808
149354
22326312
33656853
18143904
59055658
12324418
5465644
42264629
56463048
36213146
33756037
33237904
5204518
18761480
38271554
16946721
31371518
1464076
1159513
53479461
53034636
18025074
50285983
4629929
33546837
2948381
23005120
32723423
49726563
25040181
576303
10298070
54894103
18351464
33712368
13432082
33644123
38982174
2937111
1850719
51578025
41893440
35712222
31383175
50952451
23943140
2605930
47341258
1609808
35458904
54767773
41731546
183503
2221235
53723
33949679
10755909
26400029
33636832
161228
1331441
8099232
164430
33426856
8643269
47419107
24955215
580067
18239398
21518183
44689684
1448049
24940440
739147
33894217
4881262
26025104
1025538
316607
4687483
1913728
10258662
33487458
26777830
47908879
4997017
55789686
1487249
6220069
47158595
1308395
52799458
23997153
26965483
18985062
1991624
8431748
10956960
185945
7154152
4168072
1846990
445218
1939715
6214103
33781894
3341783
2843041
1752647
20754461
9624728
21338685
9332933
9586885
2174928
27150250
748800
2241583
6837117
509649
1799683
32876640
22713707
644528
26281562
31164029
24658682
48057595
40400358
8548169
4724116
48788602
9527250
33438332
18006982
33488832
5172349
33628520
33494733
33936876
33936753
9815406
26825191
12795695
27209853
26146516
270468
20636
33427384
994704
33447383
12172847
17140101
31068176
1476466
39827738
43134310
19983742
465953
49681
4696039
20400528
16743556
33079593
48773241
33792090
37202080
33497008
40107651
24895312
283329
23872172
14343887
11613197
177891
15364809
5563106
793548
48000439
442688
39585214
47529033
31963682
16413465
46989291
31342356
406618
33615890
23499848
8679999
7233280
21880366
51365829
55646581
27812744
37483572
31377324
4525101
30671765
2636884
45668446
33378197
13200719
2994579
23882737
30334
45635
1331806
36287550
10728448
45248229
3200382
30882680
9686678
405742
19090397
703145
54316160
33378438
40146721
65637
25902309
41932
6041076
42445
52216003
2619633
1947892
47502
7346
2039562
54992011
7337
19479876
2619011
7927191
522062
23688094
8841036
2388223
38937088
28402107
47908321
12576188
40670646
47967448
25476900
39438647
35269648
33904406
279624
3957360
21897799
19022
27643777
18947
20666
6328794
18426245
57367053
27142273
15366768
11172708
23878648
250381
33710742
20257130
11982338
8559787
29614205
15939976
18515482
13510215
2770302
26348335
15649751
7814582
23105042
16276698
33243520
5468371
12325421
43450635
986651
5174853
2152061
14020698
2628049
29527490
2285184
59076371
10559845
1949310
38937106
58110102
13314856
44426201
86586
6473930
42830944
1369507
38025
741071
1147647
25790230
25846988
17177677
17178522
46601456
43428903
1771836
19488901
2589535
22749538
18995717
18325566
7092305
17845599
43857677
55716973
13902244
11699892
1022936
804003
2264109
708673
4999816
25367246
25595604
32018456
28395786
16586757
1322528
21556534
8050864
8915967
238142
19100297
27509349
100669
2726726
18431120
31033811
21940399
50830846
25110948
1982331
1436399
57187721
6714405
25803948
7843015
8054393
29298401
30581640
3126648
12416759
55679432
18463689
20964104
8173330
41764
20819564
22371625
5697310
29974
19021245
25353549
31574789
35101121
57781595
36648147
13740771
56694560
3144720
11528384
9387972
7909383
4405107
33413026
9082922
1490017
40054681
1370229
8593160
26019103
665738
533789
1476307
46728121
8305325
33579785
11373813
5824713
665728
12282720
9111849
3260340
13783148
780087
917126
37292180
1065009
24500545
15900261
669367
4406537
17002524
41625740
28434
45658840
10828381
36763436
5951578
46528307
43791967
11277786
11977518
6737547
35987270
39630233
19049194
15479485
2448812
1506522
38917745
34560068
870529
32245830
1109114
36224143
26115282
9873472
517095
146644
61097
26615974
9933030
2212880
2792708
26903
6117013
22614305
4709501
179132
43864268
37620176
16481236
44104302
5478196
19946926
1802096
43482107
7301415
25852537
474931
33685545
37067463
20083347
31684588
18797326
40933018
51349731
43609
25804896
38856646
37074140
37808739
33296481
40151251
45417893
34760961
2883565
13350625
217324
25172837
16732126
37328605
28692
39281578
3357557
39793951
37817564
22702381
33332641
55335004
4161298
2576109
31058601
10869371
24152467
33660916
13655207
22462420
32124639
267933
200646
787748
1856571
17430515
634140
367158
1464802
640846
11899236
46972570
12845111
12843792
34447327
646125
41244
1303530
379888
54743
2890996
13475603
31552410
3127574
16586994
53542326
9499590
8038191
44772528
54527395
10044714
39164875
720902
562073
1820047
22743687
18208266
685186
13523311
1734215
42644877
12136950
742032
58988889
40315121
23166182
1886914
1718488
32705937
562180
529817
26494
681316
6867261
487090
54421
17995542
40448087
37498249
6051267
56105123
18978054
52661206
9791889
49023307
46273681
9794191
49023205
434188
13737048
40051084
19712256
1269039
52865540
50590211
11594369
8163742
41821661
8405687
7983953
17281921
57493605
4040188
7065702
7469344
7469508
52966974
41848782
36309813
41710718
13475684
43477423
2769113
39645539
57575956
34570458
1068768
1790574
16728325
22360941
133176
3461221
12883951
216223
12069712
424420
34040794
41087955
36842201
2242435
5407355
2970014
515382
38064001
38138287
1235271
758727
1963428
43724378
596405
1165029
2901658
44585
5321190
29715644
547219
37270550
14035044
515788
9730
2220957
23473596
5871160
26877140
35801414
25909457
945656
38470594
4729841
43156192
2898953
41097043
6768103
1592806
326386
14241963
10158584
11881071
55541007
234132
273524
38209478
35154764
19127953
5191222
22748103
35026878
16901303
535423
37940544
1359420
14882598
17330825
1948002
2792254
547201
43727603
2970044
32465796
172317
3605571
2923010
7320111
22740726
44592731
19355379
34040543
4600734
19651322
13454888
1239298
54488524
15713242
54096927
596987
599215
42943213
37265571
37265653
52642
15932531
1198
41081924
297595
2951506
8608584
35537980
17828579
39369523
4117074
8099272
26157481
11591432
2574174
13908516
3608401
42500615
3852404
505946
2299567
35281380
6101054
33964670
4361430
2411486
32738418
24476128
2497795
885382
3628115
1804889
8386043
5966404
33711547
14132438
21433197
8380737
3574578
5435674
13021454
27700585
16864008
9065428
1234
7714070
42287747
5786179
7717088
11850386
44545880
45021102
11146921
8906668
38390513
5300021
6916790
2518272
3555853
360501
24892765
40712
300082
1028926
631336
40735
344142
25856881
9736652
38336059
3296057
3321348
7625922
10604328
2101485
46405505
44417556
610760
17713270
57109223
4389605
2535324
22548759
1781678
296131
4248526
44417637
2635189
2760958
1561321
8410
56929415
1188012
50333728
6701743
2055436
37083125
654161
2403966
45688760
2330675
11277734
51600966
238901
11582555
53475705
14035775
236943
43751582
166891
53620999
27639129
27334788
11024
45053093
20007216
51413131
10779
11490
33633646
13793754
1379949
41232
4112457
161005
2467080
48459845
30819190
10261414
10497710
27388322
292196
10502471
505061
8535925
30543242
3371532
1418631
42509127
3586844
14892992
2520153
17337907
56466447
493399
1569737
301928
28022494
27980031
143357
6533848
14360772
16110588
318648
1379269
4049625
796691
8890983
23903828
30878581
7378310
1374330
5799310
14471620
41480
8249556
1711075
565031
505929
540641
35891052
36635165
333081
28022292
50798411
2055507
690883
35419579
24892847
56800205
12146503
1621242
6044702
52205564
2208293
601086
20756012
45093519
3317088
521510
192315
1195257
4719480
761336
3303019
248604
4569244
7649609
39859865
8665976
7168569
8934736
25499938
14910292
28544210
29532212
6815547
24803004
31285614
3173180
22590455
7206727
3011131
1087590
6933302
2243947
496676
31905777
1021754
8149603
6784042
497219
495884
19570423
8333073
5753269
11685459
37264682
53137377
1945670
1253853
26862725
340201
5559892
147853
10502400
12581344
13792019
2392113
34375901
11772138
28418653
1573316
30719029
8967705
42170702
19980114
315924
642896
4166537
3949305
35420291
45278591
45278585
13971587
48503281
6816305
15994159
10567426
14479624
28408385
47862835
44417235
4606982
3857852
1037163
34556315
51425047
30324195
34324645
16715060
6817401
1661177
5580444
38367028
46789513
31267110
32074177
35519918
401885
32894329
28326718
27677055
48782005
37815827
5926889
49293854
12317945
37939765
2223114
28005582
1687038
4990900
22859001
44364
726748
55828680
6138641
5777979
48517532
2401030
2071900
39166524
4870777
6813
10023138
56114444
54022366
56115043
54044650
46884197
14285729
40875
39720117
55236
23800341
34240222
1883477
38869556
943817
9173273
7376
298448
4154187
3127858
16571351
48853013
9628193
452493
9630312
9632204
42868264
144428
30391110
191710
56307570
4873511
3233763
804039
27880038
208810
461770
19767753
19713730
913539
158717
11060531
41676644
20731843
25902958
56921417
31903706
29320146
36975126
9035542
399678
22615385
51022146
4595931
15794238
7819337
28025798
52565674
183083
4600813
3801677
40503515
57201769
7371308
1471036
1471037
6732384
10055024
48824
17833137
11084989
19828636
25598253
40789733
972026
5116788
507854
17468893
11484607
44277627
8540229
15725860
4957558
10940032
51776
23614364
50880883
20741711
7318679
43316441
49203606
17058845
49311943
11960507
34439226
19931591
4741089
35784363
1358453
7895070
13205440
695523
10473434
341818
29992116
310474
27237592
29230973
25587681
44790
19091272
3826733
1082916
10065120
2215849
1349163
9018986
4095925
768696
1129919
44033820
21591425
41974836
30797587
42718949
11521028
21868
2931866
5470137
242282
5723711
48903
19838404
31443350
19782946
30659750
352912
46674466
24551923
3219996
18193302
606123
2797809
207560
5378
31896081
172570
25916521
4501325
3291785
620991
1614609
304608
56516309
23944162
6501751
38469851
58507641
352905
35945180
42809646
2691899
488748
1097849
7314249
42351905
20809698
4859082
45709044
352908
47622013
3843998
10938074
14370049
19744097
22703376
52206441
47069818
19439560
45247734
5287634
5894781
31236248
25613797
32768530
1060825
30078913
405711
2443027
48494934
2870168
30634
58785
9154659
4180667
43351965
40358669
31750171
3115920
28473219
28472413
16399074
100508
25134163
56998079
33891361
41608940
36988837
28281942
14457354
212094
17006174
34400236
2457836
7349102
12158374
2201259
32278215
586066
19871700
11064899
4762888
58207196
149058
34712011
19422751
737883
3095897
316648
13328505
10485277
5174226
44339868
17318916
12861561
15614154
1765190
584911
4435025
36755097
7394916
39609533
10725984
4270598
26322515
13746
11984510
6100224
833572
1228184
7353645
1131674
282299
1391752
55837994
26481832
1350743
43345435
1061019
144553
27232402
265044
10405712
8464940
37445416
35901925
40774370
467885
3778969
585842
4995366
15853493
4082701
1339615
4620636
186150
5302092
41405384
200115
2116830
1257062
5576508
9893335
623150
22061051
447710
12468879
35843160
32988229
4580462
234062
38907720
39067533
7077416
14200011
32687542
39892856
43956835
55498066
37526608
3108062
1369210
14408479
5458252
45784
24568072
3721767
30352425
34804608
24530569
42400646
47147824
50406738
32104707
41985381
32182651
21167788
14938064
8379426
8491596
97914
30368248
966654
2359746
42303635
7815174
34904473
523076
21477359
37338937
54416793
9105867
12045114
634016
31135571
1079466
31369965
6882629
26675036
13460581
18004542
31696937
3663969
3664001
13631685
22323371
21365746
20639064
6535856
10573305
5361557
31717950
43275893
47145502
21510483
10406180
24159975
19248693
41883177
9368062
30883500
1506351
37209552
6683117
27386075
2891226
4954001
46628631
42303901
43268371
24950345
2765047
49808784
45552819
25228231
31479217
32458543
3654507
2091495
27157933
9617564
21466092
26387535
39002402
299901
14431176
55801113
42297996
2161878
18404729
13537626
681628
34831297
30483900
34778599
28752069
34138240
55274673
50795883
15816881
9986646
970650
965419
5679766
29400
1991073
52520385
44159140
31126328
18441673
52069950
48309405
31474
947934
9233359
47581074
2334511
2736555
31507370
24103289
23635
14719738
1383986
57555
1241750
35965979
57763
1839
57843630
3203826
9664551
42736145
7062356
22276716
7626743
20631781
47634311
35769512
14183897
2065886
11788913
22183423
1966541
2184383
13415486
15878680
13128582
7225
5306
361038
218628
15184877
5936
68518
1901162
14458653
31447600
3697368
456234
21529462
22738815
13899994
1528467
21009897
8769764
17885012
29193414
66570
39262593
15706459
13885920
33034771
2602098
297039
35431035
774220
35017199
1201430
13776049
13774692
6170575
23547123
9683136
229619
11797347
9601
27211191
48336
197964
2103914
7620308
45004055
10773039
38596565
37389962
38721699
3670743
3766499
450543
11671
2589751
12424551
32969820
6239416
14578984
1185498
41207
58572334
6732652
1926607
47669007
15544038
5436866
5622569
36291111
238199
243134
5265621
2211117
36853181
15515993
3418832
18963787
28948109
7642705
3964732
2619023
4520368
59611
3560258
1652307
2421084
48590147
6217045
1094350
2201779
15709760
18728
18339
53407220
28723369
4071245
47074767
405766
30197642
20835484
11022873
37019524
37019384
37019651
37019597
2040454
16135470
3419165
26190852
26983399
2438415
6565890
4057287
32393699
30838269
145197
30862351
13020876
3408660
9350418
824435
25808423
146630
31962997
36229076
44354911
2288927
4705100
1645393
14053488
6196217
1195635
20220938
3508610
3419098
19245671
43972
2267331
25163643
25163400
1799584
25017774
34385670
3147924
17768388
2003406
5154586
47787685
286069
21265548
3864203
1225002
20299042
13893984
50407105
4538599
322931
38873
1264239
12750298
1579423
4393843
577876
19947748
625226
4676311
664554
3938313
47707744
1898647
28937040
2352910
1708244
28729
25433130
5074861
1060920
4866481
27745
11096735
2113121
1604816
2066965
32297166
265064
68513
10087606
51550160
29177295
30369
183324
3440977
20593858
26442931
730824
10980741
14241105
3430876
204762
2528589
22468364
3600408
1864331
32195712
15710133
733929
1119342
681582
14011666
10435879
10132968
44979247
45230173
1181004
12993112
31387976
22313894
44021915
8864159
51531969
335612
1237777
399116
16708324
2220039
881269
486436
2318333
32116638
7176
1720042
1386588
1418
34483854
58871284
3856722
10176902
7191704
19342460
219284
728810
18131806
37192426
23406255
807570
9328589
2053537
32911609
27053099
8978415
978840
38657573
12436822
445020
56563719
35482259
186345
8748291
45049970
12295288
6114470
45703004
13148953
58672341
15040625
57718310
113469
58761
12681180
972312
3969518
351583
58673
19357135
19347878
314402
19446
36842429
26196392
18932382
13120740
19095442
28180441
22739594
6038251
23171647
18189758
19137315
2814939
11293830
58740
143689
33462592
28974704
39141672
34739129
50376013
5867217
39098221
18048292
743441
43341147
18539917
29179018
3086453
1431559
39621288
51684664
7791685
146983
24793719
14897216
17110306
3413810
3646203
2561255
15711726
37395302
233668
34713249
10144353
35457105
27147090
9134092
2203131
37923625
28996847
4135133
48497658
387243
32436125
18498742
17574685
44390249
7751608
78172
1440511
39109817
39541633
2063011
53135
577296
5073565
28688678
39093199
19937
1176971
631494
45629075
26302323
48540695
33142291
51897037
146153
176813
27239299
53663058
30970489
621182
18500894
25169288
1174047
1858218
164321
6092968
3838003
38431897
21495178
11956089
962035
18967136
11988606
19111851
36474393
45765974
25025301
43529072
642136
14102628
39080774
39141214
2052015
621887
383652
39150738
10610469
38996720
9766554
39780446
2449023
58190388
938659
1920027
17728011
57590109
33122577
19622
31259060
42070652
835157
23432134
207601
27616733
32185392
2408
44059332
11054533
3859682
2928212
17787631
44621719
8735392
25393281
27476703
12217323
54852772
37188422
978913
7635675
815969
10066313
45428589
61275
14695652
2230854
4932763
41570222
2065712
1897245
13751165
1590546
37605500
36680
52537212
335109
424487
53713224
5387
2931717
7864782
7717738
53634896
8309686
1248251
27564525
54686533
53133381
5340351
3053507
58690
1997989
7794
3594804
40528319
7321888
49202119
14642741
54200847
172335
8000781
37732235
34298214
24519232
258827
29985074
39716485
30839171
35283814
32511182
842224
61580
2221141
36113327
760994
1303480
1367595
2025734
48487824
152969
263902
10303
1206859
17553405
39697622
11972837
31843107
24511932
833720
13973150
410858
4408405
12947946
20888413
261967
14446614
4412382
17156700
7196964
1432973
1650455
7663519
16393338
28244713
1996536
4301763
57203691
5297589
7060924
3588836
23431978
13735033
554721
85331
10538780
14425296
20178252
3928494
1968588
147003
31541804
13578878
3231205
27721700
184011
45555423
44847430
13338003
2370766
15539
57091934
4323521
52325106
39697749
2061865
27071123
1641702
2321375
6756239
20114039
40133154
16964677
16049255
20094074
39295868
10849414
11386287
4210737
46381123
8796024
40131684
6318968
24631911
23920468
43654989
3609527
4692179
13744357
934064
22861361
17033619
28828990
42699154
42604764
7589621
1917699
3369754
46313242
14139126
1688179
23922461
20433319
480282
28901537
20648
7389351
34745933
28446647
1213271
48851801
2189901
14779081
53311744
45563730
950971
1326660
20474
2522070
32302176
24833024
10172238
47654333
2536597
34195890
2769033
25798402
7628781
14065418
255047
2216044
3744388
23596560
23079699
56792828
58094662
46177880
10434600
5027760
4062960
35696465
54537321
14247668
12327015
56398
1533196
1110936
24625409
23781
14453424
36952575
241223
2616258
32005612
32002781
34565362
2372548
2595792
11341656
21056112
7626796
38082568
7301525
24143128
53922438
25891330
865558
5291187
31802451
4334961
9900795
25995445
27613441
14562492
1060909
24526762
7361378
44236232
10253266
41733409
52339248
44959691
38088608
14189709
42763563
10391388
14539370
3869804
50642899
23756855
6954595
1575447
58590166
6569417
39516879
34953559
3906633
11982591
43526790
2221187
66315
8935441
3268387
4133427
81580
21534694
13480124
15750275
8849460
28627
3771715
7624108
13313910
23080387
5051282
14260678
277641
14369650
14463750
5202789
2856466
36337411
3755801
39933282
10160612
2208748
27801351
262043
14501355
3215301
21276538
20037433
28345476
32185806
54088882
258833
7068038
42732399
1197767
6434629
46431058
476993
1277893
7989919
4086059
1033036
58742
56135
684489
50561501
489228
3015029
23735926
237207
7079877
20433613
20418621
6403210
711288
7934659
1091136
24059399
43742565
11772928
57216564
4230480
58864698
9462323
1086083
2745361
57395764
34151
2181790
156962
4842312
334107
25021082
8001517
42515713
26520744
3470540
84400
31519906
43747856
11653740
3073029
2369672
2704841
34545370
9079529
6119178
34130720
5977620
29990382
34393262
2940943
7604764
48717005
23438467
945780
589225
5679969
29773091
922087
3783853
26140105
19531744
25946143
6879785
17549172
802190
40284
23682291
11880456
40809862
53306867
19920701
784830
24618690
45327132
503252
583901
14821088
25837273
425779
7861368
25717385
9697733
31250262
6144801
31397430
7958880
1999035
30638875
42032211
3497359
32345415
8267
4526066
20975307
10456725
41078
908654
29111507
2608153
13169712
28403240
17404454
2863149
9908
23968458
2064935
5648302
14532358
1633875
3487414
45317
1260106
30250063
506682
30234468
7127168
49341684
50783328
27050779
46871755
65424
24976623
24953216
7937705
2635185
15504805
1710185
54888507
36108417
1516949
16615
36652063
30244512
53937915
54423957
1557789
26981085
1414078
91191
10442256
20437
34749877
6689271
31846228
3315351
12877572
33447811
43696853
5791679
22990397
38495380
37791108
19638
7542417
28654390
23913353
36806502
1825388
29109196
55121627
32017763
55072303
58296445
8642593
770546
5175578
6517456
618077
18421531
16672559
2476339
8642567
5202584
31381409
2449393
2787639
1040953
46323202
43852889
1873277
38401360
3488128
31119235
25436307
9677784
30560133
19056964
15384297
1318037
56310192
48665888
25844200
4692441
2260942
9493613
4160674
28002
917803
20800027
25838397
1437746
35304616
41394066
1290846
8315449
3931817
3633309
24101751
2260140
1933308
17340059
11610647
52233766
19582317
18591429
40309522
12302694
57787323
852396
22001267
21609404
53299610
842236
31353312
2887653
5672534
1999139
23669193
4721938
3586732
34775719
4449103
28034290
22138718
25126394
13337091
44883
11226479
8038396
149861
15831356
50650377
25493140
2097683
8697626
32637211
273538
12738996
57617730
1037556
2574694
49088528
29524151
49278516
20206325
46455038
9482345
16693318
318920
7931146
33865389
4490554
41098
9839082
9676138
26567008
862494
26165899
545525
42504282
3606007
9794905
29283011
10503236
8134789
17757800
36257979
25792575
15240350
25792977
14375609
29819542
40142982
10327632
14043328
827701
24387914
55205298
234714
1272748
3082158
30872182
7478096
12141201
30007269
57406245
12421756
16434531
2277570
15021971
416754
4726131
11693664
24032
26065582
17769499
52072767
1164549
20910485
26350
9809527
13347268
53758047
152623
291499
25478175
52638692
9097185
1786418
17738454
10967556
13384613
12833914
52487607
26211779
34197
1999679
14490084
58548713
58450254
34793304
21771476
18679180
2952019
166377
28298424
16296529
22003959
31215369
32630150
1632974
20166523
1967236
98275
14317956
11292509
1479362
1245135
12069681
55810664
46533089
33938351
31695373
965387
27666964
27381708
11661976
5260710
38256785
4816
27395553
655266
6865090
25833466
48231632
19075690
2630316
1431131
33327002
35509452
3044493
5007747
54342619
22130374
12833921
46676535
4979784
232689
5727790
13265758
10064152
3238078
1500520
52768889
43193013
13981318
18166513
23374465
21183492
11553912
56879891
78448
19454208
810040
19236636
23517706
4362288
1649731
5634358
33986075
21782811
41693315
53489192
24224338
22402006
50512532
35195691
10606531
11977034
19466135
57179860
41303569
41282668
8020639
9105950
7840300
3518342
38119814
9484259
32512257
34991512
6953458
1347871
18348855
22442208
3664699
28158585
34266619
2032430
25367575
25390580
164974
7125022
4287778
22786037
51017707
3090626
57525289
6858518
30652875
58176588
20239459
13068602
5302890
610367
41134793
14242868
24206177
1780609
23077283
16987262
183965
29066983
8202165
1770746
36490792
1819715
17588004
1910981
26078087
17578696
31885413
28076584
14901447
832458
35006655
1112787
4600970
5297698
47634858
565530
57401863
37797383
6230269
20589543
40984195
15445422
11074998
58325893
58326283
58326227
18789405
47577212
549072
21097089
2886641
37657398
33505398
57785989
57780274
35263252
35125534
7621464
37802425
15333001
28671504
56538217
41093010
23851199
2801560
9619285
17018793
36962483
56598614
13165796
19175774
14751689
20512223
18935319
21195964
1835511
58990845
42964044
29055353
18842359
3982783
39639420
23921427
981125
3498949
239406
2282768
16686748
52127203
27386754
33746146
45033541
522347
30930441
44148074
18773514
30313921
5837036
14697433
23881008
11816893
22812666
57401997
37752313
43891438
36367682
313373
676502
2628947
26985
41065295
16577671
23202425
21171721
58518273
2503155
1212631
899880
1189275
1452030
7466623
14917968
2514003
30700314
22567973
4617935
32365813
16391238
37785200
54161912
8658158
1387051
1605201
11899262
13843389
17872875
11718498
1038844
7044573
37308162
4707633
40024054
12280369
34005717
619984
92923
29427253
23922168
4639367
619980
56840178
3895284
27939022
305265
21898118
1204344
1409766
4645711
105659
19679163
36992798
37656368
10389335
54711355
8972424
7378151
1137937
36530668
42714293
58748153
344933
58775
2330
1123083
26174362
176053
21121933
202064
230428
49823773
8590426
48579
27418433
23628595
628536
40780
40781
19747410
54104058
30975689
2639407
11828715
54723517
13803804
23630641
3005139
49916168
55164426
40893
7985327
40894
234654
55976236
583405
3246393
27992054
39739
29054294
25124911
15783562
11184941
153783
3475463
4518269
4864009
1802672
1262398
1393819
4126880
51944
31555837
1001908
25371737
41031
679294
95646
8640320
1221884
41033577
172333
18618609
41052
37633249
36854472
26921073
11915015
8969039
1586159
16907616
1244292
43021100
1591728
6274233
17699209
1712895
1118119
5081444
168244
4577289
518692
15719685
1983473
13131333
18427873
18346799
2529895
1427967
312008
799986
43540545
271143
8323351
1141
1812426
14582412
2942638
25249497
663580
41222
12778
681625
10106726
49298
31705824
28469244
3582572
30747791
2627738
11459267
3061815
1925184
43451826
913945
41409124
2227640
1103247
2449166
41256
28500068
24046048
41993
1847015
29094048
153911
371786
12604026
32185736
16565
22690948
31559837
23167524
20308233
33870431
42421874
30121934
42347710
44437774
7296395
9151868
878311
21547160
863741
40285325
9954641
6635218
32752045
58758855
4894561
5375148
38931518
32668725
826948
17370475
54932022
603273
12820028
46328808
18428013
29801958
170097
1553317
50014842
24806944
36842564
8178277
39359993
11708087
17569014
18200485
49917609
48702329
11988051
22124835
21838255
29388477
24057866
23950388
25474577
20293120
52122213
9248684
2219887
1060624
2892513
176351
49965903
17102438
41432
3581788
1261616
2704
5179603
6950643
4550521
628583
9483430
3720595
18934015
3600345
2835083
4685590
20126062
10586673
1977279
7593055
21876751
4079673
3065940
618076
48146804
16042775
48534266
33190076
8895763
41754243
23253
32756370
24021039
13305369
27813689
60885
23604
1412580
8002891
23535
355377
184904
2460242
28014495
4576775
24163057
55054778
39950774
30869356
865348
31986119
1519181
34427543
30841427
159069
3331228
49718
21265886
2782914
37855670
5893800
31082764
9586748
40975991
5031278
229160
5307853
658955
35183128
56584142
14576408
26469085
25367566
8454507
953397
549298
36837075
19269584
391591
673887
20926709
8564033
273712
24947576
47029
3469897
234653
2591632
2612464
161306
31761639
3917132
10167815
8770538
2175518
19541286
19392692
19075439
32185800
26444049
4573752
41729
29329
1752832
29445859
214102
2551406
16148649
42037151
4393727
4653057
1672020
1398487
8736971
3401787
30868906
57305294
8219711
4577610
4088497
23003504
46527701
30860655
21474889
549742
15187217
4967845
1149826
1246346
953369
18787145
5424364
1484541
9151146
7066275
3854313
44363
15387298
4259939
31999898
24201403
3649656
387440
58951696
27873670
972800
13167630
2868301
57254124
4340750
325020
30811082
31794032
37049753
301647
99358
1530478
28235530
17017119
2120402
43167221
49190541
37889303
46348222
54191159
416651
37059626
34396592
34511184
9189674
251712
1398687
54194309
1744650
7257439
10531
317311
8492337
45515131
20003745
24974609
19845079
6264793
34989901
44433500
17636860
24939254
167520
22784944
158383
769724
1094615
16731404
286466
20084649
12071235
1507559
23962040
3112575
3745518
965569
24875728
1474296
78469
30735989
42577047
4001324
297209
636008
30139095
20446105
990397
2511505
46901473
11341364
1821971
858216
8941378
4739867
46310297
51992248
2647762
2645022
7339428
1972407
348869
6188564
9094822
376476
41244624
19625172
12178327
1618377
4607613
24951890
2007305
50797764
997178
1277926
13656257
4603713
34982426
19483258
2082201
39523982
10285944
1354339
1809324
25198
29491194
12354401
40979038
37798147
313371
438602
51263677
21400224
37051772
9702340
26386344
62529
37060172
167647
255244
8631522
295148
20003259
869990
6976689
416803
1533475
2028844
9083935
6881402
17190477
13167602
4551850
9519992
3309536
44655902
12780084
19774226
387457
265431
6828483
46455334
34028512
37260719
31161
1342038
911953
24567168
869980
657988
39474341
869994
19733287
33555016
18802919
29493295
15452231
710251
20260077
41482032
286947
21409717
22992426
2909690
22615944
56312430
428424
1269908
44846612
37035
11830303
428932
866752
10607261
2909609
9698097
44409729
37809826
30526821
10115658
13337084
93070
2909654
10171759
42628804
1753270
351914
39631094
52563216
1600053
984629
34327569
325726
15144375
36345920
17297866
866764
60913
39033720
25816276
1846298
32851
52054307
57678302
44120932
2442882
53564323
24146425
2201417
2666789
1507685
849543
3423593
7870371
24620634
1858623
5144570
3422027
46591747
6025205
2390127
1853791
19950193
15840118
3159833
3159607
3422768
4418574
3486819
42117977
3422049
1826330
3422239
5554712
2389749
2447304
3422149
754488
19461794
7153598
36154822
5554858
11890372
13526782
2200715
22940609
18877637
56912080
5554551
3978897
3716649
1863215
33238388
5460644
817680
41797
1834883
200167
1183122
3423123
2162735
23889105
42802461
52400224
883896
46595
47917835
9791594
38970302
18694928
47484
527232
8643
6233014
23619
58543408
59497
63337
7266349
6752609
37949266
5759870
29411120
24968999
56626141
43607878
40524874
2708924
1917885
1709352
33687421
27385850
48477239
5952131
34268866
52928113
43534533
815751
36694014
49854961
494923
22313202
42158757
20309654
35284578
2774411
51904024
12689701
49266956
46927281
34269194
11066536
21749713
23480096
26469208
22721212
5853537
32503118
55102563
3010875
58131618
32822163
42227108
38783551
46626077
37684687
16881036
23741908
37716190
55750899
34301700
21436900
2027535
7406197
51360294
24353802
9118962
1517443
58416993
30941413
12167141
208932
1166525
16547029
20599992
20581351
2520434
22574738
57257793
19508689
43191397
18563832
243515
19030263
20606605
45239738
29856094
22847209
212513
2626970
46459839
43220673
43167826
43203992
72754
22306
44468228
44247361
462178
43674427
216143
22549598
7305586
1488463
49208650
33199367
35028414
8655525
17639323
43178661
11067102
155496
31952935
26176522
14693108
3480522
40891630
795651
5976190
13252636
47038795
36305932
32113942
3166038
35784528
47046215
11588313
55565455
19435596
39666891
49626041
967212
1596974
27812215
52793670
1104619
30443797
1104639
3047469
33984703
7500259
8791241
11469982
3240142
41712158
13449413
49342193
1064
50682752
46319
4487
71940
18684057
1509614
22158007
51013185
1171085
323990
56465
1396491
6700
163617
74225
51346
5930
604727
1566948
81945
1287428
2807891
36806
48565512
48542637
410783
27975608
952258
2032590
23453085
5559192
3192331
34575601
58811
38869
320092
4566432
27988307
409255
171141
288420
1135529
46593
851640
52242549
8565007
57208620
8075353
57079
261456
59076557
54866690
56315
12505201
59067444
1635646
38393
1401183
3762065
19958112
48705883
54192700
242786
22479
51258
541808
57561
55602
31289895
1082973
40255664
1403777
325663
8768043
1208398
26734584
26720883
2831333
733668
23616449
348942
322105
11687693
219545
54094280
3663656
82420
445914
62784
2455842
411391
50245
13873779
240717
29969
57947
20210207
2454288
46576
54863674
28037021
49396
30826411
36858
857957
3152275
5746626
34471680
9461497
44035436
4079830
5604688
236695
2254387
40756638
371461
40848194
40909581
509457
1992231
42352622
42266089
31768359
42333284
7903980
7903875
42252360
42229009
39190183
42342378
2848907
35028204
26680057
25142786
37138
184051
21112342
24468773
52624872
52619137
52625472
52627022
52619747
1617199
22991430
33863196
41433501
41335451
86881
616698
10759508
18650151
66556
25660633
410720
20409315
25252698
869375
309317
1724862
10983445
395277
164331
2181181
545520
6819760
4045168
32692650
2139398
3284718
5764810
12340809
42457560
42457823
42458074
42457982
1634911
1870519
13188771
4418782
882389
23812105
34905704
57827968
57801242
34576781
15108756
21112926
2995774
47029451
4605648
30871625
10832997
30857032
28744139
10251211
22825403
67963
7600102
37668862
43131711
5929428
12660741
8047930
47272161
47274941
41326013
30236305
47431881
1615787
41978951
41979649
45307713
446146
45517589
18279900
31805589
9902615
32731942
44290443
42539391
31460662
15304318
20580700
17337713
105875
1957576
41595772
55345979
11803445
42655881
653387
12877240
644463
30956565
6006959
30863534
37084373
2102661
33762695
9372603
30927937
18952325
41457097
40736464
2343153
12904256
450912
9591616
858302
153958
43225555
33518444
502152
438946
846148
1114036
35890217
23293732
49980615
41451701
58553728
12440758
32274838
438178
2107880
27414851
601179
1965649
27546538
42518963
10959397
42519287
27546658
42524169
42522403
40858945
42507384
42526993
3694835
27547085
23445656
42506631
18952895
477555
13734569
5543997
17289777
20940657
2019589
10461698
54290972
30990438
47546141
37125419
3065003
10783290
39849173
11512795
26355485
12190669
2467257
42517291
29625512
66962
448346
430488
36114688
14518602
4997694
15035474
39707218
521948
37401
25119700
10145982
28270110
13495550
30876732
35589523
32789715
5600138
29738945
22613007
31586273
23819547
7541505
42182737
26049226
44530206
15234661
23618578
30306025
56509
41379126
1251925
40879677
531231
31734
57376469
23748305
543002
8030788
27924015
58953380
48475718
1017074
7675484
18689198
44169484
8160680
93825
1984280
8161079
1945993
51559936
25673677
56297773
15604458
36306301
53685174
1518764
2331620
767292
2484280
39856
52373
771283
33657881
1887305
9615728
1331655
757279
3882401
232403
769762
757254
30651070
57426554
22373877
57465008
37504050
3654070
32822023
4466599
6709094
18952362
52333878
10848173
28770638
3810753
25762883
24596327
555908
2079927
23123504
16019866
38608114
45461769
605591
3726925
3727062
374372
3704228
3951040
40942186
536059
2356040
33060630
898605
1032545
1018367
4372011
15500383
628094
24606792
46996000
757300
482147
13378801
4549327
23611163
26214151
3028427
3919625
19087725
5194696
1247550
235893
4400374
28075536
1320241
510132
24705863
39949675
3920419
38270994
15865266
757269
427992
18581463
157835
15399635
616960
26298663
39892531
150116
55600290
18394990
39696368
5115943
8567701
26783785
1342579
1913660
55600806
55596339
50315245
48347935
56695163
34165756
34172227
33336442
37715428
3311548
167906
17110072
14436317
30505260
52972490
36867743
50593655
55809456
33131935
12277017
51585932
577974
50604446
40053586
41785302
42570391
6746982
14941794
54779970
56695305
51531712
2846868
5580736
56600209
18523806
49186380
42411343
32612204
37694
3025646
1251355
2768862
53413868
28778853
23820332
227478
3138479
3087323
578528
9414336
18061659
144854
1251410
288400
233180
1999484
142181
1677930
31693548
3907256
24883009
1393702
16778113
3285022
28245484
51125777
4695949
227547
2114535
24196391
4106840
10675957
51695162
2708756
7422370
15725210
7487143
1117070
41551975
43114888
22862873
22436148
37385841
35622349
52314451
3688518
53965703
4592795
53920390
59416
643020
996315
14535721
3882879
1375389
51073598
42186232
439282
56780288
40548511
22204585
1815428
46594
17191332
2306576
1044136
3710354
3723184
23934077
3422207
13977513
1702288
26615494
54714555
9397149
11469558
19747751
22859885
900061
23653246
4146576
2420322
921100
174799
144068
25476
165688
14535977
2491118
20834348
44627019
2187245
45603023
11671698
2216445
46191
43475196
2815610
32922052
32916746
16051457
6559200
25935889
1473011
1608469
25941862
54318480
33756307
37629831
2212957
39701414
45527564
38393177
51607642
42986640
52847635
52760908
43435317
47544706
43912217
51617251
584894
28127236
37233028
47417845
29613006
89732
1431051
56588660
27662168
30477724
46880097
46893699
21522903
1173346
45594346
11137542
29402308
35608259
44342304
51902477
44390632
33110904
38911962
4820896
24630500
25090564
41162464
38466004
12488904
8355983
2075350
29444637
9998156
28814343
36850340
31569884
9285415
4041366
53230170
45616378
8841943
44278249
23572929
36849151
46315570
20610197
55979268
46902526
6131412
42724701
9924698
3144642
52144995
285918
28807360
29643755
22713904
34345985
6166592
43086661
654343
4378582
55747055
5508956
26337113
45604181
1575223
48757588
48345834
17951536
11489895
8343529
36552488
4031280
71246
22626782
27867874
7645962
5074505
55778717
826850
24186322
55776382
22523618
37126120
962224
48674068
22879260
31347126
31570362
37114403
44282314
1631358
12229873
243495
4048623
15873877
27538168
31124421
12314286
22742
37106232
51356522
31569955
55735745
2069374
174814
53239157
12237724
1963761
44716989
3877101
261479
38483998
43964576
15795297
33068101
45602626
13693806
30856471
46802668
5455223
46453694
54407335
760571
7714239
22706403
31449831
49633190
22976479
11751835
27380272
4682515
40712105
1007642
22886513
3684864
8468017
358837
12284556
56146951
19892899
29489695
51855532
52273912
907924
907995
382074
27197114
8092763
31162962
56153527
43824323
3096130
25386608
3130315
45995
5318270
58764873
239038
8704220
1178500
2946110
2136854
25680096
35971170
35973879
2336141
2604
67039
6453717
15498298
22508780
23960842
14030025
426433
6973815
7368905
422948
6854110
8498325
50664621
4723462
408083
19997989
35212968
5179946
366273
5498814
11295077
3500286
3978080
464779
43110864
47573732
3251022
5100937
17353312
2376278
9891243
37264560
33365410
42734050
12905296
35933999
48350405
38673321
14269616
28685458
34164585
5155293
8408885
2026112
17583989
17220334
6457329
6903459
8885941
37812175
27908366
39199983
894198
28689141
21892870
26610144
48900325
1972288
38240436
2725360
10702868
3615684
15510119
4635477
42861897
25756277
1440257
5593595
841877
25400790
46287679
16761344
1551912
28377258
17750835
2071443
49280110
35095526
12293814
30871229
38248921
259162
10781566
407480
46186824
49100052
4608390
26966900
34905537
45454328
174521
46186906
33895291
20197040
29171859
6670771
54345655
56009041
7131295
39649787
1535090
469799
9758356
22348485
54464558
18401357
37772265
50229733
50824537
29100672
20857
50702025
1537611
4231766
10067585
38885156
994039
23800840
5377168
47162524
37862823
4595738
3674206
3973669
31727026
30099659
19251434
35934051
22061297
9928955
23572959
48254824
13764215
40050529
32781309
2363474
3647809
28996343
34275855
55776438
16394101
2622964
8646876
18685301
18414743
923301
26210425
7709435
1362546
18416376
31427966
19677967
4725497
36976336
38855508
46186851
18198290
12978137
48253668
12391016
1137269
8101372
2597872
7760965
2276409
214934
341395
51496520
5275828
26989304
51234170
10694718
1082645
54691944
1849152
58833260
160832
20786042
58283612
11264248
739588
3319001
12630111
17856380
51023476
1164
35891416
80732
51884528
191145
269190
3929318
7620324
1651963
1006293
18950050
16263779
1824836
2645238
84130
402048
40885
241649
37438
1532719
7423263
7039
13314050
12809970
37488980
54974049
12653051
40625991
7352745
20756967
42290411
33264144
55906881
35749872
216410
15938221
1065253
52457041
937347
56121990
30628775
2384061
54577423
190837
26996847
24778033
54683549
11347
14361510
1548510
1548123
248189
40254
13305402
12941407
16068922
5734146
23218263
25309878
6724915
33762888
2100075
14773
3424660
12458808
3948917
52169921
9931974
31640999
32144185
13882552
49330192
54455228
57337795
34150484
233488
53802271
5676904
56737564
28531802
12457518
44195492
21599341
14218425
3531649
2466610
20542082
213328
16981683
12561091
55567666
51682417
265816
14958673
182837
1678822
37441392
13675124
30405742
213354
12117968
41585725
2675164
1014170
38212767
360066
980971
2073462
29301
1456863
2445180
936821
455771
227053
52082659
22166774
2748227
5307239
659757
2220846
58565905
12261835
2312170
51777886
22618474
9017838
56830451
7426972
9017582
9017587
7423555
26328591
1648534
183952
58463
37263123
350239
14643245
1182550
413522
59701
352453
536197
264268
53810765
698858
80230
2344016
893432
2937476
520924
15378707
373775
13117577
916552
5895924
10974032
1867849
79425
1951498
57260
469507
53806103
2894782
243718
48597
14712915
572393
5252915
1168875
1901396
3659771
21402762
349636
14992556
49938148
37060345
884781
21938697
11727138
30516155
535805
1166229
193688
4241965
2086634
609079
28238658
405614
75838
470488
974099
5020872
13481097
46996599
38068501
43512313
1774930
1149599
664494
23902228
467731
9110374
1151989
3982848
52309372
37993
147728
165767
1088008
653173
3329836
26779825
23624536
36672111
57785320
3263679
3223939
24813796
9273237
5969588
15459738
2079855
37232595
36702929
22819973
13615
14537318
53912255
28414748
21188370
626455
44126781
4046303
188543
54838
5742067
31199101
6873384
21193982
4292072
5987
20857581
17751264
85342
24709684
4949083
1486044
3997462
765457
569315
37277820
5645320
32310124
9848870
5260053
61260
668710
15427832
481098
3653720
37591765
11519537
46762634
33324563
2495757
8251904
18990011
1112273
397175
2377120
58091895
11072810
58028753
1055835
21223842
4007815
16992
22391303
2120798
22543360
18582230
19104225
23417661
17810899
10249946
6391934
245564
1033013
2195504
3132996
6002168
27254488
11528924
649208
1097424
33633277
18877738
2204906
6043761
1533815
1744318
1715797
2079074
599950
1287573
5788503
55466999
34843874
13281058
39455923
1031711
827230
1144736
8463546
12766389
39453576
7764539
11240818
7627342
262346
13454001
20179023
44490414
12098142
3609568
4929533
7359319
44149694
6444831
1450596
1994147
51613322
17252648
1200509
21703150
11406348
2389983
7675110
961216
45439267
6800181
674969
55562717
42731755
262642
1139538
1252792
1653834
11870490
7713450
953711
33206989
45560521
19826930
4578282
464961
10074706
3854094
1963125
347518
1890510
8846258
8069383
2082608
28999129
15245727
342694
6107978
16153332
51742
297438
5162166
2276518
3204419
31151974
2144707
498099
3167304
1305468
12537650
1117384
14713689
9269044
29152133
13322429
1311345
13166330
31883460
46391729
24969166
41022888
3244622
2454057
4921530
29159801
25672641
23524335
2145737
3717865
4318300
12780833
26492080
8440563
27700483
43697683
29150445
2810508
8907566
31779376
53695751
1368771
30519041
417667
14839949
23680598
14202412
20669382
56555481
1845933
48834009
11445391
44928
28771274
441154
12387916
23292269
1182968
6992172
14231194
27071205
31520260
635972
16085425
994402
52926700
411262
34310673
407847
7809745
39115796
4648028
1940864
43425279
22836400
3599560
46197187
15075360
18774101
2703758
23291901
18924211
26971
4687116
14353087
2526409
1683865
31307996
970063
508190
39050184
55501605
55443995
7732515
11405579
14202698
53226622
16934413
32935348
1511110
12388598
1147423
2592450
30888454
995666
4606248
10992586
2653832
1134910
30622791
21677860
2834473
268267
10114218
38641116
664462
2358399
4457545
5835281
10752598
10542070
27070776
18987332
2145996
2279816
2279802
2616214
8387718
11647590
12339
34036115
1221403
11913227
4709391
4775999
2026223
28371325
1169761
446223
89242
8202009
10438744
25175105
47708797
26877229
25175288
25174711
48812771
25209688
41083964
25394605
382633
49278771
20943396
9516977
19983315
38950795
25211094
33708419
18771661
49435114
31120858
2257802
40440471
39510164
33255803
575920
14146736
1877429
24157019
22553956
55829448
30493924
22438135
580039
7923922
2501981
396550
10403211
1172521
5826943
591492
4991627
1407435
44819733
2512082
4987382
7715559
1750677
341107
2946521
1022822
1751119
45515
43688015
49399421
348127
4937086
1635014
1457128
7291099
367831
197963
22405935
858665
6748280
46833807
17401600
902789
367835
5283781
2250488
1139275
17020599
5909011
173155
584118
1022801
58128495
48782332
181586
37063620
421981
1845001
389689
5678036
54431983
24386652
55617869
26025764
210545
14543
6587138
24734729
20182719
3320853
9675622
17065840
39314328
5267764
55180379
25557935
1417710
17856623
55424384
8264048
153392
50825029
1300528
659359
8340480
23838445
273856
40272
43552948
58959917
25493759
7369020
16659679
41722640
44362658
3683130
173366
31472958
20335379
171855
251540
53544671
23671111
14553
14551
12073594
68040
2168581
10162367
23947154
46536012
42713269
4954764
51462
32059083
35127635
58489154
40400006
630668
1204311
55287698
25017503
54891596
265594
18097527
33448681
25854285
20221001
8730871
140864
52094170
13764124
49996145
22293052
13741562
25337099
52480700
18589981
2548300
44814319
2435980
36660129
21280576
191490
28064235
52094190
26699451
491484
51726771
4883340
5903973
56024352
44525303
38235410
3656192
12740323
8743336
7650988
16796181
360869
3986309
24764949
15925983
56059315
13577532
4096680
38813617
4504020
18511470
6221280
40649646
42480973
39021261
1614708
19553576
1876560
43272706
608992
48900495
9722260
18290472
28638
32087471
31859450
38320678
39300642
5317680
3146960
51292589
25776762
44138773
23638717
18527858
37790925
2670885
54588991
5804111
7515092
12048084
560504
260951
8934486
26433872
27530648
8741390
54514165
51175616
48818401
19388266
7242855
19223687
20936547
48289890
12048604
48537846
32643742
4602639
41873350
48758578
3796407
38059558
25065963
21734636
30001277
10085369
48333759
29215831
55773021
658978
9840408
3412860
17751137
9548656
8887281
12576201
752817
2736748
5577411
1827853
30334538
26878766
50761997
5786309
4725686
56512633
33910928
40276437
319452
4564483
21755777
4096551
20648399
14488873
34883804
21091341
23958175
179693
41251446
47926999
37739532
14632070
5654834
614362
33762019
17828921
14673283
2466175
35860455
51383131
1553619
14985557
34351024
15567387
53359814
48306929
35860319
50629235
677012
334819
53824793
24385095
33971306
30863414
49586224
14481213
51090022
51999459
43755631
2413599
53476296
13707411
5208573
812017
31069009
17464348
816196
22261770
53346629
11244193
28257096
182028
44420131
50113382
910240
6785536
58455575
17530714
21381027
22334559
17771946
8614421
39933524
11701328
17274138
34972991
46371486
1252264
15962283
1653629
43755483
13971
6701184
19438137
8650560
10842216
16082
37993763
11487544
39456556
34547608
8606735
1027308
17752037
2055363
46323769
22812406
216283
39293751
24068456
17753000
54519416
1096701
41797102
6177364
7106109
11189631
37698602
908300
39243517
18697849
32698086
928469
37330270
33219329
19109883
19133749
22478426
37319566
49391024
4623561
28674214
39288405
30664861
2470336
56612227
1058491
29101593
9363085
31275529
6333917
22812772
34837898
571630
13622823
44298853
13584579
57251116
44563152
52774663
1633840
58457690
53522128
21021927
305738
168313
4428815
5351687
6674505
1876127
1876158
9363689
2602564
38540045
47526866
1651462
55140166
31048745
44282446
4007014
28777181
24909010
55149364
50220155
55149055
23586975
49372034
28690546
1087260
3811999
12720638
49384290
11260982
51605846
5975027
20592794
44047584
57629199
58843544
52598474
45531556
8608
56063348
56056561
13694208
6723837
54209084
603121
30887280
29800121
2219088
13539483
51859143
54209156
7346229
49133302
276909
58882539
101600
10194447
1208386
3588155
47490844
15253352
482589
188863
13411097
1374409
5133058
858424
47488215
54441030
49394912
35742703
36984479
7842233
4630125
11448262
20987851
10837310
955298
415016
17729026
53354629
511626
47378095
50314793
32672803
56953827
8531172
40341221
42318629
53010729
20219
13590511
25615280
46531324
36709000
19179678
1357514
25207831
9801523
11946749
19343278
51616822
33835047
47757024
11330015
2147251
49545883
31562046
24455791
47378041
6390798
42224368
40057861
23402198
1265269
50348837
29816
6504692
2072925
58718985
58794547
17062218
74007
13549505
58306941
32410
7528474
50479735
10082867
16343705
7229650
13655564
2046140
1262082
37750391
37750380
37429137
40527383
16961217
22901345
39636980
49667687
319040
50771526
37750372
19716646
4655399
51503229
9261090
37248295
29780135
51510936
38851393
37750360
4992509
5823188
52554451
37015539
26298245
54148975
47510852
5577048
1249122
33303769
239918
26082073
32922694
31846074
33974097
3783126
15105978
145193
32977
2239192
3410311
3955851
5488986
624684
5957245
2633667
48315392
22526288
15047743
16249324
9469448
25991071
49673538
3652290
31641080
5047550
26756364
7799719
3368303
1592240
9124629
1233304
1168184
422838
387960
26106741
1039873
1698415
35352220
31312600
514932
19759799
3451484
9785037
43794841
639170
613505
27163939
8305
6341218
1198465
57152515
31483317
12527238
22891207
10374
34008425
17234445
3480573
4849643
6503287
434110
11985
9178719
75378
10811192
41310602
1518227
496944
555466
14863
23456179
3770189
2822887
23470459
2119393
41932658
37631089
2361505
8307635
10288698
19083749
632392
21310449
18456
450998
4240949
44823474
608935
2084219
37159631
1699819
25231955
976531
24566
230752
4261195
60709
1393519
7154403
23193
51543
35063433
4096360
24478
1221296
21703900
1839743
2847161
9032902
355291
19417078
73490
26975630
54540850
14746300
1104379
17731828
20211917
1137997
1913558
2033659
4425708
29464167
5126859
3552803
26753
5645845
143856
6532409
26009616
1904682
3012337
14795435
167550
27133613
22946621
100824
4978374
33899852
55339665
31143541
1189233
1227905
664811
34509791
57117434
3032466
16908902
13366106
23714788
11850475
22632609
226990
395477
57381748
6074785
1800
309208
1269618
19218324
892484
5048486
31638472
52145166
1524792
562788
16359715
41327903
29963762
20731515
41120920
57330
6818
26423397
3965931
31300555
7974163
1437871
805912
20922487
1552348
28570924
49643524
5322154
1644698
41565521
38712998
27319964
3193479
22039839
45581555
55620453
2566171
9023184
4329772
42057779
47390498
235562
5568077
248671
168986
2016515
275216
1578822
10951718
605111
41621156
6731253
46487800
1519027
9673106
58355851
3472397
172474
1846075
20023618
19723734
1110611
841074
8114777
31389849
31726668
34368888
1228380
46979531
33761202
81666
50049335
10301769
5568051
3821220
51235563
44605563
2311577
968834
19970230
44574
31125032
12223156
21592443
15639625
53349949
2331097
34964371
25626890
31827286
2187851
36499666
15107732
18776822
775084
40447133
7799969
689464
8514780
25228183
256587
6613996
16970115
2782692
366663
29963676
604026
840040
10828129
41527
3365075
38115
1878532
19604881
12509537
212818
996317
5956543
2899076
411526
18277192
7105280
930830
155019
2163563
29316420
36882222
58630568
1988874
1988910
33030860
366589
20695009
46822555
17006048
20197080
2451591
7547202
281015
3545884
15740717
523617
29317007
6595617
161267
4416048
15755190
804169
28032864
12644602
3972912
5157506
6434430
57286435
1475409
27870948
159421
19057155
164632
2843988
5033373
53836551
31117483
56458
1581427
53686950
105355
14782003
31734250
31284193
19864858
44562388
28914158
2219115
33820872
7847673
931422
14573357
41537818
21312269
3704475
8128722
8128856
44581891
13140640
8292896
8305936
31212987
1247250
57027
7971912
4620141
38557266
1052135
14368827
16350783
931438
22732293
2129591
1168317
19316440
3313340
25416697
20429570
487908
31285233
232386
232388
2255524
1517667
4833512
14894500
30627895
27023036
6989597
27377857
19115227
1008644
1987985
12123960
19474808
62729
1808607
2534964
33676217
10181116
38726329
12563101
25490263
42930501
31848417
6989876
653348
3684199
5174757
37387608
37392209
7089928
24212605
8007886
7531064
39829416
3225915
7143248
3996438
18962704
37400498
5825391
7089536
32156908
19153174
46979786
4865616
20592787
1497313
6226072
1944887
15494533
28945121
30865670
53873865
36479878
15787684
16287339
27554402
40973486
8639734
17717940
21486420
6195793
31735987
6821648
80077
409830
30177701
2402277
50907630
37563086
39338947
689975
36840339
476437
482651
52399697
56939346
34473820
862481
30174096
50647942
48735497
53113460
488640
34113697
38625337
56870352
55203348
5206465
11142338
146276
21647836
50398290
45515134
32476781
26856068
9803278
25920916
442422
23266450
23266337
51130248
39685337
14935971
5170132
46893659
43016848
18908331
19714462
28306547
56025694
1227788
55595320
8688920
45580540
53360509
12861249
41335850
8688638
12463750
1804451
56613687
946929
38555995
37974009
35439884
31615192
46434772
42334950
39914061
12681282
50569286
6793105
38454848
49312388
7701587
49821898
489930
52344552
40028796
22322080
3337942
49253056
9894846
54439518
39027004
29954555
267753
24417403
26692737
46786123
22732478
42599573
54426651
36727085
1411852
17464907
14952843
7321377
518397
38709822
3309687
15369988
1683043
10601507
6235985
5548325
652102
237141
3584524
27718879
26580361
3443739
6310904
652109
268344
10543101
27955117
36726699
11774223
14041062
7635393
3582323
55321544
20361587
88772
26893458
782795
19892614
17933
1816558
39908986
12896417
54409102
2577605
41200493
1165697
878327
34082849
36726976
13816853
2554772
3214515
1161552
3080690
5195650
20145540
18892315
20765204
1953581
43364546
15668833
40716096
275871
681185
9062245
21603604
43581204
22936371
833690
1269245
4622312
8950361
7125851
4440608
29436647
696280
8560
8704209
13930879
29451101
4857850
29564581
233956
1333905
30987821
31074815
36835301
1613162
23853172
19540379
33075099
24446456
16018870
1558159
31286534
48462950
1458964
25839999
199772
33346439
25596814
374385
47818759
142910
41660263
33945321
16929046
1138526
457320
47688354
44173797
7613845
893718
26703961
33176131
10510502
5304481
19377388
23218407
3647261
58558728
2932442
1182291
16166875
5534558
44595512
21438345
456550
3733092
3555307
3443916
57477295
1130700
7179232
10710154
922164
49675098
55797400
4376638
13315514
12401182
4503966
41784818
1181133
199264
5490978
1689615
33906124
58977586
8526759
5258948
12880377
30155658
28902374
4475397
44226082
7488620
12870097
53876816
26923940
37136779
66154
1255277
5661915
2033002
50797595
593683
39830911
1973221
25215836
25724950
525028
3080510
20740416
42796605
42796767
42796599
42796911
58666127
636129
247107
42830022
15598656
407704
12577475
234824
118450
11897622
23080305
53747014
527943
41257045
1629311
46351868
17176
32173564
39790668
26612412
1721135
47047888
19688
5620714
16021852
2064504
5010353
20420
15726046
216192
2889292
24206475
1113784
32407015
37734617
51178740
43923886
42186289
966255
68351
7531016
24475525
2948657
18667798
88378
9499804
19029406
15676540
8640428
555539
44136736
2256597
56188331
416779
12037783
32251796
54101072
1728199
58752874
12643716
1137250
19327994
16182677
646346
9749044
6196644
25861897
488401
48125053
35744977
17113105
16017237
48514371
33914237
2398131
19062797
2164549
1436515
15419237
2649262
1158081
1462927
7945684
8986896
504357
27546886
20210086
55401299
669120
170634
33980
2583747
2036554
8081063
3575593
36487460
25435160
24000751
530916
458858
4700435
19998165
26024591
36731302
38292
52775553
1260570
12673103
3754006
14226794
5792578
56854303
22209363
7859899
2791047
9977829
30244495
21694803
29857152
13362980
57723249
24644328
35818879
34974613
14345140
55234564
350401
21099086
39848142
1121030
20902744
4288891
1779475
28560103
20902763
999789
19326593
54184232
19349690
13994373
4518018
17094767
3437663
17183579
45550317
8726659
3095091
36602096
16410019
36581988
32093207
3377003
4790683
20734173
803661
10158889
1805271
3406733
1605798
35424118
38223
101388
3525517
53787469
57661926
56981107
57772700
58900322
57372577
56972556
20078826
12851824
293606
20078698
11108817
2667560
848494
32567501
8394754
9908318
29303904
44455781
40319749
1606205
7083018
5521184
8692639
3180710
10444102
31641740
48581239
713
23534602
2475896
2104830
17960514
27904054
37606777
34644256
1365624
443212
20816
1093053
520593
2485960
1508243
105803
30878100
772013
28284
48633496
187553
50757890
20854014
45249
52032623
7348443
17135616
7529592
5239446
18125774
1577354
1313623
31563269
46857238
24179739
13479645
23989039
10067187
23875819
1219747
1183070
6634078
3780438
24630641
42119079
2234210
30475108
5633026
11086565
293396
25254226
20762753
26751966
25571663
40799663
33962920
21522001
20496926
39648645
13246418
14074754
33452337
10952377
32453380
325156
49974099
1712357
48621885
25137369
22534140
53269934
372426
10368163
23947961
41561194
6977357
11152831
39647531
7102272
7529770
10980696
55846595
23363551
42307071
30547984
30677
16768304
12915657
12311888
3982513
13324152
29072679
22878918
23853763
13320206
7529683
34580464
22533786
38858718
8806649
20860737
3296319
3296101
6866775
850320
30943713
14547147
431310
7746249
195520
6206429
31228166
13330867
26827442
6997477
481988
10608547
31071816
54051270
3039983
21407578
8408448
35036579
13485805
1617571
6871224
90471
16225796
299790
7897442
54952
4325991
27452961
3122904
44810542
35898026
38821881
32345395
44937193
52698466
47686959
6629973
2891089
32345463
48871494
9004141
38972489
6460960
2598108
46253875
31032136
28322478
24604817
3375714
56906420
547866
22688319
25280299
8440165
52763975
24373093
57483589
14776965
51447610
35457328
33803593
30543568
5522946
54484359
5298349
47507934
1621271
52410622
2378222
38604479
31432398
15854169
14806012
23183493
45647471
32539427
32344604
20091428
11764275
33727695
22991308
39018678
51230831
47567153
40388885
18396480
623243
22913531
32345097
54292928
26552149
23128375
14629784
29479453
17347053
32344400
27921256
18937540
37915330
45274146
29294040
21547842
6742061
26248738
25687934
13948219
51196155
930805
1461
58841118
4318
1093094
13523148
1792122
38430022
43091601
51404088
24338083
882736
14308
7719516
41684206
31514327
35911091
41803948
1065499
56984039
337301
6369332
322533
57684
22366849
46193861
34262770
23348207
1810990
177948
34666187
30738857
41016538
18886199
11865929
49919158
3509794
15288165
49214944
35633369
41606694
3530241
906846
2412401
1031239
1031462
653151
2520470
56155535
1217686
18771294
3239188
56325694
56325696
14227230
5128946
27600017
53199267
4068475
40040370
8629620
18173882
826862
25587098
1288948
13897042
275704
9224636
587374
23101990
6098330
42747203
1251637
785242
56001
37206450
20534924
19265438
4115757
15600072
172734
18382500
21054515
27047750
28796116
656914
9874504
54522753
42962784
52809171
21954724
7676390
14482131
2806736
45369456
56389209
45639384
23238710
27271028
1025249
45545426
1276234
1432020
19854159
16118151
423331
15052
220072
50934938
2360744
33983707
39053282
56666301
3255291
859683
44099131
46665773
53649201
52300175
2980850
26177291
9386486
2839423
5495176
1955471
53294594
16966563
17476439
35150695
41687511
23104119
21162129
28939885
20529192
18707315
10896351
4696437
227018
18938758
33757987
15718250
9385791
14484954
57674142
10171700
407209
14496034
6251
13274157
13749200
657137
29051386
1114532
2480562
16049023
38364359
12965486
6872680
14466203
14171448
46677915
2413446
48760973
8305756
27065
45007702
30356158
33030091
44657216
4455918
19821042
18934904
39802440
54550259
1031215
35251916
9384929
36205257
1546202
18464290
2057519
16507553
14357195
239138
26255087
552466
2377830
47533608
11214607
37344121
45599643
52294302
38630226
39759199
41524596
49261423
9733776
49994399
45467509
5619624
597313
5736
747715
8864967
597340
419526
55834640
512889
181431
18603335
1229889
1844689
598401
24525593
14678807
58302950
35610960
43839764
30296140
39143827
15150250
1904144
5158636
55909465
57619800
53534159
50815714
23718456
50368438
2574219
10189411
32593398
604816
5010296
53985069
2821381
3901308
604868
40817116
40147167
43573275
994479
51113881
37348118
38623378
479056
18294711
16463190
201525
5556327
36533289
37349688
43434685
41525099
57620229
170982
31517648
974
468008
45707264
52498778
30462630
2313053
43940869
623946
7307817
45261666
350578
26712372
45339245
56525875
28664121
11604648
25784888
316815
948168
43936011
21024709
32737852
39484444
25797488
38797364
11614323
54438257
55685094
36011373
43125873
5830550
50807470
10435998
47906367
50649537
8709293
11117707
54300981
478934
42776985
677286
4602200
2377150
52593599
2313057
24504297
11180423
4234046
23265726
39556869
37800449
46999964
46999916
31540514
21769016
46999852
6752977
19729266
33433331
17476377
2600488
38870443
44418367
1575583
50831293
2518086
2781960
34994854
39022925
3414930
20641371
15090180
1322100
5983758
28026101
55178112
4155988
15653597
13670454
43701794
50572189
4558426
55960563
23613008
34381188
14345757
50952034
3596899
2851560
21186038
15565288
40777
26447606
18656877
11459726
16693805
21185721
1753261
7045361
29887866
44789336
26100904
2246651
55487307
45516432
34856488
2429977
16590925
4788640
10359291
6117374
15437376
30257957
5203254
20978769
32552569
1739097
7802082
9489565
9319349
7190770
2003261
18615285
4705713
43297496
4033347
12520645
10109665
11530838
23030584
55428952
32997274
8840632
559066
26336225
21106348
15820232
23572891
48345932
8886432
26041032
36108052
50410750
1920803
17922392
5235575
37411947
14979748
32749140
11481321
6639850
17606012
2426119
21882359
7300596
30483138
7411939
10625295
23659948
56588027
10132401
2500689
18050284
53267005
51757165
28043264
13373895
1048685
36395445
8328833
9382657
42279242
4253861
21376979
55159647
1249856
19047741
36922375
49498708
23030862
50954564
44903627
6517510
21538523
32644724
28961152
24573918
27387633
46959461
20593779
4442658
4102811
30772871
4524118
16343931
3295123
50800008
25865228
6981516
9363637
13798175
12009197
49018768
30126422
16812320
24974201
6631375
22512216
10931772
24451977
21070916
9121395
20960352
32093678
49690837
14719154
12110323
46477688
36255036
11370573
4878898
13810544
420067
18553510
13289588
35036820
29215342
54965230
8547005
31030117
41135509
8201573
7599559
30295227
33791047
8049463
24048122
1748220
57580265
26386660
8854005
52304809
11401656
24813911
9420612
207586
53367935
36945615
10809380
11551960
32861742
12123967
4566143
22726552
4544077
14028639
5977293
51239126
6060877
27221555
6702028
14979560
558966
44731194
4616444
7045353
48789631
13898574
34220202
2280942
9224555
30236404
40679734
15723416
26145390
22799105
12953152
23266286
56054281
56054276
12953311
53751928
40951029
8471452
13244131
23264910
11351637
8290337
40578121
53644265
12830079
6246242
19634316
12239581
11977298
22318852
10905583
6157570
11674624
15460523
18635428
10906024
25362213
43271081
41359304
55946544
402567
1117458
12965539
20521216
26151825
42720869
10977382
21175804
48729505
31143294
33821042
12008694
21564798
21327215
17782364
48762705
10143762
11539646
28307770
13197750
11284966
43070801
46502056
22615874
4689915
23226437
43637988
11750741
13447186
15399989
13595409
15290826
2595698
55512916
8171240
35332741
5366400
12161719
31962402
18961890
30774139
4437283
53102285
22674559
31381761
14896215
30162617
407289
3106223
27446815
6864677
39023855
45315193
2895550
14512865
7076617
10353623
45068086
28756610
26971894
11476853
39228560
17835849
24357436
41676069
55604857
45603322
11369079
12876803
6113463
10256327
53828762
50642320
26241890
36864657
39292597
42188545
22875022
32776800
53886302
44752122
19458444
58097666
14210416
44172436
30935611
14322415
25902186
13911218
51695411
1877149
29693994
47518552
14979976
1006635
23032386
1595474
21365193
12139185
24441391
2207861
14083381
3864417
2534136
25408167
31870659
31881288
31881517
32030295
32030446
32030643
32030747
32030940
32031135
32031300
32031762
15565331
18814533
49416240
5240934
52311547
5075031
1550674
26789010
21593980
9406595
32001311
39438424
981575
23562034
14319746
53305266
17721603
19243466
42888422
173186
20230441
8316032
56887061
52821888
8982190
25647276
39197134
952343
33120470
3696557
7634748
660542
8521562
8586577
55201035
18399611
18021554
46306761
28865739
56878346
50058696
13342572
29631628
8390819
21240294
41016738
5872318
11059015
356748
310665
11276863
624916
624917
1054913
5955500
31104249
23030729
3173735
50024616
27087418
5745387
13219832
9273822
18803831
3758895
10242007
6525889
12128632
24442711
17655017
43295972
23157899
14781500
20540235
4359953
40691670
996889
41349488
21732545
2633686
24760774
26902602
420912
1711063
75047
21266258
3424781
18728089
8203113
7019701
8917371
1086081
3005578
32682509
15268229
47867444
10102969
827023
42241533
1488888
9105774
41933997
8660685
143133
16420547
58413
26134017
5244767
34845159
3116075
3003900
3010505
56415312
1060889
5826733
55900328
17540331
11577996
10006830
172291
38918026
2819
18580345
10182821
4580383
1043867
21081997
43389033
10832464
23658272
30030151
221400
1559922
2336592
20723955
17057372
6333892
10121788
49489000
1227154
3143195
482371
27616383
26530540
13271682
9394522
44163019
30700293
42057256
40119871
1127349
42246223
3869166
11350161
14564979
55244
25089370
24050869
30794160
13016351
237737
22018392
10425761
14641222
2118006
618303
15140068
79610
43326885
7817593
29637793
3998660
22751476
58833413
402018
3758415
729308
35788567
57680270
17037094
14609763
1549339
13127410
6984314
25654089
29970497
2194260
6454634
5816930
41495
309249
21481156
4593428
6769276
851547
38079557
4579521
1884890
9795740
1239940
1948695
50390340
262135
2220565
51017659
51017917
1524006
11826928
25499652
183824
1677464
6904158
7161682
44108967
28506
28339996
81511
12127040
61273
6585242
51008855
4151388
18705367
347113
4654321
18827698
3586065
6539344
22018361
21921347
237744
227086
4213165
8903990
33537
100439
153215
5143318
21189305
9333674
11217018
7417940
362025
43779677
3263280
1548726
4370457
13067121
41912128
4557961
405512
34962696
30958720
40733
4232047
7940030
483924
1237052
254878
156549
21338091
1477579
5431341
4039099
12812363
302052
2391303
46943
145372
52664537
38357638
2554770
4807288
18589482
258958
1732908
3287513
5080172
2224558
41454040
38139260
4661493
41270907
3375566
19857803
40927
13427598
185669
2995499
20555848
365755
10280692
28256450
1243526
54171300
2387468
2148734
2921803
262733
1095715
12825633
9510
10006
345675
1046687
38878679
36621413
9490726
1519744
45410087
2495244
1807299
1879615
13008491
1778112
31653603
3951487
57076097
58507200
3958638
6301611
486128
486312
5992080
191884
1635317
1008629
172270
13624
4556078
1171542
9834288
13418907
55813510
3125808
4037488
4548229
27364462
7890305
5256296
30857444
77882
22860618
20167123
43442861
426558
8734100
839321
5870005
5036132
32175932
34007557
4557375
3576625
45871
4335254
6202910
10535636
3005633
22143616
7291420
1155319
3267361
17116480
4621973
21504224
1448147
2315537
476836
1244240
41421
269193
2594349
1934736
33592038
2488616
11216843
8620616
3528307
5882681
3072613
2254600
332193
25651541
258959
1261819
295872
2774090
1708126
3404398
31555193
31535663
2147102
23611517
2941730
332410
2296160
479756
378746
420787
49273286
4037385
3969205
504807
35888668
4822864
18330840
6377752
5084057
54547190
18675102
700160
32358309
37644753
3997452
15209166
1354335
31834828
230004
3677213
20312900
11404605
4949161
3969529
14597968
295511
54396026
2417230
764380
4670428
452486
21051128
26491373
10571206
36597721
5996696
23660201
45810
4934893
4309963
45358799
1311933
26436686
42906494
8261441
14413016
44224558
23714384
44626449
11657734
12950677
17363244
313454
1586499
41002
44279507
3970341
8106992
173354
1057575
32040137
2769817
52328611
33155780
7221088
51954801
10429990
2420747
995064
52503265
27658553
38462516
37650848
46628
51645890
13830206
435397
41145357
35533594
47510139
189749
53810462
1155664
52986378
32457356
275473
31211416
870723
28345193
36114320
32473002
1347818
15514189
570111
2704993
2526997
52242724
574759
14075576
18136664
43382658
29420999
51388622
48627747
44019830
25806810
30406566
14882652
22994574
2239104
3548103
12276619
44495
475255
4709175
51457325
5183323
2473135
24287539
22148935
17998965
21209062
43580395
22888247
1949447
8145633
791347
34907046
15680284
1850284
847122
2784419
7852866
26703670
847046
3755082
17054905
7985458
25798453
9766774
29129698
3231876
1779482
58492716
57551585
23693706
46530282
2688402
62437
23278343
245926
34076303
34968266
7886192
3382377
32977591
46260684
3657519
19985034
1086547
31039666
39674524
47532691
14571457
33050661
48259106
8622325
6810510
28182720
39794191
1845708
14023865
20177696
351882
19685029
15880542
39347466
44596487
58370613
13036200
200612
17667699
41401565
9160229
23091839
2895929
2584934
42213282
2220328
23493897
31586191
25782057
23585809
23284704
52318020
21845814
23207701
23208802
23984381
1390368
26527537
32001633
46901507
33606856
32629238
1936678
7966188
15466182
13704501
36701390
10160476
30992254
8571733
38602515
2148946
27961029
21775090
40141833
52821238
5958446
180624
1019760
892264
31677473
6074674
17571895
24128922
28808092
6313537
48446348
24764580
8999379
7401552
52156738
9579270
4827
9580771
746495
276231
10837961
33989688
32720512
51277173
14507731
31356226
3287565
2146034
42029817
2164976
44305878
42297424
19364849
48483838
28786437
36315057
56753715
26489335
31712157
13739451
29462590
1585648
3408308
51933137
25444252
30721542
11088829
11038447
49292146
18599930
24716821
50364516
50761050
9516170
72750
216104
31351275
971594
2124555
50074767
20727645
31001884
1415889
6476735
26758980
3391719
4666541
13938671
175426
5606338
924719
113509
2584929
653312
6927446
3874702
14848579
4436145
20959696
200992
11540737
4296904
1237523
591482
18359080
345780
7570637
7570524
7570206
22835238
22863648
22875917
923630
31221009
3776164
273092
44973140
1448579
229452
37992682
483249
983002
303572
1136392
3984952
43698998
229445
12828393
7552376
15928363
33396028
274975
40844
1203137
37898986
25120027
37791466
37791904
37960118
13065843
25314221
25314031
36780776
25313112
25311697
25313078
25313226
25314321
25313746
25313317
25313360
4354277
2192763
12656607
5952223
1894246
31462957
40900
24249235
1209810
2183934
2542927
11406273
8648906
16926565
12689594
1274162
20583109
469609
5536626
31600380
39474459
18663340
948432
26064542
30438853
411837
30652929
38878902
8488
41077
1697186
8437121
25044511
272483
1154851
13311117
1248062
31445071
41107
313460
14105279
35225941
1826418
4515774
31474404
272522
1607203
187192
5439832
980841
24759117
163005
9760293
17325007
8810367
1016696
23381809
1917676
612849
24099998
8767347
300278
24858741
83139
1624356
8299324
34467061
21789199
7382202
272231
4664243
1250088
18379
26240106
944836
9634133
21788162
3135190
272479
10378850
2044847
1214456
8111088
1597686
35525984
5328527
21787791
276966
2995702
41385
41389
10324127
18026384
2990227
501983
1461643
272977
2226665
858412
27115681
41509
30190249
2352659
2213560
4244391
41564
5541517
7143530
41573
8767075
16085372
27569034
25994999
11449004
33515748
5848456
10112875
173088
225112
2044496
7869937
81173
43933782
978035
14417276
1811881
24970806
44100239
276779
231538
418775
8850053
571993
767348
1138004
27425861
276281
290203
164346
37939277
9731283
40728364
21739534
1434705
29302632
27767
276954
5414219
272141
11145095
26758982
41763
21804996
41837
949960
29840
77904
2839690
2056235
11999467
10393795
188261
42772686
11627475
8216332
2662885
914773
14364175
272510
24581820
276944
25582520
44750399
2543319
14507246
8030229
113579
2469169
27424983
1553972
984038
1453315
26798194
58972103
54390261
29657012
30306280
35138381
35138011
3666628
12877784
20842790
19823504
14352325
2437377
35981916
7707059
24029646
2519156
44514645
19868959
3022
46643373
568963
39186043
30540221
33994804
13837917
2575061
8855574
20443048
537481
812731
22311914
12047634
4525977
6234521
43045000
4467300
4467828
620530
3482223
26684058
23179194
8098634
38365475
11453797
10502708
718833
44408590
6808976
8434827
29576408
889961
48565132
750772
33636892
17886240
9500362
7094834
23254473
43346724
4656137
4354735
16930987
16575805
1117374
822294
19035720
72232
9971
7005062
45704946
49893076
332666
10384126
7090419
18132530
4136175
25920775
3332231
8412741
16297028
7096967
18396408
30928780
30776767
34019607
1344439
25113811
15495670
9879153
68316
184978
511023
39288041
30860855
57169
28353373
7938190
57009374
42181888
49237898
38602523
1589872
30875702
44409150
16721822
14599551
10694483
25617311
12353773
3923230
1404852
3391379
28479203
19365219
44367046
12241852
625059
35697992
9543613
14804597
2016219
7655739
22117076
22711136
51232809
5022545
16999115
7447683
11694222
29149078
43933585
30109143
11183776
44852866
25153936
4568281
6855414
6871841
3172978
4696317
4696354
43982
22695976
55509384
5754502
22036768
1182245
239050
36071642
42699051
32094119
253849
29678719
3818319
21779320
16326506
15285777
13422760
5674131
5011915
32922846
10029655
2790212
10874478
10557067
1630600
17540734
13192028
3475304
32949162
9722901
2980969
10103794
22542777
25894810
8047696
760565
57052495
57077126
27399313
57079058
57079276
50889773
4708346
49110054
49292680
256015
36014525
9891751
39912104
39022401
699437
5799154
54807230
9521786
3457359
770819
51557888
7455643
41911440
42803144
52456475
2523683
15101082
39012646
1853642
8208783
31284549
13452645
39695061
2234985
12850865
7651674
6717182
3225450
36541240
32226319
36066821
1997957
8820363
39211211
7145373
53064660
56619521
5931857
39613175
31933021
3240412
47965690
20193762
23139198
44478442
8334762
9851414
495768
27048957
44111566
4270544
60889
58840824
1701055
1411188
11817965
41620765
48981762
57533821
12488689
43474691
42268134
12510214
36913101
30012059
25034192
41969333
2423894
46590902
8559342
1699596
30129507
14488117
6153368
11034
430014
1249127
184726
3272644
12236962
3667138
31344475
24255209
23967222
1502835
8888246
8704223
43619610
16440097
50172363
40956474
45413683
19812185
7320365
50210529
57877
8950098
50110311
10113242
78000
7760747
29952
27147535
13493538
13493587
1454584
57413744
48323501
34011791
1987765
19260394
19383106
44614166
25114007
15984030
6018334
39590258
51143758
52359990
1672587
46982620
44719222
1107703
20515628
50374975
50986148
14121747
24879844
974016
15588021
2833267
49961937
39663317
48746263
44135632
28200503
1874543
4501409
51689157
20824563
49619199
23210832
19941455
6011034
2677209
46410731
1096021
38022448
7977203
58842024
27838362
24503316
2944387
26494163
50006201
28899984
15089895
2684988
29981230
48987289
2569414
2043284
34119149
12306
53265538
50969944
44224302
51591140
41719991
18246942
34020087
38736162
36463384
521843
52018760
37886697
13318264
43815140
43947283
47470324
1034969
75470
352354
43295831
29528154
4623516
48765469
34476926
48914891
28668404
44125395
22214599
15387114
10796040
43579996
35573964
44706428
23754874
323158
43535659
44115663
51407154
43756597
521079
43273958
40075775
28419201
11443297
56054949
20224056
56023527
29476668
50255269
20123749
46363699
39676247
6717333
41259155
43559580
60891
1137956
23788022
43576000
683327
6202720
4472911
13991417
46788947
14576735
4924
41705693
37829625
3882239
37828428
2467556
44317529
4376793
35827110
35786293
7062643
14342207
49923551
3616221
30992771
29173151
36045138
5323
26559592
7597
46630
53202151
29450015
14907634
332341
11120381
23772346
5732146
20104245
41616
1010567
41323011
264582
47189756
562061
24469895
36280489
1012800
995862
17894942
31398769
17076143
5589929
2473812
15497991
22148690
30608525
44031786
22965361
40957
4521890
14437519
1174172
56275884
274816
29572828
32986709
10107406
45060803
29006979
2091393
44993448
22027854
48660
6574091
57506816
15291723
13232165
22690961
7333367
13726331
21384653
47403
5686380
45402495
265421
3122018
9733872
49968788
13544419
13337318
30864591
13370236
51813998
48870256
37651645
66256
44508450
2051812
15291863
1990919
28014737
22982978
286550
2211723
11462382
8852251
9523459
11977151
27990429
7181677
37395056
19901803
20252949
14339638
6282752
6429858
45717790
42531058
4636830
24073910
30992788
2327311
24846780
102913
14311364
43239781
326634
37315
300595
57082943
56686233
50937678
1506069
19064311
20561282
42986
5949507
40459873
26916700
31213900
577454
51079869
40872
44390229
21691608
5455816
41500287
40558499
19454733
3289827
37044564
2568485
16503997
31858593
1833452
954341
7090506
14840572
47713
20526418
634785
15118033
5503831
2251965
16457271
76086
212253
38824
5811775
327511
2796079
7118210
1947499
2542454
9559
54388709
1105937
31322120
28219940
52369949
4686837
58830899
49731327
2446565
39374288
293392
37821607
5569055
275935
22690027
35283222
4673550
2896399
3292213
1980234
1365053
4688909
40930669
1205325
24910791
52626653
28857054
56714254
34346707
11120716
12074745
12967535
2696160
7294919
976663
8487828
4214075
1904722
14718234
182745
11680848
25407989
1041078
35778443
475810
39313381
13934390
40545374
10507577
2684302
8616527
1383899
52094108
34547637
43780534
30246751
76416
30543902
39242563
2549933
3281646
2277871
31789966
3427765
28211376
2272185
16973612
537422
39766731
38433617
3347046
12786595
7674809
453086
12074649
2848803
3870862
2329101
41420
19217621
8950551
50771501
43275476
610773
24670118
3841657
10674858
335132
58826499
41568
670376
19757640
2174083
7817455
65910
12146395
32451837
4705609
530715
46782092
3699152
14655388
28772504
2597134
235898
1717012
5060723
42728
34147023
39103801
492249
33533975
3633138
44933795
19798519
27351235
6904597
6198996
3761218
296435
34298507
50879759
41995305
1868834
30292887
91182
5881683
36080790
1128719
18723123
28248422
38829
52093675
5706028
19103773
11271178
33378812
41581002
3341108
57724562
35670796
348302
13616862
37440954
2651201
32959790
2568209
5501977
7494165
11438514
1665281
3294795
32480401
6365606
2039
46367885
2462348
7458892
14025633
6885750
33735176
53746647
1552466
2848344
3430375
67842
40919
14664694
26514329
27714583
25388707
2572375
19805906
3689264
5102157
9418538
38134969
14860424
618120
5256483
8707643
216881
3213396
10392041
9225
2933007
7522652
13567584
13525100
22250817
3731718
2576885
251874
1194789
32186638
25660882
4204003
19357047
1958097
2690712
23781851
2332464
14679376
29928760
37396281
3433830
33820592
19861142
29160726
41258
21475911
2951035
14295614
36613571
31683389
10279908
946959
4490333
7457346
12220009
1082894
11137122
27372985
2359020
5717312
43949623
19888524
45099171
8133737
41726381
7048926
7627587
30140888
25370800
49090
15444460
25056597
23437839
2428325
18740435
18874856
17372184
41641
41942577
15544777
976730
6972416
42141799
26976624
25985990
13218926
11897618
4019636
56121149
1436845
22924230
26449752
2350918
32154042
20101779
51016689
8269245
2243964
3518436
18616573
29749902
3359586
1378439
24032731
31002280
45700602
19176426
32304493
53937260
11961883
46373107
14134201
6521943
17578531
23548517
6956352
10644985
2842321
1545608
50376988
3964655
3747894
23957650
8069949
1156603
54328241
42689156
35272703
1142136
2549795
1014025
20943440
1146304
21950720
41310111
5645363
5401558
46435788
8860434
3012047
14795559
9381411
1202852
6669640
19067895
19042247
2154737
8270573
29491804
16955955
610881
3373650
24188113
3183830
32066553
2248284
2820509
14341419
22315224
23547932
1784516
11918162
2560072
28806264
39533411
6452667
24590863
24546490
47075289
19220980
8856166
3666937
41691180
27626494
1976198
1496984
3994331
610897
20290597
31505928
44818019
10040229
192025
37280343
9152170
15756535
1402463
40464294
13435
3842074
17641424
16785076
58410939
30256789
24027962
10767533
5963858
607253
38731925
1532037
6029649
4916038
16743975
10346175
20154847
30167273
18212953
18165923
18212581
18212880
18208899
18209139
17672471
30643318
42676
3305496
14546679
16085921
57109910
20958591
3550569
34574050
20895158
54076293
9947225
17173574
555750
9606667
16334333
37887483
19042654
23559796
13854154
3637477
39708285
23674090
47623288
9233284
19372045
40582862
2255444
5560489
6511452
1763009
3966984
24900031
240105
30862811
47066950
40084830
12465600
410530
5348493
7999492
2006241
5636358
45017791
16079692
14740555
40831958
14001865
45102490
413204
16955480
14757643
33850965
29661574
5284787
1460183
20395501
25383505
39425504
23573013
3988692
37188074
24938012
46472051
588004
2620577
30865207
20364782
21080587
16955934
4886627
30426861
424022
12914607
20876374
2456044
10697483
47894032
146382
1115313
3873144
23375296
306686
3054856
4852466
864950
2578790
20324012
52981810
57893503
19603
3387689
9480994
69656
57893298
4518557
1115299
37515
3240823
26343111
4689328
5730170
20875309
25772247
58506358
37214939
4149526
21436303
34848600
18964603
42443651
45259
21070925
39882238
15470327
6286051
38570862
37102865
18744044
11708890
779847
52687725
4363576
45313845
48343282
55410471
28785745
1708182
39654121
42656205
42299134
43335980
15620079
27108706
37319629
55443101
2854670
48788092
2291204
216102
18293050
56256742
48130944
47449480
5565217
4785210
28309002
630936
23091751
13415625
2564540
44370851
39124671
15846772
4414307
3762839
28280299
22860615
11810505
50275381
52190997
29648202
5117528
31540040
38203359
21122725
39388987
38798999
4385154
51010708
13636007
