37080
7260569
14541288
5633975
2972
7344
53466376
276872
22826624
465183
243395
21455886
557913
26651584
612100
306326
32607746
227107
26117503
25262679
63753
34307401
49901
32577324
993987
509995
359377
37294330
60491
454446
4463070
46814283
7363
6978
3711326
568631
4110028
11286213
928779
11139487
11964
1673339
3667142
20981836
1664561
30864383
294441
32830827
6533945
46426065
3331706
398416
1018814
312648
4849201
17449489
508057
457210
1594796
238682
24028642
30746
14934822
823236
22556146
106238
1884381
32387165
15795950
21196956
644646
2033132
6308558
6793192
4315132
2890415
2444120
2210835
7113944
1456626
491696
12913290
14616797
7636660
8733398
7527647
941613
24077317
42938624
951929
8203685
2093407
72717
7420608
31183372
993153
931802
47278
42985608
52222652
2792572
9955675
13459016
169305
710166
3331237
3225176
33956397
1532957
13353993
389579
26447770
5961
528014
6711708
24373070
3286366
21887930
4642057
11987570
22696673
12185843
6235952
1357045
1988689
1733926
199772
38191512
35993402
15440540
3999072
5664
38106724
8331352
971922
898213
46198748
142910
3002656
37886950
33548913
1500618
24298124
9939257
32036278
752723
53231
4505581
6240358
9266385
21766677
35182952
1682505
56913918
3704475
407695
27501700
57515641
485309
1695035
33513133
34985593
11436221
3297512
192355
58387731
21402710
10305220
34810345
44736909
33442648
1945794
39475162
3900344
21511800
10069680
161999
38293879
636129
38452770
40903837
9325864
12009393
1677048
33646167
4331787
25659940
19962866
19974664
1886954
23080305
51547415
32006739
43909471
317501
4992942
154170
37637666
28885249
14615780
19635605
42551894
11851855
49102340
725467
652038
26915
233050
2892661
185307
6394169
4778196
11081176
6331719
11911464
57720057
446606
8091561
1534578
232495
1085344
54434451
8680973
1726672
739262
18345264
34760961
273569
39827738
55911046
6258906
26791361
34730803
58420390
470886
22649
1587681
18151816
7330954
54102859
45694885
44002741
27023036
48412437
520196
31329046
8280463
21312306
18311131
23474
12623574
4119246
19442735
2138419
6903780
27096001
5241800
10728155
49198
2210868
32323840
38025273
13150562
2534964
49026556
1052199
3026543
4123743
464804
24219779
33429851
5366050
22434851
285512
49459233
9957257
53571494
1618688
2164549
48917358
28496843
6795380
4646901
63778
33827415
216180
31227093
34986826
4658359
32172794
58469853
40607374
57127860
11068276
317508
582180
54724614
44223149
1192971
52687491
27388899
9330907
216186
29410057
29782195
1690921
2821216
15772735
50594027
51319
11404312
149170
1686861
584809
2228016
4685264
144930
33951564
5622072
28307303
45007059
876255
40437958
3230705
5560362
56286411
67088
31842588
8837050
13375871
505760
1115961
4488870
492996
15732918
15551070
719365
54524279
1508112
10385519
185259
26826220
244588
193965
2673103
23083748
37995171
37440011
57125773
35223708
44719851
52948436
33570327
53825654
1828083
7058047
645698
26027488
876206
18761837
1749418
620299
16272361
39565
1047138
2230357
1410488
33561186
3143150
36045906
1639158
55837901
11811516
1606543
58777
4488510
33691108
10399772
18550051
17699
699441
4966559
43582
33132746
59160
34980746
17687
12829161
12042283
1007812
19541290
20537031
20533589
56232729
455773
4760663
691626
855980
35480692
15777247
1098754
3240770
1194760
56232839
1883244
3779776
47657384
18960210
44525775
18143904
588564
3280462
56373983
37777670
51256915
34984967
41865411
77492
1443485
43591208
184483
25908088
1663139
3224705
4392610
2216052
51634
1017748
3013746
827158
29776592
18254861
1966466
3219081
302645
179824
4829036
56224032
25897766
5341555
1011679
97517
5219129
21920776
549136
5453152
14440297
20082214
1538038
23774097
22849642
177725
14707473
30676108
33959
13692155
27389289
56121990
56221881
52794051
55234353
56761839
58397336
28737250
52997369
229661
57991231
58483277
217281
25328814
54077442
36322270
36094464
41887454
26377614
75469
45498419
37495731
26162571
49535
14934336
56580492
2218843
3162
752
7168897
56580418
54969407
16263779
425486
56581530
4491426
351274
56589385
3106301
491578
72208
18349854
38648199
4827021
39486735
53255453
25555111
2780135
189254
1129104
8586
1912480
842555
38930324
1194555
56581496
56570752
162267
609437
246176
56589074
175573
3364638
56578833
9817005
1406732
13912
1137907
47449480
42515
56581851
3252724
11635893
1937216
343420
344793
579400
192303
15266451
732763
1984214
19391912
10906585
56570649
66012
43482265
56581339
56578414
7575091
779445
49212518
56739900
43621346
215539
18059377
43717
4392514
18731794
48685
159735
7506128
34546616
32690625
19995454
56578299
1600053
247365
655183
56581737
56577881
29202701
45300043
23680
8307722
4058119
435084
154989
1851887
389989
56760638
12395051
144904
698226
13156564
506019
4155247
1500449
49045837
5144034
2892491
27935542
27325535
40161258
39453335
47778247
54696758
45367547
22516415
27471926
2349
95154
58463358
57078271
12119816
5170615
29244037
8904
557931
172640
35846544
22474945
208382
54593071
1663543
37851148
3254954
57078309
37875328
13464676
24485
25265
201127
273993
30806
31134707
184854
58505815
5707039
147847
50447731
2110661
58537109
11215528
30287362
14529636
50446260
44243973
29904676
46708862
24911582
45290245
36641157
39731557
52877199
49744247
30684621
855789
56087921
52532022
50512911
2465278
37803
23949548
20852379
51443209
48253
1565418
23741300
30156295
55227219
52921474
37808477
1486760
50549291
52882774
6246985
47529917
26258577
20836
34960100
49609771
36836451
43209862
56519050
21699369
57535958
52050747
46274769
58674803
49066616
19457204
2077282
18790369
37052695
19520129
51332623
50410242
27341810
31093777
54477605
19074815
4359184
5794671
47156846
45290138
45650881
46948662
47156724
57281244
35566680
19487649
19489744
232426
6679056
6395956
5354120
41099486
2286327
1440536
17367570
369116
23276654
160970
4675536
13065509
7295638
1593030
244755
172990
773298
27658583
16280135
188401
39105
31799202
58690
17910574
15285866
20744016
563405
348044
1241988
5615980
55888
89532
880112
28365380
28086000
44311171
3848172
13799904
56440875
21317590
27143710
22389723
57125214
1649105
33512760
43964845
263257
57388109
162025
16832087
300264
2508071
41131139
13998413
630398
2533750
31540060
1403190
11669668
35716364
1929895
16963753
26691851
26627577
2000128
27083831
39284743
27232148
3963060
34171748
20156816
21462612
46466101
170191
23478745
242844
31831926
150497
1816895
364032
17091242
30926578
21501796
276949
102065
268524
11291009
31280414
8293716
16052446
31777996
38798417
25490788
55404885
5938089
53969045
31591330
8158976
393736
57091071
43808044
33404319
2060912
170333
37103476
27477807
25973177
9350286
1732234
42579971
2356036
16075754
2041141
577248
2211449
177456
31103500
188496
7517319
798571
405562
27577
31731737
11970512
6306271
302178
14541251
3724650
1784446
6190251
1317383
4104815
38088820
1187311
9448193
26221613
33944016
794841
49653195
19387586
55868
46438
8733961
40965300
2621799
6562
1220499
143151
41074215
8760982
61093
2628057
5569486
537311
144793
12288146
491865
3731424
7139215
7444599
10706365
43797617
244773
4320641
43797626
12362175
2235037
50453901
2625672
44476602
14842181
57435582
966106
5378848
568962
277206
41355731
43934441
5821699
59945
13890972
8837457
26280279
57435638
14122398
41442396
14570
37944386
21138303
31629330
57936674
768500
50141080
50123232
40619050
26093029
4095359
59121
46841649
2103986
1606990
57364139
49180254
35649071
14920509
52806824
183508
317827
3748162
4159579
33788375
2109530
1137435
20784062
341086
606880
1105069
53828
12727
771465
36430482
958627
21368888
1986238
15536340
13494319
14500570
663904
24097
8924176
1939782
43507260
1972693
14764284
442688
3285507
20019227
28545
9287936
35650663
33604595
1186980
14589447
28592
321652
2691668
7625671
814513
20949723
6226139
4759184
4919653
43797611
3659669
3240916
51672
25716139
307366
13789137
39457694
5935150
49342178
154227
15129272
24879634
12152471
20590
45391102
36175304
31460418
1076270
32329761
26330146
47950379
53341083
38907720
39067533
10283346
10993126
26866141
5300610
4694434
35764367
31211209
3430211
10993199
18801936
44307291
44031786
1979078
33827219
37438
2815048
54727095
34505429
24073609
33439201
3003070
50413747
40435056
523076
191933
49812451
47369663
39605149
44402565
39516424
43131303
37822732
26511501
13649912
39291986
722503
45712630
34032940
462534
54866690
27986832
35226515
17841907
3437245
23236792
42397902
9518854
19456533
24065513
42908722
1363296
26028993
9050760
4003614
47926105
38803848
28952622
4921531
46951059
34995809
16706608
31376465
41345437
23944162
40947668
55330205
44672530
17033211
25308
41138014
8635379
54252064
39402121
48079393
562695
5499671
38218032
548156
27576
6500531
52238391
34038330
40705460
51331209
34882466
1979061
5987648
54863674
15507968
24938012
3545503
20115268
42596301
19453961
19472545
20110824
21690
26691
18831
33543938
54171755
49288659
54603387
56275884
58887112
57193995
55427166
52380256
58103878
47332071
58854243
3224795
32617243
41087955
985619
690512
5003360
36122619
31485329
30577937
9394772
463112
4116
41499988
3634262
3783853
13803804
1846827
6672748
27566216
24044102
15841082
24701302
355240
958031
375416
4148868
31251910
2690471
13140252
5920634
42177771
20330321
26064582
8035060
25433344
32010112
7466964
24940440
33020981
30445334
30578763
44381774
83754
34518735
34351618
869876
8227721
52218453
22980399
20017656
423331
32873814
55735689
89587
6837117
15143713
15761387
16920
48883792
985963
53913187
28768148
42017954
18090043
31366108
28149071
994704
10266438
1674626
44216
4111503
35538957
31761672
31430040
346781
2990689
34534637
198608
22157068
49127301
30307873
46286632
41077350
17272739
596816
17144791
44903985
694147
233833
15583578
57104829
15448809
36307450
25169288
22307545
12404937
11890372
13526782
31424241
620083
48304379
24742187
32909000
201158
140586
6876579
24226726
18033223
2113608
9564390
23006808
153208
23277896
11009430
32874332
32863360
30762208
14337857
37456405
35658939
11904309
27566118
18152904
473370
42176435
2113849
212115
16236775
44217023
1932495
2629394
40264992
7706010
464766
681622
3297755
49610176
40066220
25690191
20646034
2582448
1544392
165264
46556301
42486408
38762727
32419813
27132266
42629424
49693383
57233909
27630728
3370779
42338264
15180
14018719
55988690
7587198
716975
4823199
2249594
89344
2179639
21799992
17645570
15376795
6705582
4120782
74327
35140140
47129516
12856226
389401
53395676
31035806
248182
473321
13690547
934155
3106926
29182754
29177295
22839432
24829343
2002540
40600476
1134
7161451
51231091
32585342
1235972
26956099
1190842
265752
3149897
23121551
20287991
22666826
10543101
20227676
448199
42809296
24976623
1001299
55402
41734688
22035894
1377904
48398
8642593
49134304
24664232
33975919
41256454
25718122
36788348
25126394
17349520
425938
58439422
41328472
35189030
3763482
1065970
45312411
22415983
2284563
13001588
36966893
56279481
21449571
24229932
17446992
19356049
2313150
288316
41498990
1827041
377060
34903260
8280867
48845497
52462
36843243
12419905
41149597
50281016
14942624
40663070
68753
8339148
37933324
14678677
8807237
10331890
3955889
24297453
53744937
606155
28648661
4958509
29662164
3370995
33980253
34780199
8253974
11537515
1781678
4371361
10034431
37759941
34511447
14829446
19557982
2219115
1672909
29196883
40135180
1543423
564387
11707911
20595083
191003
14511650
2740971
3232486
32134118
42979524
17185239
33678387
15103147
28266320
35940059
8015297
42994803
20416105
37910687
55755173
31630617
4217714
35988494
35988954
36188781
2424129
4409451
11232148
27120661
42980268
1142712
87966
39043101
9057612
8561726
14509578
36502973
1604181
38365867
41856558
5526600
23503136
68818
43631132
295320
13653611
5160757
23755918
43619770
510791
36025291
9092040
510995
3576010
3044780
4740896
751106
984524
4741593
23044987
8087746
511014
51394776
41145357
403396
171323
730437
732873
2274780
893668
53802984
40862351
1592486
29675785
47579630
2999259
547949
35099585
732729
49333
35009581
1311951
48258936
45087456
34238291
6937513
1631852
23355975
3919296
13987523
2288777
34980847
511043
1589192
2426628
38137115
37828181
804737
41319204
17996242
11838661
1608493
34952656
34990211
37839610
526636
12865068
12864994
10438439
20666057
221319
6256328
511197
20757836
673294
474880
27988760
410804
54910567
47984814
547910
27899682
903376
37473881
24024923
6148441
34989921
6148418
34953080
1415118
17644927
889591
10271359
860010
1805135
4108478
34952466
52609408
23469564
31790142
34980327
193583
34987468
905646
792644
547827
3055274
8810311
547857
171079
24679939
1041023
32128954
14611039
34988078
34987714
14295551
9445847
4724667
2326978
2019798
35480438
4740425
7224456
11992699
33819970
511292
4723495
3080323
1938323
649382
548265
2177036
868863
903460
903029
4595966
9468719
37478104
10614570
1301785
240863
299609
542885
1706965
34981918
1360950
40758039
476228
1051310
34383484
34987291
914908
889659
12864899
34952830
32819893
889172
356999
2063902
232445
36681001
42526076
4302134
35073980
511068
905684
54299694
29406164
4039440
54135531
9769425
903495
3469049
4713918
3192289
4587233
102913
57231221
1745325
8921111
35530574
520237
44597344
19678111
903481
25725314
386062
38106941
889570
764348
4741644
1432945
18914017
21347303
227183
34176994
6258854
7554116
4584035
36648158
2844680
56941635
157529
38390
29907250
57122583
668318
6387410
2230830
3250177
9777740
57152492
2671354
11431500
10457516
1731868
8434774
8251722
11608859
2540923
2230941
1432909
26265948
57117406
2230911
55298393
21991984
227181
717316
2079352
75807
7746391
10845832
653913
8478
20781912
21806922
9346993
1366489
18842088
384893
3443136
352585
5626
58547542
42502861
27693293
25765920
24212673
22044506
39068271
1205439
24280214
50285983
1589303
34534118
15497991
53686950
9568471
14782003
1191936
21438003
32060592
25821227
8964665
1294888
17220101
11690953
1738177
1326648
42581062
50431941
50416177
46345247
29819979
38433123
1385766
9124629
3114084
2210064
4011634
14085792
1804305
23276962
43687957
19516681
51911983
33454450
313565
19864858
54690679
5561
8402086
505237
3951220
10914387
42415226
72710
263636
1559221
44162435
57395711
8329918
22400988
24701084
7214278
33934108
613052
7424474
989154
1061157
990648
14540905
39717451
45155414
33034640
6338699
7939223
7082881
35049423
21312269
42363753
45456836
8128856
44581891
8305936
9823090
6711479
2392067
30210144
50073184
4066085
12468879
10425807
23997153
315578
53738484
39548675
8109963
26078035
35001481
183403
322337
1182490
18465762
10035229
821148
22760983
35671225
192566
19822072
29798108
395107
39127306
2144841
26530571
19321
4718632
57530133
19483882
11627603
1480420
19378
43118579
24651272
20429570
3909643
2194126
48820171
50326
2681589
3582716
4642495
53375349
30091567
48860259
25140
2685999
53375344
47678053
44879716
8086843
13018947
18130567
9731945
14754558
9423838
1042464
17545854
27942343
30138821
1058555
22751338
19474808
5442380
10181116
26255904
988997
855950
3354877
7049897
27262352
4218673
3342061
39094287
44349584
3446949
1823103
36560848
55422
31508724
36401496
488083
23874740
40671192
41048019
40313
39935391
9186444
52331417
52982637
50402471
5709846
696280
4433535
52974142
42831335
39062628
674483
43386313
420026
374385
674497
1849152
42942751
1039873
862058
1077353
8560
3245476
1937081
498980
28178345
154076
24587014
19218437
304131
850107
14981627
9210345
25553733
6021188
51082810
13033878
1466175
14724
44312
4665628
298235
46273664
15358229
1773723
19688
640820
1773635
286992
1127541
5549155
9201301
8165347
2033759
39770643
36241461
47797003
42519513
17069769
949648
35299644
4405937
53256704
21504556
3750385
29436942
2583747
31428926
269190
261226
952926
989039
5510317
42427606
37304
46135
19373
5141223
38054376
1058599
45684913
1013842
203511
949904
63452
13619633
11338826
66414
24200321
44104564
9304783
48232088
3086406
36425928
5767980
1892526
12865108
463838
159513
4832828
54683549
52188012
45710
40812823
1352020
4281425
22359135
15710171
17821743
43491
29613563
37519566
320319
4104986
4997017
17667553
173889
51184343
1882363
7852383
43473290
26613882
54451950
17875510
174855
36797
1459075
26274666
26667808
17404830
902940
510738
8562999
70401
423727
734369
6507954
4153791
951105
40941387
2949345
2238325
29324870
23747263
245733
14082746
519280
34961876
17376294
4779146
37211438
42610931
6648008
11375626
245471
20890907
15004885
1629378
56396876
2452832
1539567
50506504
11773
374298
50432186
3947034
23893407
12432
168191
15004
44523981
374559
3948917
46536057
30872878
14892
32816506
6406113
49596389
5835715
638066
6190973
3357065
27611179
7743915
21494
47357235
37689507
3657390
46424669
32754049
839045
25452444
50800264
43116037
14409920
19159221
726659
3145530
852567
34690469
398437
50428932
16760294
28832112
32494656
25213644
27803078
2338291
14371753
32601258
48543017
9488646
17524
25429108
20324399
11517229
20324344
1060739
13775689
8128
604771
39104546
47665171
15864296
15220
10956960
12532423
32017750
3483847
33674235
373299
11716414
6286841
319762
34384656
53111373
24822996
21173
27724306
18894210
36253964
36047835
42649463
9736296
53180781
1854841
50594391
5767788
17504079
162986
27699
2917649
1187874
12563101
25490263
226988
305869
623398
39189535
33957665
37208440
12393342
191445
29584019
32977
58506368
49742724
16746602
57164138
18374763
3050021
9269429
56595734
54821799
9629153
16598952
31259294
10302211
188540
54865115
9583985
9274942
11756524
34967526
20876681
48843826
13754592
1509339
5311894
50213367
16921071
23946561
34738297
20886054
53632910
21074550
9376281
9986
46234009
3391872
4076593
38306797
20270864
35812169
12846290
885067
53850913
27227492
8861950
47792837
45541225
42057983
39156893
8869007
13149599
599837
34467735
40723520
25688695
187721
14891
33762888
10096030
14889055
178923
470314
91820
22340844
6325727
22470448
32705940
4144848
47621451
58642059
1016857
28486111
58949068
2153585
31575541
1729908
48050093
6424975
27316985
15909245
35699507
24470328
668100
4537201
6895783
2458216
233488
30525122
3963915
35045680
20684938
2432280
46364209
5151803
4306849
33621314
16314501
10129884
56633516
25442178
8789558
2830653
5285895
10671885
15067809
128027
188379
53585
36352733
25335695
25990564
36363856
42325
18006808
19523770
3185761
9469177
21985449
852065
7838980
15865449
445786
3290880
3391945
1924432
2396733
3054008
34810567
25368616
326857
355343
27811
22068610
22115047
10351396
46457735
14382459
35075711
33886025
5012467
3363994
1441216
47046167
40196691
1686266
54493227
445952
299965
21550783
10162036
10033221
36916301
29539710
58697081
38947696
14474772
632058
540801
20651606
42371992
262714
634216
146062
53875120
1021622
818755
39963800
304566
30322163
6147929
690278
29353190
21167712
26690599
34005034
2733733
13561452
11744329
48548
6360859
40156118
30878178
27374899
13619556
6153047
42227079
35443087
15514744
5186633
5083172
4329772
35099461
8770844
3584420
14850094
29326123
1055344
30155978
2325729
511676
20853872
43239753
35611279
13470
5584696
25190904
18679103
422023
16348932
408150
241694
21875788
728513
471571
18488
200405
258979
23205672
194619
5113215
31300355
2794706
8047667
4682452
2117165
434645
22672118
21941512
47487167
181242
1127548
24743
3045014
38946400
37811371
149973
3433762
1752418
3735409
5283362
22351741
12325586
46373766
4585349
1875075
2632897
25779828
37362851
2710620
1222155
35409254
477804
7318182
4095924
22618868
18606535
957160
41526303
35231573
31595214
41879
1731484
45838854
518339
31251362
892233
37096557
1693839
25136770
33106889
8676342
14949505
4220231
31992732
1998033
30930484
1994999
21312279
25049383
37523519
190897
20590824
44673348
7444902
696946
1182424
307139
13498174
1397910
45316265
55409949
49520610
3709199
4606474
2733451
31465889
363627
60548
3810997
54898290
17486174
38412695
41681462
156998
53877635
37138
8694335
551722
56565
5177
1972565
203499
19859812
15280369
21244265
15280547
8651984
28271176
31477370
29153907
156310
1606245
55556090
3126072
15527335
569399
4620852
6161815
310678
43264296
1467948
56121172
48797241
52032585
1106205
33547930
18414305
1749638
3358506
1771127
21147954
1771157
13655986
35437966
15677992
35389998
86368
318949
17739788
17817055
23396910
1399633
205394
347113
29624128
287911
1714274
33912
23690864
160538
40912579
48505574
8318412
35512333
17479962
863241
39178155
40785351
3147900
20320137
8104647
20765789
10607441
30082800
46765014
1104562
368421
3341677
37125418
14609108
53106939
1690954
18008
34547551
9151847
1847118
1732213
9633565
33158074
39145661
9481583
2287081
14000810
12749070
26108488
2060392
37691878
155327
2691458
23169779
34032792
425467
14551867
2949096
21984707
5931750
9736729
7347241
35525230
18281488
14241792
3005810
33951834
61032
42446
60459
2494366
5163440
13018310
568967
20638729
996026
12065590
44542926
35939862
43376126
228776
317465
22327994
4269214
53504025
637990
45418224
27079770
14050778
397689
47392247
1730517
882424
22820638
1740474
1137736
29838362
25844047
1187268
10822467
25163261
8489018
7134671
6182483
327587
38663316
43812146
20105205
8848406
3932694
55442989
11750751
3903364
27147259
1500181
3621514
14427997
23290986
39345877
3181419
9785797
1086626
193146
47818716
38860140
52675758
29607
14928542
47175522
18662187
1233869
29436647
28792253
47375
54007849
536250
54012355
21570719
201153
31055761
19278637
31049226
48865963
47605918
38813239
46451333
381538
19777249
499547
38815675
3039549
32008634
239450
227101
6805201
3978595
779652
13776116
56949239
42463247
26631883
1741584
58687
18824671
188521
3339030
56439070
25833727
35370335
11055699
270792
14463340
551340
2111025
5166016
9343928
2555865
2891803
55982064
11626339
3049980
24747438
57430554
3205540
13788471
52188650
2022036
16586357
5721
240559
354031
3233755
23882596
929357
529089
7529613
205156
3267403
3859213
14983819
19998838
25280285
2060821
3606570
1516710
10898
5004226
38282639
49159
31370780
51888713
18258453
1370748
2837685
26511362
10520836
184000
2800592
2403422
864436
58369271
18420149
2213172
393029
37846886
3798081
48787135
122329
17631804
1914845
300628
23882484
3454486
19791893
2894716
15682819
2791520
511762
665578
10177813
23878453
2614714
1363368
34357756
4684361
2971085
3762294
20254750
41119526
31111973
32149
768604
2367780
54201759
576518
10240001
21438200
6552679
26755147
11037189
22526131
48944862
6481777
6462420
35085660
6541938
6158244
6716503
1894827
13204430
40629843
19414028
6572488
6483784
53657572
221567
6572156
14007987
55360808
6536338
22757474
40786
1704142
2721694
11582
13420314
39057
155779
4933873
1743544
18181425
57494486
6362404
3657365
10273999
25447
23075496
26810
58549046
1360530
3664836
29571892
7730205
21378279
894
481925
7056993
1176563
15247542
28050108
50765029
38761204
16265044
35752576
1029178
10073737
31644249
46584644
306291
3063973
4897231
47697738
17189319
1870071
54821119
52785026
15286717
4896397
2325176
24490108
823302
14225987
49416479
3573435
241265
30860671
49793173
31824706
31744566
22700
6415906
204510
1653820
23612
2216375
30721548
1345191
49045961
19937076
1548556
3501153
4070755
14342884
39963253
32048534
707035
471791
2636884
55252382
40359759
353869
309909
24598825
3017505
219814
24392429
21612736
2383366
2929560
2892645
34707843
10328771
36010523
329625
42429011
49917291
529396
2384021
49499143
27568
18358161
261873
22836278
5756554
3306369
3340637
4145906
25727150
1833615
59941
14271517
57632191
58371679
3032160
7881361
8693555
22785026
46194565
2399697
4852076
8552730
1375342
33844737
1033912
9297
45633
12672071
3225498
221419
157267
14246632
6081704
16886145
5788461
86344
307154
209565
30758
722152
7527838
925810
6273584
41823957
1250251
35203202
863333
50675794
27020037
27227603
1935142
30488626
16474487
52603511
382251
4555383
3309822
11238788
39887716
31458937
6459796
2871407
5154273
1338130
32279438
33129621
22427852
37704661
97377
19224834
1253128
10623474
7664848
45007380
1183479
37730439
2436661
8598604
28364349
47281552
53589295
4721799
42809091
8248698
1758835
15542532
28312696
35588880
233980
57854668
2189066
48570352
57199454
17835873
50501343
9102955
44492974
55550316
23573093
2295889
39470026
45294237
26427352
19162939
58024185
13443888
27669429
39524516
4688764
33568680
4588934
52290866
3510041
6981795
50259325
19637203
55084363
14942293
343258
48218591
4912511
1475958
28251372
5863282
2339631
2018
3205590
57987
21566
48416
1723892
18403
34710472
11959
4722099
24902
4163
1004355
11041
207322
27763
59920
95176
17741
485405
2335
1949268
6315
3756975
10037743
52294702
19468941
21671434
226412
13904287
857973
2783196
40836275
433879
6884590
2153281
1331039
927350
6317
40420402
4769216
894774
1591728
70875
4532196
17447820
6314
2394904
11593
2586411
1682531
25010666
958988
9575078
53613989
23223531
41627505
17169992
505307
58839014
1626783
478311
307258
28066721
27002487
2299454
18406
3276306
504035
11817317
6505575
38706734
22037
33907840
2447871
1006496
7192606
7687708
7972385
23886
23785
23842
3027901
27239299
226187
44132513
40880925
40707705
1885033
243349
4393843
22424
40329294
927051
150135
3050160
26257152
3225840
12320384
6464750
867515
30745
13372642
2909851
914025
276857
1030440
1424913
168322
13142086
44069
6316
24329959
594865
4133201
15933474
1738221
573937
36359657
9701975
26441648
4122252
19280734
14400
1802769
1655761
14285
4083089
20860737
777174
31468613
1416046
42657576
1694427
56488000
28712146
29647899
38596702
33809974
480936
1673699
36544979
11470059
17912788
31642145
36920393
318374
59616
38078804
1653438
42748548
25214567
39480604
57975652
39483774
31743909
48395726
15361
37092860
57241168
55440237
26692522
166380
10804088
56498399
31657115
36506774
48799229
1692795
31732740
6231816
24241
1674353
26476831
42877569
29266
4175709
24586279
35114916
8255091
31706469
10981939
56111973
2202274
39641864
3373310
35308606
57537760
928
21976445
5042367
2381958
651358
56248287
44941
46717082
12232846
46716661
46717083
56150
19022
1809875
47693490
7993337
1545961
1965727
20301192
1005874
43854
113365
19039812
697733
247315
3012337
3654105
46251057
213446
419093
58961170
41732962
55817338
53653264
31360442
3912778
20623289
35312751
25902562
13895240
7175817
8450479
27890305
28248191
2870004
3975200
13408012
57481814
173926
24446656
47280
15515980
12277634
12280374
47902314
23389623
3561094
34637056
1528061
57612736
15673722
50388178
20002033
511115
34998622
45241535
7806345
17692
394392
292154
2955960
11222203
184099
247641
58360911
37738366
548214
42852507
33093158
31175141
2259738
22370431
568104
61610
1474763
28000894
1326977
11655
21143560
25770375
27991852
50354
56458826
319616
1745789
1052957
19224766
41118
18584082
24288199
296116
391475
329277
2310541
3602582
26513269
420431
2026987
2221235
3027218
1584992
21396853
44281046
4097014
38878679
1683007
3366106
11709
11675
43286898
6723290
56621861
35337586
5904688
11849432
39470609
19560460
35915681
31465137
36064871
14266112
2396555
2234284
277379
31111024
31133385
33106911
10066137
16254199
1473517
5993808
19590990
2865218
10761731
1427452
29153082
9580049
46240806
46402098
35507379
5657877
22440503
1057428
33761097
893925
58592157
321956
23210347
54129701
1609146
1335525
32131559
49438675
11840866
31910898
20646497
254058
3990062
368736
17355024
44379848
47695603
2093258
12238644
2266638
8711436
159178
15381320
1477117
3501122
32525556
1416096
39947682
18956166
28123855
56268543
17974484
7036252
39215324
45473047
62385
7973413
247720
2672488
53086307
321651
763941
25351920
25350393
21749352
3864828
690655
3678523
56270694
247134
14534297
42029857
1239477
100627
663028
1906430
8382837
10158269
182053
8861328
2895231
1963588
339686
12905
51118531
8515411
8612425
37929475
31881841
44727979
15348
56350246
2734619
35569788
4984965
53514235
3564042
42508114
3450741
56735006
19008414
13202950
99625
26105773
40110539
1791712
44253732
2524990
14187513
1338837
43579809
880666
16210676
44545112
55989197
24589
55131824
45241553
28096558
4765088
270381
27195830
56270862
6569580
24220268
31284543
7971513
25078911
2649767
31124119
21402529
1834924
2894130
33702707
32340998
30904676
54062111
20974891
38373269
98352
1933111
1014743
39158
335755
24651342
3895774
41284633
56268649
25250158
892723
1671913
58833260
53610294
53608476
53609697
53586692
53602017
53602074
53609494
53555906
53610105
53544806
56341485
53563041
53564154
53573771
53582260
53586960
53609454
53601773
53592302
53586888
53601667
28273926
53591248
53566161
53609567
53609772
1063495
14753714
161228
2189256
50231576
3955851
3871309
24208696
16345871
25351850
58840133
316723
3512414
21384217
24331087
478167
14395146
15661133
2701134
3778
29364933
36458974
26325113
27383712
28444939
43862173
39053889
33629609
27990764
12512562
300595
346772
18025626
13517224
26704422
33083586
24310774
416677
40010366
5262858
13073319
4083803
1221228
1111563
6744835
43766722
425002
573752
169179
27155649
3960329
34753814
18969691
45234439
12907808
45353841
32008836
39003363
22585894
8128943
36863830
25452964
1050798
54071918
40767316
2842268
1275862
380334
44290517
16567321
18123396
54224675
24708120
4087550
976531
14211376
5655064
17405110
1866206
44770854
44723
59060858
50061647
3173112
17905412
38570790
97845
16089485
4692150
16567286
233068
337353
20211917
1269346
27079141
650909
4319538
17096980
16909238
17116069
478970
20612397
18934904
2246544
28536765
4256520
12070179
1949450
23718280
2796354
13016395
2210239
2924688
4014141
40734201
13557443
16102415
35404177
23494381
26890192
24298967
18727566
25332045
5949300
15461089
33453755
226810
3145879
16803971
880261
42002113
54224455
54227398
2362332
12293469
33981742
14831257
301518
5278
32339611
18935394
29226638
53985730
21005254
37192997
245719
1698415
33638524
16648168
1982394
55226628
48808070
15464026
50982990
548773
8819015
10823358
46782628
37301589
18949797
3958039
9911338
22796836
1083815
1532029
8145365
25846072
3924629
7146282
230946
49477975
16496567
14478375
225179
10128004
54157411
15607054
19551888
17424222
1523930
20165898
2430691
45858
41861884
41861597
11241058
16292085
18935683
21838694
18933365
49594779
11941961
1036980
176999
2187161
2750352
32038577
53986408
4707950
26654243
18006982
56174847
577571
56666704
435958
47076320
215674
26591140
30644931
18935627
54281398
2893970
3265111
33622811
4707409
50922806
37360884
47239990
220122
24733808
19026308
1540915
22052
44579186
9106784
3216683
30296792
18938758
1547470
2308577
3117545
1617435
36189390
50542918
13983229
17572634
4279208
18983543
14871469
28424452
704238
10039586
2256643
18935551
247585
51249129
1451595
1603046
305567
9087841
1773521
872847
2003591
49883195
27054
21967925
20625272
27649164
31860631
2202344
11056133
37898951
22624303
315952
2104622
52225
29960
18935023
15673153
6562286
535623
42095352
4215866
29239984
50696929
28831078
43160597
3265046
48782473
1838959
3450701
54367124
46213053
11550904
53910544
38845187
52322527
382293
41038479
55893053
25682554
2216468
19650816
49112047
38938937
10189501
36436887
47102166
41624966
52173245
43980105
27006
39849030
52680501
56112033
17363244
13344348
22197
489736
43068546
56784475
676273
27629438
619185
41078583
1137998
15667702
42475272
5564371
58255600
23563733
3428844
4545618
26935230
39548304
28128957
2107602
40899902
39845988
34854129
1291396
45381714
443078
40426630
11356958
4768400
244566
35660273
15734464
2110352
156737
3156313
5383973
6085509
25154862
8529810
367855
1068174
21856010
28841785
34650652
52949944
29942399
48306554
38484742
48691104
20336520
31528482
26336672
5531584
2402111
15975384
42022855
4444054
15804576
9556155
10332988
51655201
2708922
9368404
47247966
52061037
32425920
13940989
30015491
45093339
18774892
212809
25908333
1310890
10807201
5807208
9615084
842990
308650
9435022
41073499
35875583
41663058
47891863
40214450
285203
13020530
13525205
45677357
8863615
19386205
43671965
40878098
7538207
78750
4286415
3733804
1114905
2920595
18501470
23698861
5309
24775031
55675206
58458430
57666526
15851275
12075392
5783
55302613
34033883
533170
28987525
57082943
44375873
57499898
58838038
56966542
41457976
12866752
57688737
56283993
50005025
58716488
30873244
55440919
48697256
14743352
56613560
54309575
17017917
3070397
11292996
18203815
58991410
54992495
54589352
25392583
8086846
29816
14541322
6504692
2072925
58718985
58794547
17062218
74007
13549505
58306941
20996147
6675542
675725
9671330
1246454
47147950
549949
461563
3190391
917524
230025
7022631
74577
182021
1195757
12350939
51081092
9031103
455150
29269618
20222384
12117603
7802760
26558506
25245790
35739066
620396
3877153
23129563
17617486
18390988
58961567
31058472
183350
540603
41441053
172644
374306
24231736
685746
31217535
42037
378010
58714870
14343191
3599058
56733622
23577423
39254389
40941210
53706876
6309764
20635635
12154094
51684378
54008642
20596137
223160
5622782
19956687
19888642
7206983
54007776
10417898
17671530
29565307
44467079
166554
75500
31129407
8546141
231920
8624045
13378801
5828847
28969089
227361
1739443
17796792
13948658
32272680
102883
50020
7427191
4517698
81094
40945290
3343584
39681327
1018141
18935456
17149192
40023871
24184340
31564169
15475369
29678048
4522868
2241273
7723865
53438629
424562
40950159
37010
47431129
40540417
2906083
23276
58844642
57651331
3317391
58721012
58688808
254154
30872221
1150215
1332480
313055
203680
46025
36266017
177877
26824577
19523293
30104
2077425
34535
3052977
3783711
42148664
31276033
27682217
881233
25979603
11306
47921
26885650
5550461
5454132
7257902
369040
20347
4459160
2122523
44083145
590177
30263
1564475
4788296
1043618
42598658
53866273
30249
2052891
286805
23834216
52991970
217472
12420
5646829
31480
49011983
38977765
3721217
29016566
191703
16382677
52411579
49610247
1716827
27955691
39885130
2488327
3717741
3109866
5738671
17146474
42940415
1333727
708258
1752698
2486862
57349303
206358
832518
37455368
11400503
661863
40762030
35240745
1007026
7950118
5317064
15044726
7492018
6432760
851927
6501070
991217
373917
25869076
3223370
25064
277983
2359894
17130735
3380933
2925939
1767203
31170896
35273347
645446
50340216
38320391
31902
25313916
25990918
50461806
5694046
24524514
25342166
53985560
40803880
27696341
50341580
40321354
17130181
53233398
38353346
37907020
11397
32346647
42409056
21107344
17345452
20896480
43221310
2830320
37598010
18327023
79355
1859910
23690058
46538208
11276543
30098782
23096318
1198604
54609136
54609158
54609011
54547413
54609218
54609045
55353989
55354061
55353896
55353743
30938687
47223994
14452520
55980171
13473570
38223819
38291146
48972824
52881039
7259825
6534421
224553
12230740
4036813
20434522
53582568
26213536
7008027
2887272
4203018
2849785
1279037
1649551
33416896
48445299
11567388
35950757
4247621
3805145
2524491
8659722
3308034
317047
56290037
59023286
2645879
1134562
58977580
10586433
9920148
18301050
24713479
58074996
21129981
1700083
1397838
1397851
39934788
6492079
3717754
20579965
269974
32945559
2502980
1194595
2143899
4009283
7946278
52334129
31576655
4614488
17306829
3709180
35119403
52282320
3261537
22349689
585226
6329326
14710377
5404
10619616
10104178
2050705
55538210
2598315
12331566
4433856
8519186
1643771
1197881
23369987
3868154
37664004
2015626
803178
216213
10681354
2276005
1943520
24646783
350966
17902829
29923971
2009453
25035433
44446044
32453192
21482288
3047892
40191243
41538597
1376899
23068685
24856902
1243555
1779800
4708237
34114756
1535731
605511
55714920
37313301
13508973
1942670
3694654
6727454
11703016
246545
22820992
43349992
3701198
677443
32396918
9540357
56730925
5594419
2536894
20098157
7051566
25152980
1094491
3732137
26152150
4812730
14372651
3004668
13371925
1462204
11233475
6642946
1104612
1627004
2101364
3072328
3687637
220183
13793087
29792595
9744210
20467439
4205386
5744948
12662060
18905084
26410106
57006909
2451216
2908604
1426957
54864136
40088692
5338355
9405089
1088664
3119371
1580458
5311912
6570646
44188134
1659501
227569
15864516
311206
22885030
26785605
1636828
5416552
216235
4286622
44420291
1405792
19474607
15558666
4458702
36202984
7201629
3502948
26205705
5630996
2902830
3674558
26862066
9784862
758833
2317397
1557137
353837
3202861
2453787
25706963
24553065
51362434
3511966
12555274
22375034
14727765
8357147
21613384
53356159
49836188
30265367
13302295
2601299
22944030
2224170
2241374
4870432
2904613
22587246
34421879
28244393
296083
17216016
3385988
39019161
3513550
39126804
33112023
11130635
12830981
9085872
1983168
17585079
1394262
17887712
16219955
1303217
678519
13447067
202690
2919118
12830846
52374403
18180538
746604
9456489
22821130
53008709
6082368
15731267
36357954
33347570
3636584
57328148
43185811
2745368
20845132
7808882
38654921
1063436
2448457
6271946
10469862
1067753
6444774
4321241
6232195
2299565
4054491
7843744
743818
3453173
26323787
3721782
17950956
37313052
3966781
4220749
50821960
18400891
1232743
31244510
866256
1194496
11401784
46586008
47973940
28654727
32965061
27776545
10023322
22729101
47509389
56614374
376996
44443
30972042
1030
1762631
25407012
49914720
25741057
2869356
27950881
1725874
4957025
39796524
15494028
417454
25982115
1145245
12791352
4821491
29898594
1874375
34696808
28437161
177694
3057868
664332
8643851
8283649
162791
32811139
177765
21708434
415961
76412
9110459
368329
996699
4440254
177778
27008781
4722576
1454728
3408056
2451225
33382732
42824033
19708
4682782
42423
25515016
36093464
34492673
893867
13437204
3348591
51149925
23787466
17108718
24669676
7843
11037938
46044
1602346
1204592
2585824
28292122
54053583
31546299
42358879
4974142
13811803
208697
28291741
43069513
31720130
503119
1517620
216841
15259112
174607
3833097
1324774
6838711
6587247
6608218
1582335
4903918
29555364
16972944
1399190
9237787
3201760
46399189
7935893
33210449
12083679
14654024
2271781
18256873
3086381
708208
24803285
7634972
13755584
41464193
38543721
30933019
14935151
5496724
1119073
21372270
1108830
29136076
30431633
9992939
795400
1113966
23791483
28962327
14616200
22902526
419841
21226469
361239
183221
30299
23431312
29120601
40626887
43143817
37103142
40626908
39565299
40628233
1099357
48910975
229236
4263444
48441126
39722572
46636
20972
43349749
38317679
24766004
43350024
40626900
38780447
62092
44379649
48507
806549
19140750
32064959
159211
402112
46399274
2493
21248276
10856882
37521571
16300571
309641
599178
42736966
56221934
8886
42663729
243412
10174
39393
9593
215905
7299947
10844
853018
219447
5135982
26040863
15125
780393
16102540
12476895
1904053
37503128
1423017
1191013
6337134
30210829
22256
47959728
6885104
36983600
76939
36237055
43104559
30074607
23603
4398827
95170
10015065
1753556
290237
22158833
39325851
7757610
2275505
11280751
42051126
838801
22453946
983450
10886610
22729045
13419874
23040
67366
5106007
40556040
312898
723088
867979
349889
419068
6422392
19698503
18581389
38777029
327630
7718117
624968
21347657
28310828
540715
1230380
65426
2489971
509436
38802958
27327454
723060
5836048
39619035
1068780
6353282
54616992
48819
2332430
28964679
1808630
5708
40387494
43375
4283625
1798225
424141
1449511
5735
1409458
408891
27619138
6997
21128831
4998470
179339
168919
8467077
412326
2041027
33076435
1868264
45562261
8805
79710
4627888
56577894
745163
24340653
39993879
7304072
39699737
21985775
256749
49700733
3492548
3808132
53535011
13774191
12189319
428002
4843627
11542
4032505
54631286
45363962
2556089
8348744
4144983
98514
602148
38786381
24675586
2040766
46958451
15316
21395995
62450
15181
14936
46967221
4627713
10894666
21414057
24150477
4395648
1715338
372347
15925
225153
54335535
39411459
28273326
2955565
165451
5467265
226125
43428530
841967
25912911
4652008
28493532
56929091
3832640
1709192
617451
690408
43082815
43069524
31578840
44613190
199160
779833
3609484
45352902
4209781
14458641
732620
21748
40362569
38129142
19288572
2210046
48755
586814
1282344
26482249
54361
2628519
10304397
48309279
93088
1689494
3981741
4688353
645713
3107223
13933230
1662857
1459096
35893223
21309148
21309141
44041240
24956
217462
433280
8907680
24724
9579546
30865052
55581175
306053
34951626
242379
47123036
43620318
201537
5280923
23099288
21309716
42308421
16885280
15611519
19506230
211484
9781365
55097959
38802977
39311177
19376235
1159588
3248459
46399018
397917
2838370
30942492
19492783
26316
322830
11346314
45496640
35892192
158226
43946368
23642299
33225184
24939218
551315
45594753
42549239
391190
56522
11054436
7249317
26383
49774203
4753946
1230529
15846865
44379582
167742
479232
29269
286527
1623371
609466
45541
1117658
4897163
295734
363736
155577
43440701
1562914
360876
21439907
11850988
41800914
51031730
1508860
292269
123510
32079198
47962205
30439
53318782
1654376
44399204
2075551
1548275
34151933
1257011
3871585
43134145
37031837
30455953
33178
650704
40949353
43349892
39066
57075136
6073156
40305296
13620318
1508301
24608047
1758866
55962927
50785023
17998007
18915928
3073163
43199290
37814244
5044343
6580003
232689
6284230
3049985
1172515
28168533
12961553
5703
20756967
35749872
1708182
50675538
3990817
37026607
1820047
20785969
24179592
3889704
46758811
16748557
46583121
183275
173286
1498102
3045792
351887
26063783
8481853
42912557
43124465
1769652
3052344
8612764
27643621
47128486
18269609
13305402
21221594
435023
42970
6518079
18250205
9264722
6865318
47853706
1391825
39278630
140271
48718351
183290
58988889
43719625
705931
19681247
20942
44195492
6278094
4382215
9926926
52684589
46341110
4585689
39418
27129241
990404
30449643
405363
221249
758947
32736779
52018725
849508
11848927
36365139
31865376
48533270
58492716
3975826
17204593
18577340
246066
20044858
35420542
12993044
475304
10721277
47604834
8434470
326702
27370978
516138
548075
17868447
58193442
45002
1174964
54245
30154014
1425015
207881
15380061
2543383
468446
5670213
28682776
24390
3575201
58882283
17244108
16786863
23774157
9638200
1783512
5641884
2354482
30878
2991958
5327808
1915136
36617985
17095467
465122
16136723
23531847
41639290
2202381
2679140
41332643
25038967
21838250
1034227
1839724
29129176
30795401
16728816
5571847
10848678
25392586
12476035
580237
14563922
51783272
7525117
42407454
22677
14872453
22610326
11396416
35742175
12857474
4487743
7652097
1872910
7201028
44374849
36520780
2956658
22717355
2540232
19719668
47929
826669
15665057
1070118
296175
49373387
47228860
56588718
747370
56569863
56605728
56579014
46898456
3961839
56605715
47731390
1089521
1393988
56570215
1757522
56577507
5416228
1665460
8517803
166660
23674
531094
8498755
56569975
312805
1978056
56577682
56605720
56605727
40589651
23265854
679079
1183312
56570620
56570819
56588639
2870161
432276
4864
308803
47218791
56578951
33948101
265006
10074751
3339367
56578698
39866230
4642746
4744322
51413131
8738092
266950
1949009
56588686
56581899
1867005
6217045
1208210
56578135
182727
96558
2234414
5614784
5646168
655002
1716550
10505383
3406142
32865484
19975340
39570469
2718043
45422890
11619556
967315
56581451
56581611
31429
57671069
171377
2658385
43359283
56578041
567292
980831
334320
567391
567826
41051389
29964734
22394998
21912591
26991818
44056956
32285116
29249450
47884624
46999007
27411286
24264140
22394735
37644368
38899978
35038603
45325184
27365039
1857196
50988787
17444300
2754256
30317554
43920111
14104194
39033432
30537813
1189425
25328658
30100086
31350372
250948
25596938
2465951
333050
36029836
18282558
31211493
26653335
24566196
46360205
30794737
287759
30726924
15321482
3959715
8928361
19381596
42521
3899139
6503553
30234278
25614077
3959600
58043269
39283115
11030587
4783069
58439736
57748460
655019
20500585
51524433
20051997
49494282
41642761
55123721
50719204
20126532
5595351
41852076
46241797
38591545
50012264
47843531
50513152
54828798
44227437
44329795
22512949
57962101
19488219
35809269
28295546
40310312
45395977
52855110
12759969
45609691
9431739
18435263
58762457
55748134
40557551
46783779
19521672
43596479
31137641
15003367
15042440
18647402
44360729
58000525
7015747
56621258
32324989
3890172
58282772
57815862
52486357
33067550
44497691
49424811
3861968
40246785
22336820
6941870
4712445
39065054
27116095
58344797
46822251
50529008
31978087
41432270
4267006
17219127
43677490
12498170
34986618
5387788
38737736
39455870
26903103
28601546
52574806
19489757
41986524
55503240
52236755
4137586
52414925
1422257
41548953
19139125
2406712
40346903
23044921
9332366
43176204
22112984
13833371
57890700
43236669
52504486
33422190
19166561
45603485
206698
37469834
41803274
58283148
19475163
4572333
21802024
39457673
41916892
4215472
30126756
57904420
54731692
27558606
42083402
36465901
58515982
39262964
28390007
2244363
24078924
9954925
42581697
50984902
26067732
207626
57945241
27486074
47375760
47787696
36755686
22876413
12759370
30141958
12369929
4220423
12322756
58051086
45619883
55063365
55888392
1401316
14054596
1451518
10211627
19432826
8989245
56178315
6049598
27011709
50667689
20678273
17072448
27603458
36127358
58143315
25478427
41345781
846967
329488
26509483
24058976
41425743
6528158
41957562
2292036
46629511
55985395
7917167
22687145
38987167
40605076
52722478
185628
50957952
13971
5427838
42592459
41851316
55336934
47947277
14245437
598652
7839629
49545463
5974915
30864493
4186607
37514085
879243
39117238
19195422
18422496
5198300
8472756
987638
52885867
40379858
221909
26112561
54405898
173096
1975883
53335225
53682
2697009
58506037
37118
48014061
14115009
49871909
47997835
25376009
514932
8715248
41310602
2104491
5768059
18769768
47301224
13139247
581819
23470459
29550192
1024345
5791408
17507388
32273821
20837110
33716838
17191112
23774962
60709
50267677
2007252
47955329
47687243
14303790
14746300
3491725
35562348
11107956
40877569
27190154
3565092
13056154
14795435
32435
41396788
29584466
34276009
46904771
18938195
45491552
28092714
2462200
10204120
39663469
39740977
2458242
51833599
40515922
935530
1926728
15636049
18695253
38781217
3854149
3586566
30857433
17206967
62004
16288622
2539810
39700046
40058361
45650668
45485997
39780973
35125885
40128758
45282112
49884582
38989098
38171392
38270042
39656521
40302894
40129587
39774395
47091818
46888455
47091240
45098522
40130429
41663163
40053069
41721341
47093396
55976629
44970478
45613508
47157031
47773301
40053431
41666515
47773182
47773190
41666608
35037247
35037312
41666865
41666838
44974377
41619129
55744496
39250629
57157263
7637897
55744660
46947666
41147761
46947762
47019748
46358783
3922548
45038572
979818
38839128
38839327
45490493
35623889
45490000
35701363
39690934
38990971
47896456
47896522
45658825
38613530
45489993
37793054
39252174
39252115
39298913
39700102
40556747
38989642
44125599
39254305
39298596
38790899
38837763
1162197
46904585
41618843
57103455
37631294
40637014
57285576
41144243
57155582
45298964
45298978
45299002
38497902
46710487
57290376
57287383
45651930
57287747
47832119
47562338
46888698
46888702
51973934
56912818
45329564
45000044
38989518
47833250
44968774
39006275
47833355
39573993
39032204
39015541
47934068
47934056
38829201
39690832
45486337
46948132
44922224
47934005
44941957
44990932
41669003
44991653
44941536
44958028
44939833
44939372
40528121
44958808
44921956
41682268
45380020
41682449
47001441
47001914
1833425
18803543
319386
48012438
38989602
47989282
45486151
47868069
46949631
46355164
41154658
35128319
47991090
41610304
45029897
38989832
226375
1333526
11381190
35152596
293107
22408559
2091974
38111021
40485910
17689687
19124611
3015502
4560501
4865795
2371230
42026883
3305703
17889101
1635195
12648
2554121
6226796
2074916
51678184
230846
99442
24743806
576968
15944015
45389345
37598043
52759037
3088029
430444
11801
764060
1239891
50479121
5031830
58183500
46967018
55744608
55744548
178848
1336683
9271607
19467874
32434061
30291123
52561050
47953085
12527909
55311248
36461420
39608693
56325237
36016134
7016212
2919354
47514682
4355613
22564379
14056740
30929651
9889557
178761
8928787
874862
4364072
892825
41909150
38497770
11843401
43486739
47897989
311107
22320486
11326680
848768
56713602
57352318
1800558
3192516
177092
22206295
29498044
57233998
43853871
35030959
50791445
223063
4842
261128
3388492
54948386
972564
460615
540943
964630
3288598
26280764
5625552
5620190
44103965
18734771
39184783
6888
27477352
3410264
5988043
32126830
18448751
38832928
29052228
196971
3029260
22319522
29711869
908660
38200354
6081505
43397800
4700183
826216
40564819
49399421
31441114
4322402
25879538
28765301
1720511
8311927
12612212
12229840
142131
950130
45145
48443559
47525166
3255291
2556034
1695906
484254
6978390
17539
10945255
30468637
51907322
3008091
14240521
20636
21172177
26235145
142142
17685051
3585614
101900
50659821
4165078
36347820
2471086
2213763
25762715
2022213
23053
53858837
1231526
14500263
4040738
24714755
26313
1148525
24714543
36384471
7961225
1118840
23533161
45229676
28927
19555053
11098174
2768085
2556015
36675611
5962524
42959802
3267736
44232300
1034511
31110202
4943626
2671314
3681488
32129
166136
3206350
28734467
1705511
10782759
30556559
1287236
17209272
42242134
12916916
30669047
1666427
555979
1058899
20426483
641055
2952353
1530689
11588956
3064022
530256
6879220
70432
1201306
105979
1844527
470843
1255277
4519053
31528719
53403353
401937
255989
19310677
11358084
899881
1710974
7536395
853189
356041
10178819
37403202
5314188
169319
47353
53992656
147930
81250
12192781
996630
12155645
12310990
18595129
1586182
18930
45635
603325
406281
33426
42271443
2334511
1468207
38103316
38871977
6295
1428810
11778679
28564320
8503698
2814867
5938019
984692
3097058
990632
37436
6905757
1777495
45152804
5734146
1303219
21348562
24315796
37809826
15387
25699937
19233726
26964342
38526066
93070
9470237
161995
44074687
44120129
49141682
659757
24824751
10002631
52535241
984629
34327569
36345920
2148069
387746
4430300
39033720
40354723
3257847
53961341
13674471
44159140
5670581
55573246
28832206
58565905
9889145
81931
12267953
60487
25137399
762954
8349310
1197421
5007452
5007389
2684734
706311
7706
7844595
5007616
49331727
18858579
12527335
755300
35669023
753145
48901154
5007598
5007474
995417
1264398
28769399
23098762
21252759
4954950
27791233
18404
5644212
5007562
5006088
428111
5007494
5007538
453198
28498835
6190932
1168486
273040
5007518
26000505
23934029
29181
21666983
16173250
4935241
12700262
5007380
14081394
3837790
8367611
758386
38773637
24293838
233654
39355716
154708
2598
5254
37196535
34785801
197639
49670559
37866466
8932365
8932262
8932501
13048612
8932409
8932482
37709760
8932322
56667439
47038630
18106574
12249040
38998735
6463575
53313647
25011536
27707
7737939
53885535
441617
42612939
407860
1562796
3015586
507305
7043
881572
5728377
482678
5077574
4253861
878327
42590793
57531234
44527033
2259426
4361011
53110888
8463452
39646092
18050749
7736821
2752447
23015
25032982
5728387
53448372
520099
40914622
37673
33030091
24210982
418179
14204502
1793003
708242
1804023
15204099
46941716
3772506
6034730
3875634
508500
1186695
2908506
61056
1418321
2242873
8055430
41273483
22203751
18726162
17335834
17336037
154421
7987115
317109
1188453
37632
11157
1198661
303739
23245497
23550115
1592796
30857507
18672144
3089447
3170328
4778831
4123271
4503179
5870092
41215605
19848460
26461
49069006
2412748
49861072
2610305
10181099
20392075
429403
19522414
13251869
1802113
5475447
30350
5090138
8635441
1634942
5042360
56601
9373204
865686
1124695
1572078
2693655
4944
23110101
945957
1091767
166589
15937202
1023857
1634778
31080143
6152392
1634884
6105873
3371128
303405
38008439
528491
322623
152214
21347678
2347246
471476
174914
68889
8043894
7346
2039562
147235
38889765
3279786
19479876
24414038
2620462
2347010
11457992
15053545
54395252
54395223
51589499
12125107
4236766
54240009
12882
1101364
406902
54395337
3716784
2752651
24317242
39913055
15492
5392914
2910814
26764
46714214
1959536
2985420
54195817
7951430
3033151
1241997
4917003
2347000
1082007
524122
37341256
54398687
54398642
44142
9734557
54398689
54395398
54259556
48270508
25499097
2620502
36196717
2620478
2620499
2975044
28683368
53552374
25776973
1332481
1101529
26538461
4137557
39193730
2620511
1375378
3005753
962906
5991000
2620540
6586081
4160051
1455438
4452328
169942
32308
2620487
31038410
23685094
36095331
15982783
32095727
241267
241342
650189
55215749
6449
2662359
1522713
15024
4405396
1857978
47014
424485
4815485
45430435
3435079
54119209
35031066
274908
1002256
51087444
839968
362779
743546
1006035
4512101
424964
146996
4139844
51812192
37009210
51957185
663263
5521182
48544333
4667678
939694
24155699
6415715
2091242
1022109
5461188
34838757
4494157
4188995
2847115
74678
949769
939742
7344289
1638096
19898520
939680
2600197
1186932
1022176
1022166
5302000
24189908
332773
50395923
49492401
58549079
460663
1048610
32259408
27744021
3934842
44065971
13564463
6602738
1458751
486965
18863483
39304308
38790869
2037473
9117779
462557
58447333
15659497
2045310
8946
9538402
58501691
31529690
4285389
228642
2278861
54804458
38964905
13811213
28370193
720287
158772
38810478
98099
13703
14731
201055
17291108
4638929
991810
37604
12788759
1424162
15045125
22901484
49286468
47833350
6620756
6620824
3795475
8294411
9763841
7718788
13810222
21170
9251555
17899435
13793937
54364
4797500
18581264
49783
300188
10816804
61600
473856
2022903
13810909
6532409
24833143
12302967
57254349
13233036
32263991
30872676
27596734
17718279
6089321
1010924
16116497
54428296
17042888
2411585
54664027
11522136
4177288
23714788
34934251
38076
1260575
57218855
21108219
49973687
1254610
6916694
5612336
37133212
42411202
19981527
6001461
7312
20709270
43246
4977310
102867
35742489
58164
56677459
862471
20913864
56378472
383950
8837954
240059
11185
12636406
33383624
35668691
44510162
24082935
5358303
1810753
5613045
22579001
1271927
46628283
14520306
4995132
35757193
40603620
52555357
56443370
58849
992782
29880293
232627
35778656
963393
1164691
14084
7447280
4356213
5599681
5488304
16933122
4318352
46345824
26652964
1840378
44507307
4751657
30448260
13754760
592058
5155636
38138056
867392
1822282
179879
1885001
5824591
15822899
19728
2618785
3135680
83525
57792639
54139490
46721106
4982305
20778
19168
33375023
45241533
5000516
50875640
3634100
55700783
37689148
296726
39214488
5578565
2405446
19629994
39297720
46832922
3897882
14256388
887147
33916642
158691
2211905
1382905
6116892
762804
48863280
503581
597792
1383656
844733
12664042
635892
18490868
29529070
3608055
44744681
21694424
233241
5048086
3183076
11119616
3450046
177428
8703546
33407069
912961
3063392
3367345
39149467
1595561
66937
47561330
47561324
47561327
31069839
43097
5492253
15767714
39214581
14027890
264989
44213001
49507798
58198155
50027417
51415949
50029965
3672887
43383541
11418268
55679468
55679432
52962850
23572369
45502231
54420934
14432584
4150921
290622
31890739
1262466
18721356
40943724
84777
35062454
36647345
1007921
8645700
46531067
372539
35151427
6726416
11267248
2579509
41588531
27656102
21780273
19086179
18214852
298682
39653
12069866
1915636
38962691
3746829
927507
40684
57246485
38896666
40634824
908746
54589969
44983607
4086141
13233533
15874522
2017525
2158184
57090116
28374801
32921554
6153923
2100845
47654966
41168564
7363430
44185893
1331457
1613370
43426017
38678572
51028120
48206970
28280440
53785025
4359286
45465871
26006428
17175828
16642954
44442903
21825051
22990907
26758899
10595597
24356950
14393682
18350164
48607865
46647675
29336391
11059086
25446001
24809609
12051099
6343902
12051875
2271673
28205544
32825679
57064683
15883470
26433992
11899010
2226687
34215536
35997845
5270829
4696394
25009
14389259
10242544
32295524
973888
1476454
37040021
53375072
44657216
16301990
35773358
26073693
36494975
16765936
1462050
12090211
34734364
11960901
190348
313075
477975
31860815
1694303
49273972
52234263
1934570
47977958
52548179
3095397
1473978
53451159
39191072
2337609
37071
11030380
38794693
8410651
1932657
1364686
266956
18999641
38778093
51711638
25740371
529551
47276677
8821984
53452982
8174254
12210793
12210765
51899125
355849
354800
53277
31847810
15532763
315563
371846
58099402
1422130
19774052
168592
4602120
8922110
1745301
42985480
51976599
57554932
52704076
5261310
8977613
56820499
376473
43288938
8337137
31721472
51885
56106708
21736
1073739
10051102
1555010
50172178
952984
34407451
26517844
30864987
31729317
38707853
7532615
11195319
57403748
68264
747210
182117
30170774
1069074
2438730
32650732
45455132
49494240
898937
46899486
2624777
45504
366318
1125761
827889
38857166
298428
1631654
3261224
3535789
13229499
37598916
326483
5161105
22069816
55635210
1589043
25350901
7193
429966
4982245
1102297
10308785
19864630
19897220
1864484
222004
46740
58083234
34672901
4370229
805700
55635282
13527566
4868258
51935974
693848
294370
1475657
13985992
2557590
27082525
5787012
16199733
18019
25804104
26449943
5027268
19167177
36467210
11017807
2468892
23607989
2128500
40216580
10163390
2047965
1050741
7986007
32747510
19667704
2324711
5786821
47439851
35864002
3644058
4924488
19242840
1039889
916157
28810270
3114930
5468083
21754
15619689
12761500
10489522
181435
3097114
1040165
25522710
51078420
30814107
2792751
3951323
53112023
25011122
51717318
6059245
44025464
21238650
7316267
18994109
33273693
53372308
7222345
11985663
32567543
26235722
3218564
49076265
1059272
45683757
6786589
12677898
8138183
10212170
49762733
3395615
23202707
21702085
1874234
5451657
33795090
27259109
7610
18337522
40273166
54347291
13677
53677324
16016
1040159
25955086
3332274
19035
19541
43712
30221292
41124700
28747
29405
45453168
10781248
39078783
896372
1706629
766683
18444
34369194
575575
43406152
43406142
39754443
11121562
16091477
39754368
42301747
38376
1609264
26974568
298353
3974048
180609
49282028
31509116
50625469
26594253
47471388
53849136
15905419
6066224
273482
54443528
24978923
3076433
2471540
40499571
805626
39247945
11939361
47243578
3648363
428364
4715564
23553006
39744265
8851527
58466319
28951
29007190
56654776
36682729
41026299
17608461
80842
229939
12746
1411087
915121
5289291
523043
2933234
228851
29991406
29991636
29991422
24749553
24290703
228860
17696
24313929
55979960
10056274
446216
19510610
7044662
15537745
5642853
39211514
908703
56011855
223369
173332
223366
40149934
22472582
4925416
54431035
3763850
37994723
520670
607864
20890519
49522576
8042940
27961040
28748406
354285
33622470
356213
35559393
2113603
308
11060447
42106597
1498176
3661969
201112
1086599
42563586
36444845
38025629
2027044
159901
1710903
3132981
26625068
56288945
1866981
54707982
1022909
36608591
9593149
35176618
56288965
22198560
8144928
2078853
19013759
1484498
6117
37932680
2023769
24050838
56454596
41825480
298404
33569179
1996191
1014272
977773
3050504
41127929
14071680
228662
33792013
56058699
8143204
34113634
31563512
12250
166969
3702870
7963
379833
177633
17637
17636
1252308
18900
18901
591394
18154
37852490
12374236
3175
10591072
515096
358276
1409006
3885297
55671
913118
7750539
7964
1618182
21899301
15895296
14222722
39095
294056
36188092
58617
11344
13216
314743
1930406
15014170
1432410
7946248
2451238
37531624
4089175
3986852
742665
164226
1082108
12676959
17676093
3792982
780566
1180739
1203576
23706
229146
1557562
20110874
25948756
3775601
23401166
28510
29107
246918
26819
1126522
17642768
28870339
5438948
314383
546039
35998858
29920
10593425
161711
40758290
454085
3741564
21304742
24709966
38788309
41083749
58862721
53986
2175085
44959719
7870034
52385740
11846110
49460
21738956
23686234
1893748
49134911
1280290
3698082
36595472
202693
2010784
21937059
38521219
26117670
2015980
1978133
17262516
52409583
18993000
24382128
1978752
5258600
9938473
305064
21391406
1219340
30159410
1625306
1884117
499019
13711455
2736329
5611579
8113381
44946754
2134047
491442
1691461
49255803
1569373
1504912
71130
5395098
32122937
52318693
52346591
21936829
239143
1692652
347543
910746
761896
7163882
4411559
35798803
1977859
25768217
1166402
17242876
19002397
3291133
1450110
32000609
1692809
18063628
28357868
24860178
644374
28359539
1692779
1692819
19636
155414
346167
19858
183478
27553
58961527
28877379
31474975
23914319
2848519
24497678
24497685
775
30639232
17971241
12923821
55539147
922464
31561049
43951170
1178398
930306
621215
10086335
31271451
2101754
8556497
3941020
275768
2056790
154163
8846283
21452705
348969
25438007
23914313
24497698
24497705
21278889
9672
90446
33522862
3435716
12219849
404456
19509
3690584
3729927
18020716
2445607
169358
43571557
46944668
617121
43839113
207790
24708433
43269014
58863
2011627
30709197
7731831
12274200
29549852
607286
55213052
3486002
240790
160990
7869341
990454
54457435
43278241
911960
3606300
1050125
660651
25129404
6625296
7510462
7792761
693002
283850
169324
3647249
5989279
49925141
902801
38329935
375380
387934
51291103
14650395
40764984
412014
32123297
25005
47261948
285109
82285
3710507
9142932
57253540
663426
1047605
4363670
12435391
2483542
326365
415847
12761741
19460821
15373114
29972293
22032894
54624511
31308010
571280
211399
29391369
4055928
734854
325637
2648614
51432
73634
43302756
583785
4495335
24885593
2216678
19374379
604707
3739933
7954712
296838
404582
19120279
3192556
2634917
47037875
616985
12859904
889639
2634860
183503
4135768
591359
31631871
26233251
45505899
1635110
1973470
1028978
49180
1974007
630478
1601765
769022
169262
22832845
579675
40203396
26267678
55033847
333365
1579841
421085
45465190
3011353
5017608
19890479
9447566
185076
2682908
46948278
12413580
412909
26624799
27248353
2129012
1351034
41500588
46099
2062142
5036
1172067
5102797
37797
19186769
29465119
37391
231687
37954
304939
22910426
3770438
13529329
68038
313944
744504
22701997
14882500
13923102
1343980
19759799
25273305
22910171
7316682
3637937
8561592
33900852
6767623
7974249
4100885
4101113
4102640
52802813
19956329
3206883
910505
46800280
655974
3952561
7453251
28602623
30062
5868245
3063695
37845457
900125
295750
5853244
13804375
41098761
32013988
33833
1790730
295748
101595
27984780
28798519
25396396
7428585
14429995
1555644
13740536
30284559
5181230
15046915
8751011
2397591
38942692
2191607
2174884
28616101
1136224
7226822
54329799
5068075
7428958
7428692
9050887
2174531
4599624
27955508
25179537
2592190
18562840
2068275
7428281
2062017
3853870
21966926
23115223
900804
7429086
16485249
2970467
273102
2598858
20279831
2674109
1145989
2203332
3260079
17188964
52079043
231150
2306093
2912292
2981306
56108853
2295107
1434646
1250369
4601204
9308202
17428394
19216264
1825228
271805
3160029
1796450
29535317
37611846
599012
1043159
2616988
1927387
25619111
25971
299252
16122539
43436810
2702687
4900280
3146797
2627571
53953
1387899
7429642
29402723
1365807
6439275
8444301
51139326
11066851
27984974
13923067
32866634
691279
2789901
948332
4579824
14031195
2999842
29181225
18291960
18331577
54011115
465375
24309196
11659697
2054776
7430215
30876978
49571
16807880
31338378
58853621
1792433
30875775
1791332
484778
30284
19441269
735143
22500082
44373412
43646337
49298418
12198076
735233
693233
478094
981426
804755
235543
7972835
226773
39061
3529933
5492505
4278647
245298
31581773
52341205
1250632
26826023
14763077
25154746
6543001
804778
25154802
4307268
735324
11879491
1684615
2150531
1250664
26511200
52388162
6233627
4505726
12979890
2166801
706028
705934
33907942
34632680
21870381
3934566
705921
522936
733365
31141521
2961091
4725226
19349240
760848
2002370
705983
706018
621176
1380764
155942
22097838
30713569
239497
23565196
4190174
37006986
11880982
28161989
56944950
706004
32501004
1018197
693185
11233252
5809298
911820
8006711
265263
22445317
1595373
673094
14103937
465244
931381
921927
1848947
618119
27881045
3733963
34770456
26617693
23454734
1007660
2129527
693240
705979
2372007
19145299
37055344
1200277
4807326
43571383
15056340
13699056
720408
27543974
49209348
25154733
21523
28016652
14179835
8220913
31663887
3056879
52801963
4231161
57040423
16167377
349771
51404222
9054429
6836612
1360091
46465898
27569062
33025196
17290783
49686608
55075082
1166059
53631046
55986595
39182554
2506529
8160211
58469254
38156432
26266110
13526929
1532719
54550729
42368614
40409788
24364159
41416740
42358441
32472154
43169442
1237612
29843595
47349395
213214
8887731
48684895
19172663
15702071
31294087
47378228
574759
1706332
51002645
50569499
53468615
14402929
1091054
52840911
35323360
13793747
30867546
51157287
1222568
11273721
1170097
34676768
3907217
44738576
21573718
9835466
7437547
31405724
42639996
1287744
7049330
827635
7583202
1796414
7823692
10711453
56906363
17319790
5847907
2266644
46975535
49594059
47459238
6092601
33818014
3691953
14338608
12589161
2457021
3712924
40473285
21393064
440706
344922
8892368
9617564
42129549
1635395
172777
24833746
35179233
25056220
6107563
3737445
41575347
2310753
9651443
8278198
37862937
1706303
43705185
55482316
10667750
55867424
33742232
7950358
76996
3710117
58348103
87210
6152185
10159567
37652061
2070605
41027689
14405160
5099023
56833816
23594537
28071238
57179040
18543448
43502368
54133326
1853175
43561218
47527969
46362605
12506060
21991097
20484367
48673817
20155525
438469
3118432
3404894
54246984
5483916
43077497
16728089
17824450
259105
2649330
9269164
3190822
1508682
1064136
54248584
1509837
16722187
31700716
14427248
28544909
14528980
47978056
16390859
4229682
397608
2567707
486493
47560654
35728290
11268035
9233578
54023783
518199
2443683
21431954
21116830
30596404
2156387
22992399
7961605
55275
14093130
2575903
45415132
9838
679218
21137138
957110
2668299
1117722
693091
17354269
1251423
5244240
17271582
41546610
1063976
409006
30872150
270062
2706525
225192
28752783
30251309
762084
2775268
2576598
30581229
14865628
291874
3078904
2246590
37920220
21137319
28752673
26077527
22863030
45107264
140583
4918427
34521
1773278
60492
2575836
6901703
753230
16957829
43097038
44558933
6645085
250074
14988352
7776927
1773377
42794826
1719457
16944419
38350738
14158490
11376440
38734569
16708500
26559592
20169659
7599249
864364
22684368
7805214
3972656
564695
253418
50346067
14345961
1295752
25275445
6965259
1881722
11693109
13408203
42794816
44329487
8177257
2574224
32160213
54141066
18203
3815666
12635200
1811962
19664404
198156
13799863
12988203
4737124
4737424
9791447
48805512
151713
22431
2242844
1308936
956675
23985
7528959
6025550
13995373
3688147
197812
24510
31477756
707404
25220
14098258
10353119
505218
20709304
1539548
11989433
28970
54638625
510078
187337
546101
25173885
2786727
10388845
1482138
10408778
308891
37721302
273822
4496518
30767413
10768144
50818263
20262149
30403
6263864
1694744
23959612
2647475
1296085
55978612
1226978
1256751
23543
55678464
25115911
55677839
54150419
54150561
3891878
53264857
51905555
31441193
56379561
55354878
13945021
32169
8288587
2130559
426769
32843220
21220706
4671634
562205
7585515
41766625
21205307
8023522
37279084
5010876
3656995
4849249
24139370
3799993
4321829
1795006
1127106
7431140
798663
145438
1674557
12988767
4716117
45068086
401169
4671403
13099198
13017560
15988516
21264995
50026365
1911078
22637
208502
208515
40111866
21278306
44075827
7365499
16869761
14996462
7789365
4672713
4281673
8936157
1057467
13404388
24952083
9238495
1576141
3153535
4883003
6486874
2535430
4510295
1894394
8421352
27126714
39874090
38693595
4748617
300006
34713649
310001
3257382
5734612
145094
9284
404001
16684054
1601833
49367970
37054750
4020186
19833982
11054533
5867217
47011
7381179
47616206
1236458
50253290
113515
8981673
29138951
1617558
3191883
9087850
3415212
3194537
39453637
3079231
3005139
35623859
199040
1293340
826956
56260115
391421
1291808
45304281
243709
34087660
33034771
6211280
3736547
2684566
8912
23556803
125297
39302352
42492459
6874521
438948
537048
4387406
16628246
5195676
23259981
2064935
898792
3766499
2678192
7765005
468892
166896
1147994
1938516
4769938
52250817
24018375
2338320
49917455
51232766
4186980
25403928
1029759
15730240
4986733
7060924
20304049
500959
1578822
84652
13953779
8995919
153767
52000501
1495744
203962
875509
1282548
29613587
24604812
49492887
7086534
17553
1447904
43515506
959465
166890
8031241
36941
2817855
498795
17570
40862848
402719
37019651
15428814
7262872
732446
2914802
8202435
422481
840106
40903552
964177
9295203
54313742
21838255
21461479
25474577
4637146
3015195
16384773
35870410
46932491
576108
1028314
13793909
16895165
5175578
34565362
1076205
47929700
22562598
26513034
25175
59217
11241001
308152
303368
2070411
33085116
15743436
18814716
29317092
29309766
37563341
25975323
8239014
17884877
39666294
27124959
32025542
1905371
52207696
161306
58684510
25451646
5918099
4175450
25061776
1838280
567840
8393831
13289313
42475403
8723207
4517642
2724263
25410090
36499681
249617
113087
27420015
14485857
12139471
9666599
583600
34947247
1979961
6073963
29321051
772517
15890311
4481904
2971205
1437696
1991528
38298427
5947843
1253305
53759905
25410110
185427
516931
313741
14315623
974169
8200947
1341579
1150738
293432
46695602
6077963
3942
1830142
14320253
1181756
50264
11151490
7984037
2621463
7921
159587
12255960
3531066
50263
33466771
5902964
52119
8953468
20576545
195947
11691
34558799
14394227
43194879
412984
87352
6969727
13660
40393020
11000264
42633078
8000600
26666199
15069
492516
45196
15532
7974982
293450
254777
1448702
18455668
19117172
47321473
19089448
285759
18102
5646277
37580589
314493
24457573
22097316
2580834
222367
2864280
379840
38771161
475449
38912269
22399369
23577
27499693
29262224
380405
23912960
14644287
404130
719072
12487536
9644721
56963959
24829
43339179
20084924
23779912
275991
40907142
9822856
295829
27832980
6793014
13345571
3224219
14479711
3084709
24918060
25911217
799405
1562127
18132644
1535719
19771879
1140043
330994
9067359
26830155
27873
45661050
4683709
25426649
2607053
297021
1904373
47331006
15547697
1514907
16861692
1588509
52845226
1508507
6883069
264210
39661691
1220579
7041824
169191
169823
356158
887197
1616044
28325493
48444540
47873930
29887866
48131133
23808629
48915292
57802506
6932317
3558266
145381
11435202
17732273
54299918
5386062
10545202
684207
179924
42599642
145844
4171333
7007010
2038396
38264740
12935671
4537039
47565432
20353594
725982
12599909
2035985
145845
30962657
23787036
3307045
5158942
23756785
705158
16922787
50055439
4687116
56746244
28734956
572813
2016606
5565333
46515723
1776073
50328015
12403587
14973218
685613
392876
32437920
23117441
471830
23760380
3231
38106
1416758
293961
31251396
5658261
393359
51426
1574901
8088700
24758677
5705
6026
34514568
9386948
185663
51698
152900
97315
19327282
713946
51429
4995922
4845297
11930843
40581191
1686601
1605389
13908785
22105661
403142
21708
643021
403143
403139
1014534
29511652
1065871
14835428
145018
32248
239290
45754
30828264
50761824
106364
24750413
24910076
22367851
275015
34865455
13664406
43415449
57055994
10913
48994134
34824761
23664973
21923824
22352470
1809181
20018
11934923
24497161
23941767
29954
6129269
57151064
32370
7859407
20556859
166022
244463
4418897
1740155
58039179
2299135
18105368
3676187
28624309
27803326
2082354
4802961
32023896
7771277
13714248
457464
1451352
5558617
25417056
4602039
37662322
5171634
1083721
1146433
7899870
11395056
7079248
889936
7133473
532542
57726601
23389071
5157854
36846770
6934
14496121
7770047
1497463
217548
16817400
18881681
37709899
8795656
20112889
191752
39251785
36254198
31465766
8238982
1449175
44082541
949189
1090930
246325
5262748
831350
2906180
13079354
7136284
8092698
7876585
1300358
9576297
10125619
1028755
2907966
563694
7043631
246320
680237
987959
4586351
57726619
507553
30556829
7852809
377537
3028181
189682
519204
37730840
412108
33198000
7951427
25322570
265000
8094016
485424
1632831
2974863
59718
420919
4500787
217122
7917643
3366265
6088729
195351
16565
1072915
17737706
51718642
1448472
7974227
1545816
219847
3983656
193837
4109196
7939066
52202
194990
36396411
40956141
1538007
2383040
25981480
27567102
7838569
49454822
690246
44628821
1523927
341149
36743227
7886457
17573081
4994967
51728137
57726577
32399808
18464794
2297912
34411065
39592843
1167800
3945884
170366
29943244
105620
13676913
7632450
1451556
6899907
7740082
7833211
24868
29337501
238849
10535463
9127600
11908069
7852591
40326
45486934
15180479
22519386
1935139
25826595
16556788
8498996
22113019
11338044
43654412
856005
97848
149968
5896724
622053
10005756
11394693
7770329
34417095
7903048
7864525
7887913
11380117
509788
174055
33846186
8098498
217313
363225
2498855
10573340
10105237
2174514
126474
173983
151569
32552196
48259106
692458
173844
374222
18305460
53992715
593773
20482770
13269420
129222
348641
36855836
7136985
1291534
34022102
51718561
11120053
7739570
21922476
36284380
430493
4259264
7838302
1168888
29528690
58504160
13004986
51203
27661627
28202859
52626244
1704824
22506723
523968
10595872
2653706
1135068
154616
564821
2673834
47565351
1469133
296235
2253990
1201689
7951270
222434
30450
52974038
5075473
1240842
29057063
8588347
954333
6172
352376
17381118
7442564
19859862
54829672
353022
56061
31189356
25781757
5148246
41144410
30749895
9697
5539197
5517556
14682596
20860540
1461517
10105571
4459380
51513135
29156736
13637
910263
8016170
216389
585388
1202074
318742
20684384
41273889
29041848
18360606
14988066
29044559
17905842
734881
54508489
338403
2174332
310517
208811
5516188
48794726
42138577
213650
3197890
36059497
5336200
5334930
1236666
340198
26599382
29855686
3441237
28247411
42455846
52580
3526954
56525571
5075898
29635
387651
29638
252686
41419857
922382
682853
31643910
44986732
292224
382447
12589048
30554
1337579
34189212
53252845
32439784
527369
46426116
22609470
352181
192123
6473570
1882219
26994422
351549
1168506
5847302
3088901
632487
18568
723738
28157642
6473191
46914411
734644
222947
22725574
794872
337876
6556971
354319
2067823
1896674
537450
3314988
2920840
23574889
535823
26193465
19710
340617
663359
353748
6497220
2230309
621447
31765232
600011
169589
1018951
3207731
235124
469391
468884
23992011
345396
355814
12524069
32869192
350829
3036515
6050
359586
3232460
490054
508022
1749665
33382445
33900798
918748
50907
506177
2506864
341127
54316
16868392
28311992
53264013
350906
6473626
8871519
7392980
350167
398810
8997770
100303
47756
662781
519979
1076293
9212913
14528017
22204279
601070
591768
36423541
234855
234969
234960
30981930
234998
234962
234870
234985
234854
234906
709567
15614660
57766123
40124307
2012564
2016033
1168363
33434715
3096183
599970
150144
342038
2302006
1387689
353855
336815
5971770
5971797
5971799
5971801
5971803
5971805
5971806
5971809
5971813
5971814
5971815
5971816
5971818
5971820
5971821
5971822
5971823
5971828
5971830
5971833
5971835
5971837
5971839
5971841
5971843
5971846
23256783
493259
974084
44051448
241820
1098209
404009
40658915
534959
3868748
1707754
346955
521969
2645647
21362023
444250
2920916
50248508
8339650
348624
203204
350204
634754
624666
24364843
37919722
3553599
4659082
659169
2868583
33086275
39728316
517370
45188167
39270721
347836
13186787
222390
26736091
442370
20683573
408108
387878
17219997
255768
9202993
708399
33074893
537026
58564676
4160163
339396
2236863
30863772
242727
505253
580145
19397596
5783569
13454825
48465217
18814960
2059448
52766867
39164736
43530822
2871265
34727868
191457
708879
28651
1896229
660973
31005435
12537045
45332012
705014
8434205
13314857
56083331
3117016
6695781
587645
679366
3039388
347694
352950
348470
427826
4904667
12830119
6600160
21312272
1188090
691790
8871375
2888949
18640974
2850448
1624589
183091
473486
14953761
480130
2240655
2915428
34532
18902
43294983
52296091
53736357
52825568
53277729
50628228
51373403
52066850
50487390
58444022
51347294
52701530
42495534
54426651
35321461
232952
8398
51331
44357613
40400729
946975
19266946
34003244
143135
84029
593693
52031076
45696716
50932781
855329
48538351
1593170
58379
22468661
50334376
13292403
1525019
2625993
3478709
324872
34802284
44025330
185493
34969712
11174239
221484
3832701
8304842
168905
26146516
10779029
279293
13410380
5643937
1348989
11870817
2069923
1015401
166521
19271448
40360489
3371340
1827768
32027004
15669513
4910264
8548950
38561540
8181
19073258
10288115
143634
195196
1887212
8214401
54637700
1463006
26452145
14220
19537780
44787301
206234
4416073
35411073
294085
19410107
7411740
339496
253859
3053039
199226
27060913
39206504
7795793
19245793
1806503
37342010
49590020
49411787
4406343
15433374
7445
20885039
386519
7079444
2667603
16175342
26914791
20792933
12259343
24022514
3454204
26402563
21317755
3862616
37312651
49672578
1726089
27169542
33670194
22697171
35625607
12751687
27043777
8816788
16515493
26066377
30176598
9098286
945503
4060799
12943121
6853329
48633254
8185549
37174589
16289784
21425767
51438
20375066
1248704
5508956
383424
26397073
26113571
3099132
1028214
14439044
36552488
37302995
1595681
1024328
26149716
9479849
6134187
239112
488896
1186588
17201962
1721284
252953
7315901
53776585
8569325
37252648
3008223
702149
1196185
1618671
12745577
16416512
6034957
20048578
8965926
4233115
362651
394508
23709110
53561047
9830383
20029977
45351614
6785051
30684123
186023
2495705
3884961
26639238
1028194
244705
19934039
6290771
26015197
23800227
5864214
33462303
499002
25046926
2489512
47121936
46270431
38907546
35818365
18974136
47304362
232840
1661158
47421869
26611936
57265072
59545
28222
1978904
277184
40765261
1943892
2498388
1982652
1674987
1698066
852721
61338
677
12266333
22284600
44578
40276
4542
59338
11219603
1964121
43468103
4472133
1401020
305456
5021705
8884790
3293594
151925
1300778
695917
5708669
195407
9596
54267
164040
17136006
147460
4595591
1934369
9226345
6966428
320026
393055
23624339
199014
3371683
1721092
22217360
7345405
258733
182890
187750
410712
971549
604268
20845
20201
3134388
696794
6176811
10265555
2142734
22656
22213
2915678
6108552
2973987
15882673
25056
437052
31228704
261479
26513
58879173
489394
59715
2804687
220089
22629996
248619
45456706
17056775
305463
246160
47962742
11141222
132729
25016871
3526052
5959843
3603745
1436668
3691548
306043
33065815
34905254
43405
8586502
1526304
2164767
326471
14135848
510629
48661
46439
20459000
4890
53394437
34529648
43519034
2840305
21653957
54956115
16258342
19513
24664148
41740113
159730
52912473
1297317
23632
58472252
929709
2598499
23275
159731
28359471
49336576
1152126
3667560
500004
34858344
26837834
2033586
917006
741875
138484
360113
238676
296942
9318685
358069
157055
20547369
965376
48740815
8949082
173525
504509
25418
1015795
359970
15889648
18045517
4500115
25228
30977
819251
21950759
176420
4492813
201359
50124453
383208
644032
38764584
346611
43742110
27440323
153302
6626644
45715603
45715624
46179999
39739
43608216
18062300
4207234
677191
4229275
245658
7186647
239599
41833604
13552465
15682063
1001293
380191
3701482
22130008
150169
19074048
46927724
3142115
1622235
868153
3571350
2524727
589726
3350566
45289334
29759120
746646
890891
1042164
4452009
630022
366436
30609033
253447
1309
44688
351908
44990517
1359360
3785849
1118832
6988121
32829967
58559351
4053392
23335649
780886
9903220
87141
46561894
47790980
168865
29018709
488133
6166234
437701
21568751
7918341
10077292
5280515
46593443
263233
1714764
14922
1126638
37520883
18634
5210590
39999171
740817
43794390
5106151
1352566
39688248
3009815
44052223
25065
2882813
19653337
145865
372742
1969007
4786797
1687416
3909097
32245
42701243
81863
1033865
1458875
48347082
166352
5308894
292222
1458060
44076398
17319580
58904582
701142
1458024
193053
9920876
276894
2398982
52897818
47882363
44787
253456
296000
6921017
49322650
15212413
33428711
47243080
16706727
18468076
41007672
2139612
641270
8181025
244107
36727478
31102294
13398544
19777721
8122079
29515785
27606747
55201705
21986
43844668
2672905
48211685
12125059
16267972
8997784
47264026
44528136
39400139
35083603
43934478
42392462
4576710
251177
48831575
5723289
57258626
14511776
37872896
39459296
25069727
645602
8720712
47501483
26628083
48136809
4783135
2025989
17528854
56073671
39830945
49188683
34666424
52167339
35623596
655
10324074
58053955
42333982
37994961
7593
492445
17910805
26661047
690759
387931
1285915
293606
14230769
1047173
1207129
32744249
26722913
432897
271164
18180388
1103376
837995
11919629
23649689
18619097
147854
1735473
24320887
11254442
41400343
41391212
32744656
9858698
58318372
12637741
47769616
55589991
49955849
11851829
55051898
11566873
37554140
54570072
39982039
48654795
23222766
43816474
34927840
25258840
21754222
28752140
37548901
27326163
57873268
28009856
43153346
26244142
43644540
44948985
43584361
47740557
43041521
50793762
50793778
53658057
49356853
24533414
27310517
27363106
34002873
47210167
933974
55464594
12216711
7869295
30904877
8534576
12137424
32842052
54391334
58129622
57184342
5725168
46396972
33153333
42063759
28045698
7499267
35808199
40343255
50550040
39614877
32809583
1081339
2870898
32291149
39557807
13673454
46414426
57574496
51363226
20644971
7203729
42074131
47277561
43559240
20565885
47824717
23831652
42069990
13505846
34812675
51959005
6694084
57374397
45189574
16759552
51376302
51716359
23265859
32197567
20591151
3612259
23632928
13595525
42719930
20908760
12055652
2334708
8298904
4703917
50901898
9087019
11969092
30551989
7779526
37551700
871687
14258729
53788372
48606512
45189570
53513426
1597924
27096954
57942226
11940501
31501520
10134881
29379212
23522969
18376786
51056252
31381761
14984993
8385078
35200984
1554398
57481237
3043915
54225729
31187897
25547443
58449356
16593557
54347634
1162374
48753670
1719992
43672852
15255049
37658021
41847276
30505908
13508423
39350271
58528288
2121791
58976789
9599163
2142840
1956306
1207057
57116400
32838069
23855903
4965178
19985265
38943054
3119343
1700591
11496902
7252030
57634027
35194349
1141106
57577573
39418646
31605552
984494
57653446
38624698
42690608
3119546
57047243
15018472
23270711
44338719
26014321
1331806
39776727
47372547
32177562
57164705
37702563
32802555
37842037
58946268
32952970
1660757
1000441
4061360
17404409
22945287
15731007
21781351
153158
451178
404015
20615875
1977225
552609
297098
557189
557186
40852299
15938221
418075
15677292
39830246
90021
15677650
175996
7754370
105016
6998101
30526821
13590511
2615613
4131001
2760602
3168948
500163
25816276
27419972
23838524
328721
51470343
8597086
3999992
6378876
6569705
6956352
4185946
4340183
19543615
706999
3747894
4832120
12275439
14439837
5748142
6077753
46435788
288262
7024760
6898345
568824
6674625
1784516
3823190
9644
2014760
5663113
6760551
7268502
38834433
4072145
6635218
4271664
4971619
10299027
2202965
10346175
7131583
319671
5376959
6604435
5524046
3392451
1345277
5898652
5897116
2202916
2383878
29217860
3406041
15634312
5748599
393810
14419595
4386085
2519226
1039945
4179425
15537529
9458413
4062914
4860631
35847357
25957686
4376412
3988692
31491236
4970411
7878238
37756578
21468529
4902101
6505948
