19159508
14521117
2084698
24723521
1982394
18290472
53169305
505730
43569192
47917953
6258
590768
53628878
5708
18964621
30963584
144633
54004404
50693529
30547635
4543340
2036118
57165694
9057549
5903
30487581
9020225
13144407
33301100
9216811
7745490
12593785
143364
394976
32962014
12401182
12918880
164660
323912
13775689
167703
25907070
53251617
8135793
36791036
1396834
3039067
1525258
677443
50951733
13831
477975
6267
33596709
4442271
861492
782895
5487391
32017750
12870646
2490371
203808
8950930
1525262
1852708
22810417
40142750
34454406
1713306
43732489
36710027
25414
41748961
49124863
35291011
37886950
26642577
32839108
42534554
38566488
4095924
30049818
5639309
24490360
51103519
51093670
32724355
25418673
23407994
22781098
27716370
635781
7513910
959272
6025107
5102499
9810476
316424
1515577
1857229
4527648
3392828
46305470
11393
437378
2148941
8715248
469213
25234
11059
1702660
232590
1599293
45519
9343775
1112898
2071938
1439959
19342760
549109
4620650
221158
221155
221159
1838264
3948398
300214
8057332
3011882
1743079
42379851
2145894
5334700
2400868
9052813
340370
21360689
48889333
13454250
29334278
40950195
16475671
97187
49134970
43658727
2486862
53496902
33934150
47135293
44752137
12422403
7486293
235450
50761409
8625214
8625075
3867877
44828
41816267
9580049
17504356
40559516
55776116
43594760
43590892
43598725
30666
7139693
3754489
574742
46553067
41923118
24326326
19342741
5388
1513406
42456611
13704049
14973425
41831802
98405
2660477
7082406
489094
24212673
2604638
13838324
40898676
9511242
29962688
550777
55781783
43529895
5025767
1756707
6353282
5077701
496727
9454590
16089434
39254389
958896
1526009
165270
49333
1452924
35343748
35233688
54943
101140
165264
11023812
10375274
3869283
23158919
27050403
9928
38979885
45184563
40807206
34437315
15749202
54632646
1238868
3172747
975319
52731546
391097
31720061
21792815
2103537
25692022
33966580
10439920
48471736
3449959
4665199
488613
1059727
30242696
6185783
28982719
18069727
2345070
20290838
24186322
95601
83525
19312
5151373
35826978
27417865
7710512
24698694
768700
41473353
7222345
3330262
27016573
41467123
14740426
981225
89908
3819214
13957304
53664964
10417456
12797709
23266996
2716387
40551280
1087196
23529
16060451
3424567
16657200
1046243
10751250
25836956
40483092
536698
2145251
27431805
1058631
5151648
10324227
54545388
22445549
2289081
61117
12634467
4574795
24086319
53198297
25392861
3834447
16486618
7219847
35275877
100467
21208262
6458088
33959
40849496
10507902
49489231
54041957
57984778
868108
55566398
841429
43317048
752
29560452
2583747
1480241
3410311
55657946
3603659
33563052
690245
863862
3547336
39272508
21084897
340336
13601902
21342679
18368611
37151950
35857691
3574096
198778
16300571
54087097
33962158
49870344
50110539
43727113
8560
8395427
90317
20443993
1803617
12721996
41520090
24989989
35853255
50504032
41096877
43946450
18816
50400956
65821
504974
40476642
57062676
34644396
30041335
7524684
36315801
5134465
1546216
27561
725885
8217939
50113632
805897
35922455
50944285
50985272
37117778
955298
57999053
22562859
57977652
6073980
58000788
9384730
37360538
51025077
50262203
50897216
50872423
50935359
50797822
50977473
12701758
31427054
51158262
11175690
43868891
57990980
38180
24768577
10098143
11119468
2474449
1004372
33946289
22032703
1831756
20798405
48897671
337870
5282341
47069702
1102050
26568335
27236648
27383716
1189936
31850148
23977081
34256542
1064401
39703769
24206475
47145212
38307748
42375303
24738478
35684112
50711860
6032086
39964793
50995009
12512882
7946819
21131741
31379348
45527641
10983772
100627
12905
57379245
5081318
52109013
8886086
2230357
1410488
42056023
32658372
4351717
113147
51505200
7440205
51504838
35012838
18984987
501118
19717225
1375891
6337134
39565
3050350
14566697
1259992
1034781
21208200
1509154
45303828
50519030
1139037
2811477
20067710
20646241
35037958
7739276
52055992
5823
5692967
56142581
41340789
27798585
56845905
30761319
163282
33119
1126811
2027044
37407707
49661525
56506533
228998
14585042
10751191
44802245
42372719
55550316
52551689
16743
10665779
5775373
38623929
51415121
1874973
10671
31611245
51256177
37808230
16807
4163
6852737
1245987
55104
1767492
26258035
31646716
663102
51901616
45687981
36879408
33548374
5585605
66206
4176073
13459
166969
1204525
50352288
178693
31607906
35194635
25075562
49704717
181134
23112222
18797887
6826486
8471110
38440777
2354564
35079368
34487060
9820126
337386
21579682
51547937
1415513
17625621
149636
1765673
31533995
33518220
35305141
6587578
16166835
34487743
628054
651326
35238778
49457873
29804568
24545
47077127
48993211
201624
49641600
1076499
26692723
5833433
994299
14197609
9003648
35008044
38603249
708506
7478553
12120000
57189202
520539
1962117
606818
2587694
4035
701124
1354651
4812780
3100304
27038201
665233
20833077
3654208
847681
39211489
30876641
15474
40236722
7754645
31824951
32531874
4197576
33970475
561580
32516206
5430925
23858979
498838
2494883
53518515
2862649
9252
9986
276872
1107734
40229411
58505499
47994343
1932165
56784475
18479096
27419471
1176785
18908331
22833741
4952057
28043886
28287908
13607271
13089943
36234917
867520
7086708
14342476
6760335
18984969
49888846
2376926
19457425
42486017
12407726
9378348
11020549
22369867
33934301
7239819
30999056
892023
38703024
1081351
225815
3075592
18552
7456692
56349093
8421197
17200783
8684290
4245811
4301018
2444015
19848341
13810707
24809099
24809459
11774990
7571029
34605487
5492257
42879461
105004
58283626
22046752
27307535
14124578
31649474
44263660
33512760
5172969
25892854
59374
344406
31074616
11048691
9827
2792751
16767719
3808132
1323496
1009410
33523320
27270691
7826927
33462899
618928
36855606
21754
11985663
14551000
990353
24192619
3402906
36889398
9819863
9780169
36598455
37803498
50186794
53969045
9451
14541234
2770842
1647073
56504292
29192344
37416246
51790597
56793108
4318918
52806857
27478356
12587079
48384183
52980558
49999561
33121263
24343762
32510799
37933324
2511603
47127
157208
3861253
16226748
12560557
48529896
21634581
51240626
11357700
47199257
45152640
154273
149224
94535
954420
50981832
26223298
639900
6845279
44132916
274375
43882049
6596958
30258456
8880793
43882452
967342
44540058
29128686
10137476
29908016
8922110
19745446
46892
18497
21122396
149183
175546
13148453
19262812
6504319
21621618
36984904
12661325
188520
22788341
5871010
46893
54603738
36100844
28937240
12478149
30631716
34814043
11973
50901039
20290183
4015968
24007962
424789
4097096
1139545
2412774
56286411
53643626
46736086
5974844
6355878
30498454
1979707
4407985
26826220
37896642
889726
51319
6811017
33570327
53825654
51600548
19202875
30542008
13502171
50771841
860354
4170165
9655463
2393552
143913
4576518
504008
25102
715596
33561186
27495080
32943782
1182836
1197362
53132
40138324
35036752
58423766
569
21207536
22101040
4254743
5178
48656171
1271927
2318626
27900272
10772350
7873885
22900852
16799902
12769389
44025330
18856114
18949668
18933569
1828083
17956828
4633449
57483945
19552
19027841
81724
11023939
1495838
26791
26711608
35885810
44183472
57993
104952
351227
30695401
34375832
49733801
8074243
1072404
58905229
17524
25429108
20324399
11517229
20324344
1060739
8128
604771
39104546
47665171
263257
15864296
15220
10956960
12532423
3483847
33674235
373299
11716414
6286841
22760983
319762
34384656
53111373
24822996
21173
27724306
18894210
36253964
36047835
42649463
9736296
53180781
1854841
50594391
5767788
17504079
162986
27699
2917649
1187874
12563101
25490263
226988
305869
623398
39189535
33957665
37208440
12393342
2892491
191445
29584019
32977
10402117
2199641
44547828
6867
36339441
52081281
16794300
27501700
2105880
15629251
11709017
8753001
2207203
7115965
3993568
14963135
5575456
221917
42964558
65373
45531158
37506954
59787
1098651
175592
52049898
2672429
14901311
871470
31782815
785639
50540459
1192640
47910237
1214877
15294269
226990
35299158
35404177
34911923
20561900
28189440
230896
27741962
5788620
62312
20226465
220122
25535894
41153992
1883086
18963870
18345
45536560
1577499
7727099
1419427
297267
470031
13557443
649720
16249324
37389994
27691317
47715296
13607556
42431426
46382079
23147760
25590689
19284595
20395887
40138269
47243509
24616694
291229
2234574
181117
24587014
12529118
17046772
1851712
983787
15944015
350381
722906
21424551
4137340
2119393
57204677
646598
8307635
30792823
40810754
46629670
26184869
54840463
39127991
70174
718763
2588267
46673516
32447000
2110568
97234
7410249
20959122
4692651
368413
40889647
1523896
2694761
12749679
17569583
372984
302445
24991288
1393859
11199842
31896902
13878013
4444344
32923
19810565
4661812
58860731
38726338
5098695
36554003
3014842
42056236
2020649
30269033
3652673
37907933
53237663
57546707
29995239
38563793
2493803
16888342
47866348
2142607
50600870
18839
58832225
1474047
255991
232680
3520025
1937861
1840675
881842
2633667
588564
18400732
15021638
6519975
68868
3516048
197055
19024647
76749
2910007
20177296
2390192
353663
1460069
1148117
658994
5899
659073
401963
48748780
19759799
276728
3451484
351909
28266663
5159014
16078207
766049
24633353
4861797
8874566
43251161
10011
795780
1961883
1548677
13756994
11429
476499
57494486
3480573
13381953
65974
2167095
8341465
8850003
10600
659824
44706
1071653
3106522
1280581
301456
22524591
1430935
2566880
5980245
54278890
31428210
674787
28885249
1888307
39730622
12854042
53974
17406217
8745590
65761
61082
7232405
1299072
292910
4088298
13766578
329625
10373080
161095
7174542
1499717
17186338
565176
21008177
1039975
5175110
4751502
37850057
2234191
553888
886895
13097936
34017712
46768799
2493388
2711130
15185735
50833294
3053620
461415
983079
171435
7999309
1942806
885730
484540
397064
451981
8753282
983541
6267826
48673469
3420992
48609379
1528526
188949
3829597
2653427
2653043
11181082
25447
4644634
3665145
3446046
52831478
401969
1303713
3564116
18934997
3450523
3552803
7697521
98352
529844
41183842
32745919
379153
38243
1244283
8829465
348511
543095
18945331
10076158
2446233
27125272
22834191
22733383
2224553
37512586
4552987
5218457
47955568
54459491
3959115
54463849
46234274
33702231
52226395
46977805
39241111
44806831
24782616
32333695
7363564
19163
53137094
36675736
6271847
38048570
32996853
1136841
229661
3206582
2009109
11808895
13766203
6884063
39306690
1391177
102920
29860029
5719915
13761338
920487
1377699
1953067
4124045
57976171
3213090
696324
5940458
265635
23972330
5149842
17006149
307372
7924163
7949828
20082214
709530
14032055
192626
26786839
31552371
297699
56225556
26042792
1172310
559305
28370
10436084
28830
11587822
355882
912551
4145596
26740386
8215233
5694915
12082329
10869139
55008561
57537760
53380942
2920595
18501470
23698861
2041431
29778847
10806718
11580204
10677746
35890754
38749548
37235
2076539
14541310
14131017
273856
33524705
34407451
36055387
251368
1742287
11033682
4228181
3193582
37917571
2253776
28365380
181435
58031
28876623
38778093
26166967
52848782
21944476
1414921
1123434
900498
43252033
28344314
11725949
3559307
2838569
227107
7500313
43248808
545753
51885
21081495
52401447
31729317
55883587
41674306
30656844
5057528
14075956
45455132
43250285
20302230
325542
6327661
10518546
51765595
3264134
53265623
42757076
37961224
252569
1695
11008756
17060601
55505034
51804739
36059493
37103142
3598003
54094680
50406750
3007465
13935452
27109264
354224
9891093
26956099
4740024
17073876
336614
34549363
55008943
21416606
1502499
33598644
27143710
22823031
2435562
10975258
58564670
13963594
49462955
3298492
17146474
17230025
996149
492996
475460
1545612
48403782
11022472
48811073
1091420
2666148
21314066
102062
20785969
41813997
13033833
1007362
355446
30530623
17241961
11456490
30779156
229236
6966494
853801
54095081
54395985
3218648
49477980
45240959
11457301
35712222
16934559
20962936
394637
14905081
7160538
51547415
1230430
42701081
3327596
4887671
54478868
48359259
39733609
52311270
4751657
16615403
13300845
38305143
32275208
1257710
51207248
47328634
7720399
34170123
28523058
53372308
53995199
34833541
228059
56896475
1317694
19943944
3699777
36713338
27702479
19968071
976389
9641126
554950
2700105
911131
2298034
35749603
7349764
13251530
333225
35393129
25806816
914436
2744606
35836108
17017917
34557229
3297763
33440947
26162571
1853101
31730306
40484036
286347
33896833
31614367
1600443
25456170
24885165
2305178
51394731
17312062
26534334
34412877
11839182
38568171
10836126
168536
44867853
1618050
46199685
1404586
3136137
1569145
31039138
17508739
19728383
14669242
34952352
2018345
3858211
25860496
144128
1045918
4561407
72331
349555
708503
5477429
53264724
596663
3569911
1095712
64073
44253732
3188061
228214
7618874
12737141
2991026
38894238
274608
38928070
57976514
8178676
3253
1490408
41700249
29218703
1071971
2310443
1270984
14026639
39519753
22505590
1465002
12649093
451642
32316519
33575336
29789
30797312
58506602
24017206
1465212
1791536
42551635
58846501
27274829
52462347
13998413
52466311
50701310
29704582
8315620
57853651
17539184
41548741
58514133
937531
12359435
58515636
1114504
39289519
58102193
43241857
34070203
2284678
155747
7779220
1045467
28956699
11762570
30067
26743020
8097941
31697991
2977957
467066
9974365
5398628
8773037
3095897
32322033
10324604
3296532
38014541
219364
696241
3810802
6638857
26266501
26950608
1877526
53245146
2830957
734489
21740823
15079406
34048468
26166435
11127162
632782
51607869
11581752
1368885
3439232
23013
46655162
33169034
39518377
1906787
2306465
50589
72243
43638026
146141
54376427
331008
3121816
11029356
2570640
8586491
17367962
43836255
145554
1980549
31721334
42946860
242495
11657
55850415
84632
33182093
42104739
42385432
47764669
6070611
227098
55401299
31037220
53557106
46750201
36761462
27144598
38577582
57183939
32898429
36619555
44131207
22462280
34836559
55130643
26823737
28106662
52582968
23944258
25293039
25279835
1865682
1526649
54954847
10252628
24145723
24133938
22096295
5210801
140893
3167929
12830932
2487003
2111247
51565398
55516729
13404967
55166205
27112415
17252167
2901146
18671540
35105067
48493418
42725168
55810232
1782101
37647322
2611479
37779362
8028236
3137756
1802982
23462859
28588590
19088873
54315587
13487888
50068519
48196317
43232247
5962949
43051543
15775246
23193697
3095730
2075626
4361857
1087956
7108182
1668091
6745453
12144102
2784571
4790902
25147220
21569933
19349803
39985182
50643168
31876747
2379843
4797772
1743600
16039879
6065329
19495099
15637607
3495591
37205448
33925501
3689246
55147833
27120931
8318989
2400544
2233449
1651239
2655045
43051637
4083681
1245575
11311127
47192473
58194011
48300402
12185780
41183297
52807171
11057605
51074086
14480882
5069546
8605755
29880287
7217571
22290553
579134
11792134
37910936
9295770
21366269
1234342
956344
16295500
24225596
14232612
42788403
6267538
44806362
44807187
15689195
9628506
982297
56689792
1739533
4263254
45539754
12169594
1694883
1682633
1857871
12827691
56698888
2188483
45341503
1656389
2368869
44171749
4263097
1779845
2306348
13377293
37620041
3014890
25228021
2499378
24587321
5396367
12086599
11654301
9863960
638740
12503353
1917500
30102054
53507571
2455449
28769250
45426488
2329753
6043097
4108384
9804476
5080233
21782362
4886629
271810
29508419
4277510
43629007
218197
11968041
14352975
3360333
10090723
21669080
2289057
1916239
40638889
9457960
1642474
15591599
2506007
22146885
11133587
31642536
3189536
6727591
7368301
18306486
3360349
42884860
2231603
39052181
55776887
2238353
18034488
32448237
20754313
4441847
10267913
40550850
2138486
19006131
16811849
21578788
6844647
38779452
26785605
2674316
1872714
13365551
82836
72391
11924472
3518982
26431901
2111160
28986298
10470485
30135165
5347291
28723817
58938078
19226082
2202968
2215086
30967705
6034972
9574146
4363383
42821867
11388549
3880295
4746995
2614013
11980898
57189204
3008336
19675417
2813951
47805365
2880062
7862593
5911885
880666
30985052
49783369
8470559
1221458
10039756
2649044
4586848
648931
5576747
900222
19272894
26438513
8987959
2886155
1887506
41893093
143412
31527671
2203857
2726774
7061414
1136270
30967625
44666352
9613332
4981193
4606890
1381522
3516959
16998086
24456734
2841370
1580045
28415394
2544948
2191355
24133890
368320
3066287
35253163
384361
541448
5965888
878968
9868243
11857589
36131723
31883131
5738226
16830090
33106359
759046
10891698
27200883
4777317
50308352
39956839
25484419
9408345
58553622
20655249
51787321
3612441
55383649
5014618
8990921
40128079
1767918
52298443
1186873
19245773
48956034
21651374
5340509
4439609
8901135
53432776
7963498
2483056
5620150
31822868
4502049
2198235
14103647
18974525
24164803
2405887
16078629
3330610
5597735
55158623
253325
56410801
13092271
2047978
42017814
1458526
25197655
921858
28434571
9465659
6139873
19181751
6233953
18949848
37771611
605714
48326568
48308535
187919
35452997
2737895
37713012
4877913
23392020
21593134
46204715
47068740
28985746
6435607
11437095
23147227
40338600
37040005
42659417
39119410
10739609
10400318
11078542
30046996
3930516
5000362
48229765
14187903
49334563
5451425
22671755
17187030
10817356
10174372
11160105
6085216
41870979
30823381
10663147
9365146
19101923
23914218
18527212
6173965
6958779
17319358
21650202
14735487
33482027
24939285
33576858
9717400
6567496
9511567
36869117
40378829
1565823
11541470
23232243
32909882
19905317
25354164
6986449
46508484
33463038
15177772
7469843
43835631
12644599
44790378
31734095
47685975
41789500
11218313
27926568
12765929
39597877
3973797
847998
5186233
45700289
22624358
7340714
23085824
25782958
10740366
42603429
21016958
22624169
39306756
37595781
55652214
13388426
33563699
19218075
58408428
7383200
2732078
23744462
7327130
5074301
12641900
58948411
50207244
7002000
53352163
44778530
36334949
18193889
6247326
15305217
23419887
1936899
13308023
22339905
237365
1117900
28126203
26248376
2019699
23739941
1724795
57135596
26246590
368995
13223345
57886828
22476571
19509955
30878
534640
9324
1570323
19736057
14000025
16310474
101457
10761893
2791047
6723209
498980
32986308
975594
33831873
16310345
16314964
1343581
5117132
717829
3066964
3726867
641293
45915
16309997
58056560
43616599
9967497
1860469
3388246
8129675
10525129
2061767
380741
17393107
3028517
31053
21674888
581283
25439926
412703
15390897
22810954
21647264
13309890
5682255
285514
8750410
36554183
15331844
31615667
85119
43140349
2485601
11988528
45289278
846170
43529891
36245312
886341
43692359
39311049
933515
39105258
25239463
241513
8158852
3160894
26558975
13725339
6633966
35554143
36466927
723789
9501027
7776556
2511872
102194
59955
10199025
20243097
3326668
36780452
15184555
2594
162296
29981152
322091
7044
23440143
420810
155739
170822
70866
643440
197112
48338
164670
31584023
54592
9738171
5217516
18973752
16311317
2499027
379210
4942006
21481963
3800972
11469982
797888
1407637
57621
173204
7723284
2143758
3966878
20836295
1739069
2390680
164420
77305
32697943
859160
63663
218754
2439498
1021764
9340318
40837725
16345498
58261
682973
19637950
5411217
8919157
433898
5653870
28478598
50045815
50040737
50015256
50043189
50021967
50015480
3116856
162567
2613411
53307
52951853
50054541
74204
58288
363419
26977166
797883
37789
35778491
209236
24219371
223504
19728310
953081
5990037
164642
54808
160067
40853791
1233768
20610164
1086244
981460
1101618
646643
36790066
16728651
30505365
17063939
3647906
19160096
33322373
28624736
5153217
6692372
8272226
46637526
5162174
27709202
5162132
8486301
6755632
5161973
1593170
58379
22468661
50334376
13292403
1525019
2625993
3478709
324872
34802284
185493
4760663
34969712
11174239
31528482
221484
3832701
8304842
168905
26146516
10779029
279293
13410380
5643937
1348989
11870817
2069923
1015401
166521
19271448
40360489
3371340
1827768
32027004
15669513
4910264
8548950
1302032
2674273
39357869
4043272
20319956
37983907
20700852
31256718
3985255
1860626
36502882
13440554
2899869
7732733
3878720
28575459
24241375
1679152
362258
6131874
884473
9731588
1333423
46270419
13006353
42486086
12441518
38494192
673581
27147203
17630431
1620627
7724282
47048278
7230089
6532842
20733843
1381420
4250405
1998796
2247799
12368122
4282342
39486245
5421109
4224411
50963199
25541697
41470614
1566878
51052901
38427173
680321
41202964
24009004
185446
25369004
742889
7677432
19852605
24946372
42297985
42750115
165329
1480754
1114886
9240590
302938
6119054
7034369
39334924
5424837
7640956
22397441
236800
42961882
2147563
10286355
242555
46501714
38042480
1300615
896022
4335081
3007993
5394916
28606
16994855
42338091
42732178
34957163
5186927
30848631
706315
8656842
24331330
1273586
12903344
2605072
13004364
35056679
36075933
800980
13718934
21131198
56233372
29560907
362903
13505067
7677465
29340015
36544537
11558326
31756871
33121
21752088
19954369
45315737
45629397
36615149
579830
22618190
23692153
45018747
1342115
6749
17971017
28685178
2288504
867970
3287921
41807997
47182085
9043973
52613646
4033740
28268871
5289796
48066028
5158836
14797488
20167640
50911188
2734619
25161168
36495822
795188
45241529
3324082
2121727
8623779
346945
1201602
40540417
2038838
37158269
398277
4496150
25806331
2412931
25172837
43248607
58956661
11983860
9385035
54067944
13553061
2140677
364837
193243
21053175
23169442
3357557
169906
52893805
270664
34821860
399626
242544
398255
1432555
25425661
286628
24444533
27140258
14334085
3232376
5447420
5260535
19057155
848317
2010655
10346280
54506466
51847967
427750
860366
4049481
41408839
277665
2380290
380597
16542899
1480901
3645037
2268001
1511596
30847681
6200864
33679392
10377776
10501623
4825616
47273637
45315042
24987329
17788260
4695410
2596218
1283050
1110641
811715
16191901
4188689
163494
47219
2146168
620905
4323722
39151712
759793
2916148
3190095
4353892
5078055
18461
3588945
64906
44137388
2831521
24670
7940626
39850778
1820227
2682780
49834236
50051138
6643948
559076
7123387
35773849
46619800
40791321
8720274
11301067
31449788
52790751
15926775
12676382
25530766
12933314
1218329
5145183
1212
644894
46882531
9940334
40270793
12586867
2658756
46316658
6666995
43726790
7535429
9554350
459936
7832626
47121723
17972375
3235283
4648734
14301828
2462429
19877943
26829171
9689515
47482827
3564341
45185885
56624093
5906291
34301242
3403833
6556808
6556867
11176257
8853626
4275789
28653
4288902
37710988
22266498
965443
15164250
28852965
6349814
1914015
28061842
24319886
18193754
392298
376775
47308528
4311667
12154712
12575355
39212599
14304028
20792626
9988
2652721
6765968
5928787
33625535
2182302
13992585
6331207
49257739
3887228
54138640
12501707
31257416
23945539
28009496
52201450
28140868
343012
39551224
45545188
632582
23900299
14956021
4957820
370864
39138346
19049020
143746
25135785
20327832
13572244
55711424
38694476
50098649
1083300
211675
27390971
3035197
28580945
37693793
48988915
19629806
13572312
38695945
43086561
44142135
53709218
1769393
39488286
31423499
39488608
294770
39488410
18900075
5290678
31320936
3209485
43674629
55502135
265366
39466243
37534432
5937505
496925
47093186
524762
39488476
2904651
2401051
44796268
36599083
39843334
34826192
40248538
40073977
58822345
46815837
41078970
12347905
9284937
496929
36180638
45397625
56616593
16696582
6516852
6101930
6100967
3187768
18948394
249527
179880
11487930
4079830
1406322
3244602
3244435
26652654
4277031
125487
9179093
75283
11522746
3958742
14314537
5435686
145614
5840200
1498475
12186066
16436786
9019057
3762065
242157
208932
16175377
10084913
334173
438677
1257003
1403777
17476231
2306576
22841910
11487988
19918920
19958682
19941936
19984408
1674384
43129431
54124128
19482086
43113650
44783798
40557956
19444957
415871
57656135
1420405
8525051
511837
27883093
13999704
1166428
36955282
28307891
52877755
23693769
3448648
52882085
37005307
3967680
855375
35883680
3273619
950980
27988565
19301105
26166090
2901418
49659014
4625137
20842831
42121317
21036915
43610489
20927799
6787342
22654329
22210868
19079925
51467390
69867
30856046
47037889
10307382
10762227
2129340
34844300
17862451
12807676
51387589
563864
44456481
152442
14140176
874806
54317732
4578860
12740958
2759832
22098466
51654618
10174490
54754776
57018575
57067264
5208092
58581502
176891
1301543
7894960
39743326
42290456
5994574
8830395
16810311
15328380
17381534
8962573
11734518
5939651
198017
31520089
263633
11216327
47234792
24225199
1114590
889762
15678821
6073102
30995892
2073816
49858541
18361730
9557405
44071375
43086986
720489
37187969
2402980
55799611
5388318
402001
436053
28131739
2976096
32624696
13539697
47148746
55462168
1996717
9211266
334858
37571549
37578669
47080322
49965306
1945101
15757659
50514938
52557979
52713717
19625980
56673835
56673845
459670
47068447
47086936
56594352
18180446
392000
381050
50963
728761
2381020
634021
28233633
9111764
4661611
54614952
625514
1725161
28708457
2640046
191387
26147
8224087
2523646
6943711
51132349
517983
3064022
915533
1143671
511595
33795885
50650513
1172843
38963391
1172131
348450
184858
10091322
8751403
8093277
7325276
17784363
56011157
47924498
742964
8990123
52266305
39066
13303099
21619497
41232042
15625048
1834408
7806787
13632743
43424443
6948695
7959344
405816
2514806
23410414
47102500
11256029
2785710
38761204
43424286
43426848
43424214
43425030
471861
615845
3528473
24062649
390597
6911288
17672870
203558
528808
1669534
31160256
27848296
41720812
2879824
2814383
54277702
4522976
25109034
73634
43302756
9408332
40451129
962547
1435172
33063577
10328596
5839577
42003318
2666966
54775152
20678110
33534087
16278290
4767478
45205883
51989101
658937
448439
27329378
21024938
2683916
8025938
51253887
19145136
9011542
1509152
2803803
5440634
28383285
51457233
4229439
2528297
2828887
41913016
9973671
43418116
30047241
54858478
40837711
42442545
6318446
23295132
28394652
35138246
14693183
7870797
4400487
23345198
52330913
43603744
617582
13305741
28877221
602139
3853971
12894414
30857339
32676152
11736363
12102187
1654347
46596963
5339017
17435751
7648004
41631841
46590042
40774741
46589055
46584869
3093305
337921
1739642
2312628
2431422
9975393
7441117
5206743
21494
34912694
22490
17356007
577577
295144
56794983
28096558
4872539
69322
53747728
217643
35139541
5390576
43436304
4249116
32156958
38103397
475671
18423710
6929966
316130
1263125
6275237
5108441
30863243
9461017
23466903
18017282
25219795
1325940
13783743
24565498
80676
1419455
35968770
19824143
1400839
49776357
4687957
36040332
3771003
23037
14855649
39793846
7248218
903360
4525412
642871
57766
3396350
16224368
53394857
48801464
12835295
23845319
589755
7855921
229070
9237787
30674676
13213116
308765
26738212
19680429
15209792
289407
30105864
8993500
33985452
41723875
39592916
31685322
13433476
8861328
31729867
8150709
13533
29154943
29155438
2384823
39395954
11364995
70370
18645860
306913
1752893
10721277
27750
39518418
49386063
3521398
49941327
23743528
4357001
2279892
43110373
37665946
14716876
185896
30855169
22661161
609369
46419264
1486529
7966
7268467
20390869
7103648
1639176
2024225
28003799
1041183
4236691
3032022
2148163
29256074
7850033
5152779
4160303
10417011
5792764
7148277
45681649
1789297
4765276
570124
46773010
38931273
31240336
36756824
51616268
404063
3977627
49513241
33403327
4325674
689995
8844881
8011
1687883
33480552
5689023
50756104
18948043
9569837
2965
18505697
5554123
2681066
18936343
2159752
58229
31680710
39916324
4455124
3152306
1097267
47695560
275510
4655446
54326073
2227304
10806747
44585731
19592348
1161176
9660402
25442646
7373920
3023070
4358939
13582676
42411202
11202788
9766060
25009854
12944978
7567330
908981
13618794
2217691
15754861
40796823
66254
39114898
50488676
26356439
32106424
3844393
3027218
34873955
44924579
323696
22065078
31196751
2940507
6678848
594233
19599346
2348482
31532592
17818804
859248
12274183
56869905
54686588
40401468
50391902
703190
2443987
56243392
2784736
24234518
41940819
5860095
850829
39910521
40324649
1747968
14261745
52161408
1840378
5681695
1094790
2177523
1015583
57165747
19219238
697002
29488282
40623944
2599753
56582040
32265163
17600647
951578
2355229
3011086
602489
26760941
35537499
27543342
22661208
42548856
886731
37892672
50200571
11772876
2310721
1284599
56316928
36314624
6527813
2956709
3659597
19329865
1068557
1702752
24105801
3221521
9023883
1625500
6165303
681654
7724919
11261601
1864870
10381782
2180102
4303321
5951818
2462487
1329938
50189
36984755
27616596
672113
24010982
34467906
10804916
38249023
51793268
49965092
35058184
39235309
1289883
23328162
990772
6286707
39255130
1071756
3512505
38711825
26183155
40023871
40848531
4448258
13994442
15760517
8713459
53631891
52921598
24821580
255928
49607
446072
40726284
863241
1868969
766683
21192951
33608185
58054589
46232939
68765
24442004
1082826
41421221
218003
2178397
2402463
28270300
10548232
12407
7637082
52335
1610290
16533
7015523
14191346
1737517
11918379
3669853
22228571
1227659
7525117
36863990
153750
1263147
1582959
18908296
1438533
27181
894421
2097760
18499477
424171
17234925
326930
10878833
33899852
413746
89637
3736229
2234919
142514
1457022
54277511
7723496
484125
3012199
9180166
92655
6902895
2299396
1358512
50781692
54284185
1284662
16806911
14888642
44753119
176452
53121917
44645600
89129
48514314
25434140
4565145
50863076
4553970
58413882
49187631
158691
54101151
6078350
2070219
58007776
29727099
45492592
41093862
21966549
7915072
23305132
161599
13983229
8246367
12687361
26508902
35013518
43848058
2456492
7700443
36512052
480038
145567
500635
12526455
619595
1157484
33111732
14272511
2456454
49119550
32308310
29402141
20328646
47590093
1047205
311643
133512
1110072
823497
27746081
8756126
10065168
47017632
15898775
38339703
3948376
39184350
313395
11354922
48289513
53451159
10846613
1082608
24083702
4296386
31721414
51405486
53452982
12210793
40052587
7938097
31560336
253933
44082468
35470386
9482361
50876268
33768770
29646285
15956768
52090654
31510359
21084397
19273047
24084424
20280310
4271320
25406585
1169386
30767586
44157192
31728429
52898110
57230890
5885793
1759952
1532920
2259738
46667114
21030
58040472
5195638
379672
33106889
14368225
77882
10650801
23619584
4284860
7287977
6178766
30864687
45417426
1641973
31427871
20930895
6911973
35441520
36986491
16192152
45416385
37930814
13295598
49663659
33334797
44265170
45041926
43635047
45267688
1316684
10065446
21574555
37375777
24329039
49989781
7518360
32051960
9040377
20615565
13419874
1183635
25430810
12
21347657
991646
323090
23170126
23148804
6677
9209651
32891631
10113
43473082
13998
15181
1747762
56718842
574823
39766740
19280734
22315
25490326
168486
758371
51147404
35965249
30431633
51047974
28891805
30844867
41207365
53046119
765430
37123
21722477
19476956
42271443
1272591
18993927
1745810
36835301
42187636
49644562
47534588
51211498
18994400
23460518
651358
5645
839756
16188822
1937081
51512
4137095
57426967
57392041
47576553
43040461
40907370
41701207
74185
1525259
49439260
56150
36822955
49398666
54248134
24297671
30871602
50632669
24768
42521014
637732
5248882
1847208
398272
56100877
2033759
471427
58389253
1684824
5896053
52331263
24775353
39228831
32064959
534887
684142
159433
6390907
10172453
3553424
247364
4380505
50559931
47362246
6823113
320046
1040165
3857577
1251533
601694
6704
5777861
183054
3398337
24340653
38241232
45195265
21776424
1006343
38488084
1996872
3978097
1342230
55962826
940236
441352
3258646
703150
37939131
908242
80777
3793609
4763849
55497387
38102563
36227514
56560841
15128951
381121
191429
23711165
714694
360094
60759
882382
16695729
27861
1090549
93965
21050998
31516
163174
19462808
2568296
31300528
55962827
965022
26039682
32516987
12582266
1944478
1136279
31778977
5006318
1054245
59790
35114850
13510524
18901060
5425647
5563057
873137
3832640
28199780
36372771
18006792
54717662
3040833
212614
2857789
26332
2227113
8954400
46479919
35210768
39795418
23299088
1809177
22603887
6488765
1944058
258868
6012301
2153531
27651001
5703
27714876
2227311
712215
18525588
35714060
9051251
27486065
27684
30299
2665996
25523199
1168955
150349
430611
581391
15931514
36038032
5733924
14942276
884659
182616
5828
25947362
1220735
49109026
368361
35558299
1517397
45705591
53307021
242642
842804
2888969
163526
10870829
393968
39762173
47646
8612424
31546942
12577475
429909
39352523
1459952
13070
190041
37033560
295235
27689271
3450741
7297734
19008414
1517711
810633
35861947
31427782
3137762
41925252
21742
27294113
21702085
457922
7008070
8306877
35076395
2178710
39941993
46046
182609
841441
24589
13804103
42132
43488
1261465
432692
21815362
34672213
3990214
35482979
11876025
206509
27182
161532
18830689
28737539
7469564
1563317
20960315
2311447
34216109
540692
1362760
3750412
61283
2784694
800052
1062243
38983
2473207
32064224
11065783
48153673
13343248
36829436
1864071
53805573
2773183
620110
41232267
4789943
1526274
11040160
46530282
28027
40451131
19954182
901520
18153164
19108364
21143941
1433512
38468305
28153604
50815523
252958
49886610
379967
54062514
32176550
52512463
5958428
41814248
192818
3208697
38164724
58453105
167331
29841185
2695148
42164783
6852896
52851946
45365623
42029857
47471219
2925542
273309
18875864
13017576
3655141
49186571
1593830
1580269
40471882
39693193
2397984
54757985
32421158
4660808
20916667
2048315
7776876
51717109
42377915
43525883
1739382
45082779
16210676
18400571
47371365
238231
1113966
48888581
1105118
171930
35354351
53555179
34761458
1646243
41742377
542746
2595548
21871166
41209067
83841
548696
44189239
1933839
42850772
1660318
1229600
358719
4101719
1197238
5694064
1013498
48050258
13147221
2424869
40901492
26807496
53109168
3409370
14250463
2968116
296849
40214977
4028047
2498524
26542
40832263
3274715
3610876
3970208
87801
9347805
15059
40734972
46805317
109275
56149776
51381396
5289739
42186650
38661116
28408218
16763662
52996023
16870674
4397832
47213781
14978930
4081186
38801649
58100140
4208308
7496229
9487269
11115723
8438603
5618128
29429770
10012638
14748460
31725809
970563
31757309
1615373
7636668
45114008
23275212
42157604
43444667
53671281
25168463
13578968
33165915
29410982
24771414
53330137
34975969
15756488
1721449
24891000
36456867
24457741
34762822
43455835
10252401
18574735
16582327
3930542
5140365
14039244
9564965
2133624
14868805
52259447
13707115
58520173
58459999
40704994
25224238
39279825
35021243
44980649
13577063
29409752
30983605
3121802
22434647
3656651
47943786
57215024
52258852
7269556
36051051
2974744
5849007
3832650
21321690
43802264
36452308
15929280
33824845
49886746
175914
1128090
241787
1423
9590456
3264956
52147324
27665426
1924079
24585936
19011806
56434626
38193
21920776
32024895
27292060
18763425
19058442
14440297
42948380
48489
177725
12739776
3332274
1986025
4953258
3946813
508376
35892192
25824
242617
4224979
271971
26861
33809949
23924111
8120395
1341811
16349122
303408
340304
7443008
11728421
32632
24464731
55745279
1273556
1049434
508127
2256463
14357666
43143352
895417
49638045
55383005
23227760
2897552
32998335
44238400
26725307
1698091
31348515
29716928
5745869
1912857
36908659
17315507
56774382
4349112
7613621
17931952
711230
41100630
46300199
38871977
13605305
977763
51614
6001461
2201851
12259106
29567568
285549
591638
10638474
5750673
39120509
159526
7417699
21026092
28916015
41461151
47287685
10305994
54444880
2885832
1555604
21378333
44605851
2453547
9078936
26446891
26652964
37090222
2867114
89792
285544
37689148
30865543
34019395
10324327
23943446
159554
48280285
49026556
11860888
3315213
43116037
12664042
41469307
635892
197179
276949
1242027
689628
208144
246891
247414
58505638
521555
26980756
16289703
53198
565919
6938453
710778
4024803
8199549
39993879
206481
496354
38776060
33054518
46853
1204141
54952331
20189
1279493
77260
34076091
51866949
13139823
2099307
9031507
15587087
50521
21476772
32538
58662839
26165912
56046776
4948059
27634110
8549840
9232555
7197849
18394899
6472499
4144674
22123590
20018563
29460532
8356015
722248
4582386
2066898
7696505
11148114
1558159
30801920
13086611
2931151
6131049
11537515
209443
4760444
612754
194072
43375
29753610
10215413
1016480
31027238
22963407
2975554
8678828
324063
52208545
63392
39219632
58520766
58988962
246079
31810592
2973070
199780
31349429
13977590
29503005
2903105
3660463
10015912
6865077
1570527
6162658
41149314
1410190
48941714
12805372
3205438
315563
27082987
11132916
12436934
2119992
348656
29069356
16838230
34488928
7069059
26593190
31184651
71394
7467982
21108065
58531714
6377418
30716793
1743401
55886
613888
1132045
7923601
38004271
4521840
44423868
49417702
563700
38250395
38401506
23605053
17230784
212192
18776633
1051262
15022764
20218341
3991823
33287428
46915582
10115122
25183022
173155
1722782
254328
35575292
12553221
615394
238114
745202
1213355
58558840
6011664
2165703
833509
14750278
25769050
3130789
36908
545562
17183579
32484761
32312176
55440153
636799
45425
45802
34327569
325726
36345920
1967785
27860462
2118929
8324223
29248177
8484001
2275505
366312
7586702
261683
58260963
176320
32786111
30455953
35136691
18617938
13232954
14449800
11042891
46573550
472872
4481195
22296767
230079
7879905
22305311
3791527
50351858
34832514
35086251
6298644
6468107
38178489
455415
199169
40712928
24823980
19962866
34066435
2926944
34517100
5736781
15835606
455400
28170078
3551421
636097
22945964
23144534
42551317
2822449
30131347
53613736
41138999
6299108
38675598
313766
6044579
42167610
7855528
407159
44877721
952466
40946778
39073085
2604813
45038830
58127337
20603700
22090463
44041495
15716252
1692373
28026999
30102608
49690733
28128202
40558367
36919004
1473451
1469495
18892997
11375211
317464
57701067
42793927
466559
48168923
10623
361953
974312
4064610
22459326
49090877
55596446
11303
661507
5260565
1800558
51110018
58172816
246497
2103687
57043484
1262
6400749
36982
4575
8421659
2880009
55833800
56039901
808418
3322157
18619209
37377540
25791010
27584254
26271687
18952359
6299
21478754
1013749
37485840
19085753
340496
4760674
16480472
11624
50072300
52175897
36365518
143806
197849
70432
52970399
1448459
251794
11491
21330391
12859220
449924
43494
14110987
11709
912426
43824631
588308
1173823
3058347
21650967
37168
24215198
50473
26424116
223328
2295773
37307005
1209946
486086
486077
1764568
1679958
12344884
2417765
3049241
451627
1371359
864759
10065263
53983419
12359871
50010391
44497669
24921390
5118841
1831192
26504149
992052
57349999
1937788
1873093
65071
2445030
6648761
34025698
25182319
168907
13859138
145171
4312132
27944246
150463
17220077
25330949
21052174
19878266
957837
2243703
2595389
33064179
38179043
33539154
42500254
36534480
471937
1237259
28270
485826
41566166
54289075
528739
22197912
313333
3884751
2736240
28755623
31074444
33685985
520421
10357796
46335
19009041
20637639
339202
5024233
56990334
3684864
3840912
12514554
39704556
42635731
20647654
51968234
49047979
31771
21132268
35274542
2437200
857633
152262
32664261
540570
28557692
13915228
1860362
877389
20019786
194624
497433
40045949
49650283
179382
25834175
195545
39593409
40080096
8512558
36527
28540612
23448740
207009
29055038
999521
27148727
46939774
247274
51512556
6839210
710419
11193608
7362957
36081816
193132
29090677
1785729
43638222
1634245
1927308
536993
317034
226109
962509
2088945
45602053
40288582
48057222
6499187
1029883
1596177
48909804
1848675
30840200
22379656
7545639
1789
21490957
37069865
241617
44196444
1967468
88358
699687
152368
23180078
29104979
7398725
32251958
726338
2950845
54662741
10615780
263153
1723726
5648807
4946600
26959319
34703724
35387320
3433583
52001646
5146517
12383110
238852
1810126
4625024
18066594
12219528
7454874
12284
53118642
37212142
97383
10621538
31636714
47663700
14844613
7963550
20751766
2599262
7631171
17091424
207217
1088921
20533905
46223972
51355074
7104
48713575
1481392
10804088
4565834
56329
2116972
9644048
2054502
23411016
17102818
191010
22849642
989897
988414
11518297
8311711
23152654
23910198
1836322
32843806
14966929
1684332
4120613
12127081
21173144
4436466
1122675
207147
49942
7520928
50547234
3221635
35246903
797295
13532475
42614948
18560708
6335095
10596308
23572897
2162079
16290254
21920672
56157486
12715480
23984073
20068769
1886383
1775833
659127
20766938
184462
12732486
9493909
15290834
28492764
19376559
308325
3571058
21741292
21087456
14019723
40287983
18530384
15751083
17424491
2308863
21973810
34030559
22731132
5132523
11011716
35144225
31671732
3572873
3572564
40251003
12846209
42978493
8748613
16065942
24476925
299650
28494743
420883
21852334
754456
54287401
18167517
54136173
58002341
35201815
18369157
40456042
51686675
28774768
28774730
2773067
30347791
13884307
2649685
658949
2607670
17854511
28774783
26603063
28775629
21023
28774530
11692067
23883848
28491964
7699479
28491515
3573142
23227844
28496274
28491843
28491793
157430
28774553
17958409
28491682
28491646
28491632
11842067
608427
28491570
28774849
28492218
8229755
839903
28501050
18925
18618754
22731121
3572309
28560876
19963412
10742016
20772843
1223450
24301831
49518961
22851993
25662170
659742
4711710
4358686
28495436
31204984
28767230
8758480
8479134
28772019
82058
28772681
634267
1164274
1251635
28772043
819227
9622352
2263201
12255197
22735141
7112992
51300873
44662223
2960562
8972748
41190833
10597476
14690169
1898784
40262073
4918664
31227735
1833034
261396
8111088
11468720
1945303
5948253
56296491
28846687
33204960
7299174
1350293
2269546
409824
174601
469691
2407427
10055
28144485
1116229
3325318
31497818
13633
23651133
879009
5396848
86646
11614089
13690547
12069006
13752228
22017217
29450481
3329807
15577279
21538638
39794410
32390160
58970
31648824
30320952
54823754
41294119
8906973
29618210
42212889
185843
9760
808876
246042
1589282
52478650
51972271
39206015
49448841
30748391
1849730
1886956
36614449
37739033
28797983
87334
51957605
26447
27741601
46446732
4270223
29686919
22611599
20951201
3392541
51971257
18404712
39301
44660882
58020172
19292099
52644421
1724859
51292018
65786
1078
16938566
1168923
1186999
6937423
42005870
27390335
35860131
10254190
1354657
38689728
10435184
41452719
44168294
57293012
1179329
4466834
1564246
32981478
47737575
35942440
38062
21802138
35294077
42489358
2784585
8365418
1567270
5031333
57522070
57030804
4749814
9111795
44721606
37713
32921174
57302964
241261
22570146
7119852
3473169
27443918
3812728
52730909
1287642
25686
18247304
38717141
55986224
27515984
55864683
24786700
27984466
3213407
4845957
5502266
14280427
590524
12238892
4147502
1202989
12348366
9372358
1603913
17733441
1603873
5301493
15709665
1674865
5366678
16718966
727871
33614408
23630347
15354388
5721479
1666316
8615290
884293
7676441
1844932
5778583
43069098
54746
9368161
4594421
2364390
2042558
24332168
8060971
8259064
8274026
190943
3105461
58432750
35087888
37826410
173387
44264111
1632214
36060326
33244271
169482
56522
2688034
30762076
1214879
45067598
27835459
12347700
16279135
16319446
13462045
4988716
21487390
57295908
29853670
3689073
3226818
57503665
35835705
13704154
18950825
2482029
39054226
50375882
671729
5211
43970763
33955359
2210064
6673432
3022106
10532933
34634219
4305070
38005076
926219
2406845
3592846
3722176
24624
47418754
196556
2062997
25532
42206
33757003
44467211
5641311
38784809
504014
37827991
45527564
38393177
51607642
42986640
52847635
52760908
43435317
47544706
43912217
51617251
584894
28127236
37233028
47417845
29613006
89732
1431051
56588660
27662168
30477724
46880097
46893699
21522903
1173346
45594346
11137542
29402308
35608259
44342304
51902477
44390632
33110904
38911962
4820896
24630500
25090564
41162464
38466004
12488904
8355983
2075350
29444637
9998156
28814343
36850340
31569884
9285415
4041366
53230170
45616378
8841943
44278249
23572929
36849151
46315570
20610197
55979268
46902526
6131412
42724701
9924698
3144642
52144995
285918
28807360
29643755
22713904
34345985
6166592
43086661
654343
4378582
55747055
5508956
26337113
45604181
1575223
48757588
48345834
17951536
11489895
8343529
36552488
4031280
71246
22626782
27867874
7645962
5074505
55778717
826850
55776382
22523618
37126120
962224
48674068
22879260
31347126
31570362
37114403
44282314
1631358
12229873
243495
4048623
15873877
27538168
31124421
12314286
22742
37106232
51356522
31569955
55735745
2069374
174814
53239157
12237724
1963761
44716989
288400
3877101
261479
38483998
43964576
15795297
33068101
45602626
13693806
30856471
46802668
5455223
46453694
54407335
760571
7714239
22706403
31449831
49633190
22976479
11751835
27380272
4682515
40712105
1007642
22886513
8468017
358837
12284556
56146951
19892899
29489695
51855532
52273912
907924
907995
382074
27197114
8092763
31162962
56153527
43824323
3096130
25386608
3130315
45995
5318270
58764873
239038
8704220
1178500
2946110
2136854
25680096
35971170
35973879
2336141
2604
67039
6453717
15498298
22508780
23960842
14030025
426433
6973815
7368905
422948
6854110
8498325
50664621
4723462
408083
19997989
35212968
5179946
366273
5498814
11295077
3500286
3978080
464779
12532834
43110864
47573732
3251022
5100937
17353312
2376278
9891243
37264560
33365410
42734050
12905296
35933999
48350405
38673321
14269616
28685458
34164585
5155293
8408885
2026112
17583989
17220334
6457329
6903459
8885941
37812175
27908366
39199983
894198
28689141
21892870
26610144
48900325
1972288
38240436
2725360
10702868
3615684
15510119
4635477
42861897
25756277
1440257
5593595
841877
25400790
22415560
3882879
46287679
16761344
1551912
28377258
17750835
2071443
49280110
35095526
12293814
30871229
38248921
259162
10781566
407480
46186824
49100052
4608390
26966900
34905537
45454328
174521
46186906
33895291
20197040
29171859
6670771
54345655
56009041
7131295
39649787
1535090
469799
9758356
22348485
54464558
18401357
37772265
50229733
50824537
22861361
29100672
20857
50702025
1537611
4231766
10067585
38885156
994039
23800840
5377168
47162524
5799310
37862823
4595738
3674206
3973669
31727026
30099659
19251434
35934051
22061297
9928955
23572959
48254824
13764215
40050529
32781309
2363474
3647809
28996343
34275855
55776438
16394101
2622964
8646876
18685301
18414743
923301
26210425
7709435
1362546
57843484
18416376
31427966
19677967
4725497
36976336
38855508
46186851
18198290
12978137
48253668
8333073
1945670
12391016
1137269
8101372
2597872
7760965
2276409
214934
341395
51496520
5275828
26989304
51234170
10694718
1082645
54691944
1849152
58833260
7500259
8791241
1166525
3240142
41712158
13449413
49342193
1064
50682752
46319
4487
71940
18684057
1509614
22158007
51013185
1171085
323990
56465
1396491
6700
163617
74225
51346
5930
604727
1566948
81945
1287428
2807891
36806
9501734
48565512
48542637
410783
27975608
21831256
952258
2032590
46470
42845342
23453085
19030263
2792729
5559192
3192331
34575601
58811
38869
320092
4566432
27988307
409255
171141
288420
1135529
46593
851640
52242549
8565007
408703
57208620
8075353
57079
261456
54866690
56315
12505201
1635646
244680
38393
1401183
19958112
48705883
54192700
242786
22479
51258
541808
57561
55602
31289895
1082973
40255664
325663
8768043
1208398
26734584
26720883
2831333
733668
23616449
348942
322105
11687693
219545
54094280
3663656
82420
445914
716742
62784
15890020
2455842
411391
50245
13873779
240717
29969
57947
20210207
2454288
46576
54863674
28037021
49396
30826411
36858
857957
3152275
5746626
34471680
160832
20786042
58283612
11264248
739588
3319001
12630111
17856380
51023476
1164
35891416
80732
51884528
191145
269190
3929318
7620324
1651963
1006293
18950050
16263779
1824836
2645238
84130
402048
40885
241649
37438
1532719
7423263
7039
13314050
26102963
12809970
37488980
54974049
12653051
40625991
7352745
31383175
20756967
42290411
33264144
55906881
35749872
50952451
216410
15938221
1065253
52457041
937347
56121990
30628775
2384061
54577423
190837
26996847
24778033
54683549
11347
14361510
1548510
1548123
248189
40254
13305402
12941407
16068922
5734146
23218263
25309878
6724915
33762888
2100075
14773
3424660
12458808
3948917
52169921
9931974
31640999
32144185
13882552
49330192
54455228
57337795
34150484
233488
53802271
5676904
56737564
28531802
12457518
44195492
21599341
14218425
3531649
2466610
20542082
213328
16981683
12561091
55567666
51682417
265816
14958673
182837
1678822
37441392
13675124
30405742
213354
12117968
41585725
2675164
1014170
38212767
360066
980971
2073462
286947
52563216
29301
1456863
2445180
936821
455771
227053
52082659
22166774
2748227
5307239
659757
2220846
58565905
12261835
2312170
51777886
22618474
9017838
56830451
7426972
9017582
9017587
7423555
26328591
1648534
183952
58463
37263123
350239
14643245
1182550
413522
59701
352453
536197
264268
53810765
698858
80230
2344016
893432
2937476
520924
15378707
373775
13117577
916552
5895924
10974032
1867849
79425
1951498
57260
469507
53806103
2894782
243718
48597
14712915
572393
5252915
1168875
1901396
3659771
21402762
349636
14992556
49938148
37060345
884781
21938697
11727138
30516155
535805
1166229
193688
4241965
2086634
609079
28238658
405614
75838
470488
974099
5020872
13481097
46996599
38068501
43512313
1774930
1149599
664494
23902228
467731
9110374
1151989
3982848
52309372
37993
147728
165767
1088008
653173
3329836
26779825
23624536
36672111
57785320
3263679
3223939
24813796
9273237
5969588
15459738
2079855
37232595
36702929
22819973
13615
14537318
53912255
28414748
21188370
626455
44126781
4046303
188543
54838
5742067
31199101
6873384
21193982
4292072
5987
20857581
17751264
85342
24709684
4949083
1486044
807570
3997462
765457
569315
37277820
5645320
32310124
9848870
5260053
61260
668710
15427832
481098
3653720
37591765
11519537
46762634
33324563
2495757
8251904
18990011
1112273
397175
2377120
58091895
11072810
58028753
1055835
21223842
4007815
16992
22391303
2120798
22543360
18582230
19104225
23417661
17810899
10249946
6391934
245564
1033013
2195504
3132996
6002168
27254488
11528924
649208
1097424
33633277
18877738
2204906
6043761
1533815
1744318
1715797
2079074
599950
1287573
5788503
55466999
34843874
13281058
39455923
1031711
827230
1144736
8463546
12766389
39453576
7764539
11240818
7627342
262346
13454001
20179023
44490414
12098142
3609568
4929533
7359319
44149694
6444831
1450596
1994147
51613322
17252648
1200509
21703150
11406348
2389983
7675110
961216
45439267
6800181
674969
55562717
42731755
262642
1139538
1252792
1653834
11870490
7713450
953711
33206989
45560521
19826930
4578282
464961
10074706
3854094
1963125
347518
1890510
8846258
8069383
2082608
28999129
15245727
342694
6107978
16153332
51742
297438
5162166
2276518
3204419
31151974
2144707
498099
3167304
1305468
12537650
1117384
14713689
9269044
29152133
13322429
1311345
13166330
31883460
46391729
24969166
41022888
3244622
2454057
4921530
29159801
25672641
23524335
2145737
3717865
4318300
12780833
26492080
8440563
27700483
43697683
29150445
2810508
8907566
31779376
53695751
1368771
30519041
417667
14839949
23680598
14202412
20669382
56555481
1845933
48834009
11445391
44928
28771274
441154
12387916
23292269
1182968
6992172
14231194
27071205
31520260
635972
16085425
994402
52926700
411262
34310673
407847
7809745
39115796
4648028
1940864
43425279
22836400
3599560
46197187
15075360
18774101
2703758
23291901
18924211
26971
4687116
14353087
2526409
1683865
31307996
970063
508190
39050184
55501605
55443995
7732515
11405579
14202698
53226622
16934413
32935348
1511110
12388598
1147423
2592450
30888454
995666
4606248
10992586
2653832
1134910
30622791
21677860
2834473
268267
10114218
38641116
664462
2358399
4457545
5835281
10752598
10542070
27070776
18987332
2145996
2279816
2279802
2616214
8387718
11647590
12339
34036115
1221403
11913227
4709391
4775999
2026223
28371325
1169761
446223
89242
8202009
10438744
12843792
25175105
47708797
26877229
25175288
25174711
48812771
25209688
8160680
41083964
25394605
382633
49278771
20943396
9516977
19983315
38950795
25211094
33708419
18771661
49435114
31120858
2257802
40440471
39510164
33255803
575920
14146736
1877429
1749134
24157019
22553956
55829448
30493924
22438135
580039
7923922
2501981
396550
10403211
1172521
5826943
591492
4991627
1407435
44819733
2512082
4987382
7715559
1750677
341107
2946521
1022822
1751119
45515
43688015
49399421
348127
4937086
1635014
1457128
7291099
367831
197963
22405935
858665
6748280
46833807
17401600
902789
367835
5283781
2250488
1139275
17020599
5909011
584118
1022801
58128495
48782332
181586
37063620
421981
1845001
389689
5678036
54431983
24386652
55617869
26025764
210545
14543
6587138
24734729
20182719
3320853
9675622
17065840
39314328
5267764
55180379
25557935
1417710
17856623
55424384
8264048
153392
50825029
1300528
659359
8340480
23838445
40272
43552948
58959917
25493759
7369020
16659679
41722640
44362658
3683130
173366
31472958
20335379
171855
251540
53544671
23671111
14553
14551
12073594
68040
2168581
10162367
23947154
46536012
42713269
4954764
51462
32059083
22990397
35127635
58489154
40400006
630668
1204311
55287698
25017503
54891596
265594
18097527
33448681
25854285
20221001
8730871
140864
52094170
13764124
49996145
22293052
13741562
25337099
52480700
18589981
2548300
44814319
2435980
36660129
46595
26981085
21280576
191490
28064235
52094190
26699451
491484
51726771
4883340
5903973
56024352
44525303
38235410
3656192
12740323
1600053
48665888
8743336
7650988
16796181
360869
3986309
24764949
15925983
56059315
13577532
4096680
38813617
4504020
18511470
6221280
40649646
42480973
39021261
1614708
19553576
1876560
43272706
608992
48900495
9722260
57203691
28638
669367
32087471
1033036
31859450
38320678
39300642
5317680
3146960
51292589
25776762
44138773
23638717
18527858
37790925
2670885
54588991
5804111
7515092
12048084
560504
260951
8934486
26433872
27530648
8741390
54514165
51175616
48818401
19388266
7242855
19223687
20936547
48289890
12048604
48537846
32643742
4602639
41873350
48758578
3796407
38059558
25065963
21734636
30001277
10085369
48333759
29215831
55773021
658978
9840408
3412860
17751137
9548656
8887281
12576201
752817
2736748
5577411
1827853
30334538
26878766
50761997
5786309
4725686
56512633
33910928
40276437
319452
4564483
21755777
4096551
20648399
14488873
34883804
21091341
23958175
179693
41251446
47926999
37739532
14632070
5654834
614362
33762019
17828921
14673283
2466175
35860455
51383131
1553619
14985557
34351024
15567387
53359814
48306929
35860319
50629235
677012
334819
53824793
24385095
33971306
30863414
49586224
14481213
51090022
51999459
43755631
2413599
53476296
13707411
5208573
812017
31069009
17464348
816196
22261770
53346629
11244193
28257096
182028
44420131
50113382
910240
6785536
58455575
17530714
21381027
22334559
17771946
8614421
39933524
11701328
17274138
34972991
46371486
1252264
15962283
1653629
43755483
13971
6701184
19438137
8650560
10842216
16082
37993763
11487544
39456556
34547608
8606735
1027308
17752037
2055363
46323769
22812406
216283
39293751
24068456
17753000
54519416
1096701
41797102
6177364
7106109
11189631
37698602
908300
39243517
18697849
32698086
928469
37330270
33219329
19109883
19133749
22478426
37319566
49391024
4623561
28674214
39288405
30664861
2470336
56612227
1058491
29101593
9363085
31275529
6333917
22812772
34837898
571630
13622823
44298853
13584579
57251116
44563152
52774663
1633840
58457690
53522128
21021927
305738
168313
4428815
5351687
6674505
1876127
1876158
9363689
2602564
38540045
47526866
1651462
9387972
7909383
4405107
33413026
9082922
1490017
40054681
1370229
8593160
26019103
665738
533789
1476307
46728121
8305325
33579785
11373813
5824713
665728
12282720
9111849
3260340
13783148
780087
917126
37292180
1065009
24500545
15900261
4406537
17002524
55140166
31048745
44282446
4007014
28777181
24909010
55149364
50220155
55149055
23586975
49372034
28690546
1087260
3811999
12720638
49384290
11260982
51605846
5975027
20592794
44047584
57629199
58843544
52598474
45531556
8608
56063348
56056561
13694208
6723837
54209084
603121
30887280
29800121
2219088
13539483
51859143
54209156
7346229
49133302
276909
58882539
101600
10194447
1208386
3588155
47490844
15253352
482589
188863
13411097
1374409
5133058
858424
47488215
54441030
49394912
35742703
36984479
7842233
4630125
11448262
20987851
10837310
415016
17729026
53354629
511626
47378095
50314793
32672803
56953827
8531172
40341221
42318629
53010729
20219
13590511
25615280
46531324
36709000
19179678
1357514
25207831
9801523
11946749
19343278
51616822
33835047
47757024
11330015
2147251
49545883
31562046
24455791
47378041
6390798
42224368
40057861
23402198
1265269
50348837
29816
14541322
6504692
2072925
58718985
58794547
17062218
74007
13549505
58306941
32410
7528474
50479735
10082867
16343705
7229650
13655564
2046140
1262082
37750391
37750380
37429137
40527383
16961217
22901345
39636980
49667687
319040
50771526
37750372
19716646
4655399
51503229
9261090
37248295
29780135
51510936
38851393
37750360
4992509
5823188
52554451
37015539
26298245
54148975
47510852
5577048
1249122
33303769
239918
26082073
32922694
31846074
33974097
3783126
15105978
145193
2239192
3955851
5488986
624684
5957245
48315392
22526288
15047743
9469448
25991071
49673538
3652290
31641080
5047550
26756364
7799719
3368303
1592240
9124629
1233304
1168184
422838
387960
26106741
1039873
1698415
35352220
31312600
514932
9785037
43794841
639170
613505
27163939
8305
6341218
1198465
57152515
31483317
12527238
22891207
10374
34008425
17234445
4849643
6503287
434110
11985
9178719
75378
10811192
41310602
1518227
496944
555466
14863
23456179
3770189
2822887
23470459
41932658
37631089
2361505
10288698
19083749
632392
21310449
18456
450998
4240949
44823474
608935
2084219
37159631
1699819
25231955
976531
24566
230752
4261195
60709
1393519
7154403
23193
51543
35063433
4096360
24478
1221296
21703900
1839743
2847161
9032902
355291
19417078
73490
26975630
54540850
14746300
1104379
17731828
20211917
1137997
1913558
2033659
4425708
29464167
5126859
26753
5645845
143856
6532409
26009616
1904682
3012337
14795435
167550
27133613
22946621
100824
4978374
55339665
31143541
1189233
1227905
664811
34509791
57117434
3032466
16908902
13366106
23714788
11850475
22632609
3708604
1789504
30862561
2406043
2174758
26247429
10011626
25245841
27144883
11268796
2597318
33734529
26492643
23100253
12465661
25658231
20000436
58942351
177483
3800363
2130
1251240
37205291
4804177
48759821
2660572
17741443
17102646
39681327
37522784
7531564
1408731
41390737
584809
5709846
29214621
16639868
373182
30531158
28887813
14073564
178942
453596
38744396
2221526
17149192
630795
369910
1151595
38558185
33926747
40650173
46198562
16313813
41812810
190485
31908016
24184340
23406517
593683
773685
48764749
284685
9980550
8810712
54682673
14329
3376041
211451
19682205
40857095
32642244
6984332
2270385
56296406
34707843
51123
2241273
36283978
5971202
285554
1347800
18761837
6900144
15184165
56296405
13444712
20458
1038052
22438169
175308
36266017
1488146
50515207
22926
8676811
28872327
13187140
49699377
7772650
10034332
31353545
23276306
584224
42072600
7303657
11150813
211430
26789
18885237
43866742
6275284
8477540
11586417
52205559
2559736
37037027
57478241
23767901
7409986
24180533
44237411
23926474
18363988
6768922
41813255
10698020
51505501
2137031
53658842
172526
6156995
43831935
29133421
6320392
40095131
1236189
53015
30730141
7763396
10833249
24984217
34881594
24106777
56779902
1933002
4878340
2026459
18723302
20535140
1132739
36702
18053430
25211329
36915
44225499
23723295
10658637
11547871
24133165
9490727
23694367
12545991
1193809
1480650
4519044
13968485
7165
1697993
8444504
2044298
3610259
9905728
712384
6539646
21011109
210433
30247481
4742408
1323462
8884
1814699
1138526
24481686
25739612
770084
610989
885257
243421
31165062
23044955
383728
3547357
8021088
2455462
13461083
18938054
16401464
2784767
21960928
3163442
1933935
1319189
405304
2452325
14732174
16522290
250466
240347
7749214
31815567
1558634
3990044
446536
48167905
24386914
385946
9454692
24368119
969817
10499965
31409896
429063
7488220
148099
148121
42307809
30672962
167020
7442526
841792
98141
1137338
14984069
26352160
3251497
34596784
26621214
25120842
20765964
144135
228566
889104
302278
789667
6608522
19398801
18236097
310051
9036007
10423650
1895870
52723490
21699369
35492680
344859
30872739
19406892
432001
35200138
39462053
7603861
31430253
173096
25247489
19779851
72901
15484687
204406
12302627
933406
19483366
17067709
5669042
7670949
210093
3085396
5210080
236696
2776504
34504807
995952
4613465
17141740
52765834
41050117
255514
16448388
68062
51261344
13462164
4783935
325064
7587495
23220176
7761118
182607
13727892
18323093
1788567
7295389
13752176
11634588
307326
87683
2658000
1913128
3910427
58039
22576725
15587594
48393926
88238
29160892
19738253
8410294
653401
310802
16407195
17116371
41744045
285031
3051643
31142766
455403
248309
15347883
453968
44719885
276586
22953360
228568
1860558
1775896
1255078
184854
147847
380097
329488
1544359
50388769
33995954
3026169
4426474
11068844
206432
47872613
1881
36719728
59551
38782107
1411670
48991
55806219
26062515
76095
39303294
3957
3832
1864778
16225929
7096766
9668850
50229728
787669
6309363
11020713
99260
221909
855789
353880
9085773
2465278
2872472
52763886
37803
46904771
28092714
40309259
13581533
8240
20741256
48669473
3879106
179339
5678514
9633995
5517287
337178
48932222
1727363
16093772
3083357
2327352
26693897
39623516
8938738
49498935
48013574
33835821
33681647
12856145
230846
54033073
49346356
37385753
1565418
41781828
21159292
49332474
42039658
51781326
39426017
11177988
46845117
14317754
56620192
981627
50371223
15169
4029769
1335032
52759037
7371802
5631083
45079721
15125
180868
12487988
21319682
44984115
6246985
19908853
41846817
41492431
2187986
20021276
6114756
20836
31727578
7008015
36836451
19547
8175072
24796807
31724035
32803322
42450301
164701
192128
28225737
7539756
44360719
1134198
933193
17868936
5239933
8394061
212724
183280
56239873
1430291
24027107
20854492
27155424
2562742
47287689
1471151
23129465
31589156
42371917
43789645
33026053
178848
28970397
935530
28679709
15281517
149281
466798
203505
103895
39169323
40002031
863950
1510897
164601
30864493
3613832
44185600
292470
192127
103326
529709
2169442
10063162
2055335
38781217
27264742
1172710
5064328
2077282
35004358
43028857
21244047
3170274
36886
4915708
2341411
26094
4660306
44147061
6587771
18374162
13988753
43106703
13255875
273463
66491
14655489
30872141
3791787
12522268
226375
34269896
26669239
28421250
30860480
1002066
28766
54189
95157
16280135
1829102
58654779
15669418
15682839
255562
9875904
27138950
33767741
42844086
36828758
602942
46855625
53626404
9357540
31278320
32797556
1105256
1335047
40342680
177250
2489512
1118008
18935020
2633923
1983854
3127594
4970176
50998166
49321495
3848809
934991
55827180
235247
1008869
28466005
3557556
1681971
3453723
339562
48193
26989188
31297385
2559879
6717182
15161720
13000675
41776880
2817560
164332
15518209
13307492
765652
1371321
18938195
12535980
48462950
405803
1822919
26141345
3826242
938586
1558421
39217270
43390516
466042
142259
2149224
20028453
7157319
2354244
10327607
24621
38973655
60125
2925613
8412860
7334837
1331064
6215466
5215779
390698
34658815
3305098
738235
1980381
12385458
1548475
5586111
5208230
171211
6742937
49833623
36786225
10865561
49334572
1481470
39783343
56822533
7599352
14208917
43853813
57393473
1862574
238893
15229303
174252
1127639
1969927
14332112
36809948
378212
5967984
6034513
4457435
20546113
1682480
1848891
9000077
2453966
18667798
27994073
3287616
165439
15096272
1134173
1125762
12550241
30808264
9897266
52142710
26298756
14303790
1942520
8948543
45496715
1358956
540098
20718494
2182993
22703423
49833293
4884616
431845
6490247
12536792
2060750
1291588
20553720
3276554
50613718
19910219
4359672
37750795
314139
3499728
27210569
2780760
4967845
44208988
5207309
17543518
8782458
2956764
1929987
10681572
57622421
52582597
43971447
2488782
29016342
20337088
6933854
17832313
36074487
11057839
27645253
27646456
27646414
36239264
863650
56036362
47357419
16761905
25714070
169980
22419340
5980367
8752515
58109649
46950372
53872529
44161319
46802208
28925587
16330070
6990003
35953231
3778
46862330
55487307
44543003
32064024
7870501
35783863
11078726
3626165
14311
47112529
2152
163629
937508
50328514
50016
55167907
158879
19745240
5530848
16113082
28380
17037919
18816152
1249468
2290164
46350265
2456307
46093
557762
13914360
1548731
1013336
53803795
41812290
1707613
320711
563697
3441472
5740294
11681558
15482915
3418464
1562296
27423862
45428940
197003
1405023
841521
44223089
42222409
44237394
43246718
23922380
231156
27466224
22711940
407732
42510944
31160993
35868775
98957
49114825
299309
9797150
3979884
219217
25057451
864
1278449
1954257
10672
13117025
48538362
26073072
25589062
35362259
53479510
26085319
19902556
53355237
8731797
48582
26716006
38587552
35605738
30978391
41012184
19988207
38606045
28805894
34814189
34410745
35002945
19162979
36981122
840023
47578233
46549052
39021271
40582521
40994853
49475874
50057988
45437338
36431067
36507730
52999472
16852047
54375556
2247288
22745060
29021646
988326
24313381
10637082
27334304
33928894
2245039
4120340
3033580
38404649
2663645
2493017
3360218
45287496
37239367
49922048
593873
5813875
6804939
4342129
40484044
18765222
2015787
52998967
56113458
27274204
2095158
635612
2776352
286636
15698928
2503603
13011
24764198
31294650
54057718
57755958
948208
768632
5908618
9375932
1225765
8516571
3033764
415978
19092390
19182784
28325871
4209512
24916147
21014293
659827
100821
13927882
2321001
55693280
2929758
13093426
15584433
29798106
23540958
16121726
11604823
1844155
674483
43386313
1152274
183728
649481
206268
14724
1798443
17343536
15656432
53692
12149529
8918212
372478
30928846
36557722
44955199
31459790
144048
46899473
36575629
54811649
52149572
33237954
16184732
18949461
13541721
8841353
58489289
60731
27004619
3246877
33184014
48402268
2684375
52847
73536
38181580
384857
3736928
170594
1704177
11169494
372656
9418
154076
1325505
175717
18820107
25176229
842701
473065
210085
21514028
209950
8766153
23708609
4921223
15754385
23713433
4374325
174653
8340639
81842
39052370
83597
232445
83491
708181
699908
7199355
83932
47657384
18960210
2209985
17404305
57937346
33945945
44230352
16772812
8639734
42257284
40665875
22185742
26336608
17405361
26619607
38792568
8527359
18481737
34617070
33897930
10395902
35818365
30770358
17422873
34636886
52787464
13794465
2112836
44499956
45088316
52730084
6002317
6002492
39719022
11979402
3304549
9738465
10795015
6422341
12416558
766774
3120054
1744532
2418529
23218407
10799117
2033002
258813
323246
413066
2889929
5933707
2228958
5206914
56189045
37397201
35683946
25353172
555539
2890012
2890090
323245
2067198
1739871
7945692
35189349
1133087
57486047
25489423
53511889
55260693
38448243
25826523
57843562
24338833
57684198
40330401
56619746
32787412
13214335
44398132
42812566
4884359
45576625
10558149
1678827
42030017
44448617
23956012
149840
6746841
2528209
6202008
56818423
14655547
50059080
301517
35005007
45018071
22984515
41182505
9002010
53453086
7003478
48918470
47988234
42116207
2304685
42932714
2849654
36303864
46957104
2104884
3248504
3257715
53631933
54561571
26557726
6698584
38737833
41955805
2814961
20262480
22101371
38899772
28243884
34762267
30522384
40831051
50557074
22509411
23866980
22393242
32326216
21726908
32834517
40611289
975506
23695445
23695457
23695486
58697735
58414058
22101279
31222359
52661501
55829791
42788160
37294330
17126916
15500557
51738414
51738064
51738302
51738345
51738599
51738388
51738450
48752551
51738322
51738515
51738550
51737840
6317953
50761753
15022410
4685786
20359562
39134375
21707750
54237191
261532
6751119
56436008
35814145
36786807
22201812
25797440
444483
42190748
5408726
25456072
13317272
42730925
50275743
42747932
1320033
36758112
1230780
25396193
12759973
518965
14080344
11166568
41569064
18785198
28921857
6169101
38403646
48395230
49601079
6838285
32163901
37027243
40603534
50820776
50602154
17430672
23911031
43158098
20759927
89087
7357791
2293331
32997464
16578398
23107267
33913682
36762409
655270
40739607
2370625
6030646
870532
28718220
14245193
49021304
24732346
25009393
26210503
32924850
35850940
27714014
57380479
29052246
54450622
50447550
57884168
38715838
1719620
30908524
16077721
24678274
53368983
22269346
22481113
15880127
9962115
929658
8190595
53616779
1017350
38621152
36107151
420026
47611637
1704071
1870205
31064634
53204918
12681822
24702826
29438874
42625080
23657670
6086219
36144925
13517137
50355196
40028032
26334957
26619560
5391822
35563221
51156073
49928085
2605392
24748175
11530661
11586986
734516
32823526
17009946
32778953
2870042
4274985
11117031
368032
22577681
53924257
50883655
13393727
33760922
40011898
28580772
6562849
31024729
661847
3439051
384721
40352406
2693417
17741112
45389345
506242
56186561
53765909
22439678
15040304
6920955
5340195
5814918
48846063
11731576
11104200
816800
27391711
57644682
6905585
48810986
1755912
46382167
27338862
25566775
57714558
48351308
1877298
40352535
274341
12141251
31277017
33534717
46341387
2977702
36702318
960531
58253417
13272867
3950096
49010479
57893656
41224195
26100401
16438617
22106001
57520471
57254772
940136
37041486
21583171
15594926
20336465
12624446
4467490
8320742
10453912
35283807
50021514
41751087
24012494
16175492
19074075
226528
39395549
9994968
38409561
2163677
36364201
57688902
14116905
970936
37516032
9717620
8317329
7875632
41577183
50550986
24162778
58333063
9468427
16646686
1128095
28897913
47908376
8001411
46214736
55521343
30086338
23681160
22748742
8525985
27195554
23671991
21375567
27877228
32485720
39250235
50513964
31490364
57940897
58820579
24210112
35963426
57544710
50324313
1498482
54676495
5186299
15532317
42096070
1926728
6190171
22626618
1225185
33838843
30334654
9152479
41399527
31371053
17410262
8240992
423343
148108
17307573
19101749
23540498
32240550
11851787
33913233
2210527
1970102
460710
17135408
29994737
32004157
4300660
33733427
3280372
47481546
49513
30114151
45324522
58792923
7523119
2463218
5734027
3531463
28405951
48593246
13347581
34305558
28194222
26785258
3396300
23942307
52304513
5943533
36621495
31964774
56822397
165442
54347264
35662960
20840826
23018954
47104732
57241082
31717127
40609378
24112829
336920
36786946
48687473
27713774
28199254
50197854
6063844
6167820
42376669
36324599
27341810
30779852
4111548
5274321
12985832
963848
947187
23602577
37732144
14080204
5253997
30998273
37825719
25163520
1161710
25034689
960256
8526082
38018005
24133614
33893036
8164721
54103650
11017873
38700056
960229
38878064
1676527
46601087
38853956
39372120
304492
19863759
26901652
38423740
25193817
45049106
12538304
5753127
15607539
50241752
5211597
10256307
58896864
33862362
22369615
4085084
46857627
12429732
13524569
12812359
12521217
57647026
31063143
12794936
47372671
38991074
13054341
40784799
48084927
47128725
33546671
6139861
46568171
1452008
380015
1411894
11056991
10635704
6471563
8583165
10962882
4435786
47535352
3685714
77060
44263754
35912969
12308997
5116483
18626487
18208725
45259
26366005
63942
35789206
66981
10064702
6064646
11008433
71481
24255
11388020
13621696
48411613
46422201
35525473
3410731
39958236
10298849
5033792
18008681
6751214
15599815
9700447
34155460
37302349
29526330
2798554
5281480
57131508
3255345
305791
30040694
28198697
28198763
522160
16788231
7840300
1358822
11928230
47641071
18226044
4132583
37257608
1121041
54984435
54984482
29680190
3563258
12108459
23031100
27677649
20333538
21699131
2783104
20377631
37571162
43692331
19922225
9797520
26595236
22207814
48500250
1727515
54745343
14084047
25701488
8967483
2047221
582612
45475787
5796667
12842287
6680356
20349224
8649012
15435871
16819687
14336171
5664113
3057884
7268161
21905326
6170150
153868
2427310
31634837
3524933
13361564
28714964
7673
4677189
40836904
42159303
7015490
44440022
1904062
53674380
1067453
1446987
41157071
864629
433135
491637
22901859
5028240
46879648
44230322
54437187
2028361
309492
23794697
7223148
7749545
44446060
11037222
1867248
3388182
33798461
13115232
3613508
17382629
9952602
1134268
1127239
468210
19661011
29468419
44984143
44244983
30847153
26057624
332280
3068698
1773789
2511314
44329671
55460373
10383135
74844
31481228
7359961
16063277
3369884
44965375
44416679
29448757
152643
266717
3440324
1693417
7249751
12040277
25948066
15739
54655788
52749666
45125289
9412160
2277747
49940392
32973457
7219621
2263161
16602031
45048311
276453
33532113
2511306
2516291
14101032
18965791
54713259
53385894
45266911
43118228
27570125
30373351
971236
226186
48602667
20326049
16080507
3036498
269013
6082750
55049290
750990
1836932
55058386
902661
173759
701780
27196243
19960341
2636347
7775525
849374
67028
19694995
23794469
45464759
33109
23770249
233763
55432796
12603238
795184
4281933
7109281
17366870
22694042
28541155
816585
28132286
4182276
25669698
31878245
3761565
52918493
11267248
3837120
26184948
159178
28633695
43998814
57861138
55298410
55298353
55095244
55011116
58361584
44108339
58209341
57826609
58373829
56466287
56466570
58209391
58186858
40184179
1589456
6011479
2089573
2279059
40628217
3497908
2846742
191871
17625608
12207550
1022784
6098140
47441489
297351
336573
40557916
11887871
6544610
348010
1070821
13550416
3557545
2084088
49402
2259277
4148813
7706010
5209574
445871
1259693
19893613
50731243
7013578
4007705
14918746
22813974
361565
851600
47393379
443297
3502451
51390526
2435018
50528637
58387761
43762056
4870492
11288017
3025243
51264492
2120896
25808103
21481353
12002825
9845844
5542719
2940023
46924889
32233397
186330
5009711
102075
44570238
4058023
1262498
536148
3776540
12965084
2090795
236293
39751285
39465229
40217748
5375388
44119181
12987205
23889105
18212580
975556
11008592
172118
14206086
7322279
33693701
33692932
8916012
51637929
1977946
26659481
12405175
586540
51892
29715583
45500631
41139172
47177297
7967298
38689657
8212503
22574864
46204680
469219
21706789
45515325
42560364
5546799
1250200
990682
47368648
16785103
46566967
58074429
22368429
52317213
14699823
51202733
50792180
53621617
5700
13245803
28897449
9171866
1069085
53468003
13105196
28517410
13441970
20352744
722082
102435
20544663
58164
4758272
3794822
28486049
36074016
5442581
7220469
4111408
11725948
58297806
3820404
1459061
2100994
7768706
43473648
23815
49400474
1938450
26498194
53860198
1868752
336801
41555141
22384287
7692919
7623184
5478880
1075853
43599356
4145433
2593015
21434041
162827
162483
1509004
3712698
12814922
47010708
33736529
37983840
6577223
29658115
12675756
10193761
31127872
10423718
153986
20595739
57233998
4431
1501424
16579290
24514641
22775152
1256058
57934744
50954192
14641827
57754843
43036911
57931171
3553108
54247804
3613631
9315917
28230743
7757161
52584897
56684417
1311923
31752020
20886085
9613948
43654761
35646477
56703375
20224748
11548684
21071990
4674001
50820658
58855988
3435093
24026346
26790733
59009481
42196734
24475525
10396687
274834
471009
36187312
39315849
839046
38777351
9998569
31115724
49082
20071599
753143
57733147
4449607
56802878
38608764
8288124
493711
1568538
35503727
37703810
21434966
497442
7971671
331200
493609
2066968
493680
1784854
154156
31473425
21356853
10117762
10420424
25304413
3248244
497736
958470
44520788
55245197
1641741
493621
30327722
11558737
33042705
25121909
2313137
1883030
1223515
10859607
52801717
5013797
21449819
140946
56406788
35466713
5116080
35466237
1551956
11064761
8624955
47831094
36009407
22059439
30920137
977576
21359163
145699
497082
188399
703527
1176775
57965596
4020048
36747392
1259283
28266058
15061726
4512580
3660658
1882924
31571052
264117
231676
2157582
18985156
56334489
3716672
1176748
172424
488737
339784
19176448
319376
3133617
52957931
24255878
162834
58434
58809726
58809017
3293804
502661
26696343
68897
354296
3142697
18362338
1223429
497479
18110570
54100722
31646532
53742050
3042117
24979152
8573477
851037
3822302
6641591
39830281
471904
24155136
2941701
147699
44513135
36552542
168315
43684704
944390
20611455
59018590
31205347
1977460
2231360
4104136
40185688
11893182
22943462
26080331
38960902
41502632
106121
4079976
174095
218406
42530390
45261139
21438855
22036467
18841893
1128540
2235613
416487
730219
1404963
1723031
339806
365989
1408426
3159548
3159550
4374610
33225526
22529145
253192
15131007
10547434
216060
11703016
4753845
8357688
8357441
8357562
380699
2113557
501699
27728267
39681517
24169642
41463563
5087962
48870052
21813
50893130
2793551
2020047
4481996
21911
14775345
49783474
24168031
14016381
1235428
1309360
15559875
7037059
4674463
2358665
5615349
8625424
1705172
3159632
5701516
3462061
1075352
1972173
28438
14615711
8357912
8357938
8357779
4417202
1889702
7719357
364128
1380550
5816558
512519
1140805
244207
47309
21267040
254067
36472897
1243208
36069631
3873527
42980569
632815
490264
13432836
376094
1890951
19889183
9708165
414154
20997947
2250267
28316278
10835164
14005652
21557335
3706186
3926700
8089416
3606661
3834640
4438668
416041
30864060
20909913
18043938
8810538
28081413
10447042
10691989
2081057
969582
1248306
5493764
3240789
22267358
2990560
36083794
59064388
762913
30861570
1059971
58835071
5446005
27311020
10464178
4270585
3240483
1959481
44760009
31720888
4270750
13930401
1530163
15289883
37691826
6929328
10834989
2045408
27704766
2931199
44368976
8808790
889959
44801784
780439
28228337
27640408
13611249
31457737
1703475
37657186
905119
592625
9597328
2025919
18172435
2635647
29003841
28321140
4256943
13684709
92295
44703722
22888367
34571283
25707106
85012
6761160
9036514
27700678
5319227
26189304
2612067
13295404
28284189
51971
5790663
8003764
8805458
3052185
1597736
12335704
4056473
4698763
3188555
1015276
1949812
51011418
5258267
37217735
6799076
30938738
36137938
45360430
34599106
47978259
55281213
3828101
4120428
3442345
33738454
42593323
54561694
58634283
1400112
1172075
45408913
5196013
36157311
13905729
30560630
39837408
53565874
51463845
47035529
4777027
31548212
28933572
28309165
51613943
38709224
3015154
39720226
41637110
26564680
18106865
34602753
2696227
19497914
1624
55990818
37010462
53962749
21873986
56222580
30387768
7011416
27578780
51985312
51652848
48573378
39225489
5218247
6518251
468881
28769054
13185171
57829471
9590840
43729023
5065635
34408165
46732099
11744313
10406283
38041961
7435653
10406139
58437698
34086763
31340080
46349983
12720481
35748204
52049156
57829598
58368695
35349255
5823420
14410591
31497742
52921267
44379723
43392151
56151569
1281404
3816298
4461559
4135462
5716358
6075394
38370436
38370863
1568255
10544727
31033664
11030993
44431989
4432889
38691785
4884413
13699825
21604168
3612839
23980277
1035260
2527338
28986680
17495410
29545772
29126966
35878712
20094487
11060656
2057613
15951256
38629805
38291817
57508647
48417818
2813694
1732027
24332012
30494091
30725945
5512359
12810234
9019791
48516637
12605336
6778942
19820709
28429211
18342959
1571112
11222838
11222672
20039600
8706374
40089502
2962525
20879178
38888692
16114797
11970676
11223357
11041200
37230785
4135328
3341625
9428198
20475421
36352435
7166963
22258399
23889410
38260891
56742047
4422045
1273449
6036484
5008563
42691098
13827576
27905098
3045771
5603273
2056926
15810485
2023529
32820181
33369315
1754061
2247167
2818630
9805435
33921619
6133869
23782532
10879350
47145695
33923119
11156123
38026052
5854867
11755904
3600757
8023960
1229471
22588041
23917365
19381675
28057121
28815812
21612281
35373913
33924730
31872490
10590351
46410981
29459698
46391052
14640470
8991355
23916003
37074077
34643427
910510
6389443
1099750
1740515
9555534
30879910
44799490
28236391
46305964
43382267
1377779
40927640
38969153
22589850
31871246
25722142
24459278
1270954
19239275
1154528
11093813
51973703
1512693
22728705
9628483
3167371
13352877
5361285
2482918
37491536
37491535
1115115
5514206
592649
54012855
31871333
3456835
24480411
13080934
36791359
14238290
19359617
2998304
33925075
9755379
1107284
30209783
6723112
43045471
12296922
1459457
2986191
38340190
6812961
10688145
30113252
22818536
4949818
25243391
2638375
7142581
50658789
9683069
1407333
13332445
22734155
49017767
2416401
21439832
1007316
7685799
22540578
51034937
6680055
2336041
6042987
15625711
17972717
40002504
3245825
1125213
34432358
9509754
6843825
9344650
19642176
18369614
2046889
4704262
7017310
11520089
18191998
4647260
40185983
19722727
19944722
6909315
13365219
4399148
2982587
2707412
49453893
44060747
47994253
1033501
4918137
7477652
3920128
4578844
8866413
11302247
2638406
10270677
10333664
6057699
5095744
1726988
23745577
1270851
47145058
11605166
1428827
57233599
1846042
7702920
43270447
324035
8866479
7477373
17542056
44588904
1346147
5450428
3212938
7564546
148873
2593595
19686362
28589092
28275530
15637562
11816898
8866295
5757370
47382877
43733870
2333090
44414693
10182256
55032946
22131141
7872053
34563481
48224845
7136331
30440975
22237621
616830
5734427
35588934
1562041
13357907
4960742
19428160
21722325
2326529
50579282
4686383
4283581
1646101
3119866
17437728
27686730
6174083
35970706
31871470
34735506
9853976
47145135
10182781
30094177
8866485
613367
24539476
58221946
2623689
5835557
23964801
2754244
1488747
12199843
6995018
27701073
51739516
22599854
57431287
48915150
4553111
4505464
55664839
47145454
24833896
47146014
933953
9877361
43381722
5526841
47145498
17527069
31871429
49373225
13739250
13739290
2037830
6098966
6336286
4960713
8198494
16755243
14256388
6779663
2645142
50802966
616846
10078458
3873328
6772026
50066659
317739
20761331
31871300
31871367
9665636
1008926
17437793
6072157
33936742
12416159
39289994
31872439
9010996
7017768
20023215
4791784
48322960
29604056
19080667
5347312
19024092
22398906
896205
53140352
38740119
17047048
51348440
31321921
6779459
22604689
48324507
8866453
9364828
12756225
5767152
5056995
31198919
286308
29583226
2797850
2484421
1115491
13773394
2799921
1616232
30795298
13185261
4636464
9256157
3580975
3084058
16382078
2964933
5916780
3199076
7941175
41055662
12532087
9605548
29929784
11897775
31872544
50910631
19069268
30101154
19860456
13185231
782762
13764090
17657193
58410859
55958721
47145960
8866267
34843877
25556697
33424439
9625836
1937453
8967012
47866349
13178533
29581219
25756696
8634850
24458831
28968736
1335107
6073540
3201716
5032774
1701767
47145946
9987462
7685943
11730573
2399951
504292
7477207
8518671
5791648
31872629
12504829
611303
14900127
1871484
21505803
3795075
46501970
31872334
36094169
523030
33587928
31454236
9331690
22589520
52028981
40003233
3463698
24643366
191383
283205
30277771
1765303
56831523
7802484
6347537
643422
48626507
38350128
441942
43024825
22639885
3922654
4571402
25586668
48338044
15534690
52853172
42686438
12187328
8182743
4545731
36245064
2511827
44997912
913125
685186
36092394
11624402
33154613
12094804
39742945
5620515
5356681
6445961
24762271
2197030
879265
53869104
45309329
3039701
10847832
39498321
44852902
1001861
31023245
1429917
20319762
6573959
8457216
1098416
15002498
8622750
673347
53272665
52168015
4588631
32158773
4150342
20686116
47827278
39963351
44335443
21906516
35036073
56420291
14216674
55315539
42716245
931195
40787685
575919
10903333
49191299
519350
4487106
8451583
1359119
1653818
22702757
33063483
40891686
12768279
429118
52715832
295461
33273693
8329918
12799449
10028679
8712578
39042103
237901
41512271
14817052
7427191
37125418
3686796
4522752
1295828
12439119
205789
50172441
2122156
6711594
3908644
31919373
52723963
47739844
2905368
29791519
24581735
16978403
33783068
5909386
14333666
1327633
7949484
28838419
9862956
22784865
22509376
16319400
4431932
13356640
12540221
5859116
15563818
12540371
39955238
12782996
8873294
2026065
8742596
38918176
21582153
23674739
52827956
52454538
55871133
7830
11323667
17951275
633842
4491426
3886002
1839443
11196728
7291975
5138573
364448
364338
1252075
19653624
35440761
43838560
84444
46541440
30691483
26475183
8597838
15750156
798806
32499074
45167061
39026596
4894504
9350671
1678630
9652149
436149
22884334
23820760
34667701
298312
