4875080
236137
48270077
13588294
40159185
4586751
40617207
18621022
9545865
11296
54537018
20832383
93827
18421797
3466353
399978
32583559
15034861
26793028
30322189
21525
29090677
8438558
47978099
49408003
2667092
146075
13039200
2040912
14894552
42043844
1268981
2438941
153499
18950641
147020
68554
6834103
33198537
30015782
21545039
20975422
23889410
747239
10898964
3141410
16854966
373677
24971228
25850274
44660077
15515870
37781855
31922162
18022644
1084968
24494046
651576
478185
19196455
47440482
15063531
2370329
7441023
49664061
17468235
24808275
42361762
47862742
378436
19574596
2494084
2831247
428502
41968699
1346128
1004399
4350411
777113
40864952
34135821
1010901
46721106
31993628
1554081
18364114
974924
12408344
530013
45346083
4443701
28689721
46756823
184729
2698420
477822
1840387
726604
28759087
20995534
414144
1703365
12530019
52309372
37993
51080253
12192441
24941996
18802137
17317254
6907585
737834
30777141
253830
30627910
39577126
15928614
1140356
18722789
189037
7623176
1443956
17452177
26351000
3212386
3906419
166394
53836551
4015896
36904919
18906408
45449589
18284675
1789835
1742971
36151626
12235163
53349949
1632473
18368400
11874234
42031171
45065219
22016518
189023
27303975
34775619
31180466
3751384
3930540
3821985
31300555
14018896
1879435
13872332
2262965
11568969
5931
28579986
53700777
12489103
38485157
1519026
217324
5004001
997680
6490834
41863605
59014515
33242198
53670711
1569145
2604726
1141675
1644698
21496931
27364911
25663854
21479645
4329772
52757304
2978833
47390498
245089
13225048
45705591
53307021
27340647
9481518
1763544
40476521
36708486
11022353
6230660
6057429
35605527
53155436
31493190
21463614
11209462
2064628
52076433
7191296
605111
7915674
14670246
1686300
672915
41978562
1519027
25288890
309216
15525857
410851
52715112
46610219
2433663
3381519
22622358
12646543
41725244
4673346
20023618
45417893
1751142
5375946
34760961
15787684
663765
13088437
3930560
58667546
10640543
29475492
27512025
49986510
53700734
8294978
1403831
432986
788074
24022
26592735
491936
56628617
1572175
19337262
632990
39671195
23758579
6140080
2180007
16732126
35197077
6704750
37002564
13531511
16759570
22589405
1350961
42901195
16752887
1095574
5303278
1028100
14126388
42335286
35620181
28243188
43401299
22702381
4161298
8581665
1274169
37744064
1240348
868983
4186400
35859796
23261720
15882816
29020782
3737971
43062065
8194266
8933822
828050
3549164
44574
4441182
12661386
30331394
44980566
2354452
34258
47066384
28230819
2667110
48624755
667459
5709846
314708
5976304
10203857
234393
630795
775985
154076
31603136
2325729
1180710
169409
50020
18679103
11896446
37894683
47789
36492686
12325586
31086918
14591595
150497
25779828
25768195
14679256
16232423
13419874
179948
43569192
46298840
16150918
6692852
2973525
44798929
2430449
42551317
42327240
27374899
42599874
96009
26694387
34155657
1115806
189616
35099461
17188187
564387
47826069
32871335
10921740
28753616
30529507
2828828
31929137
29077318
42551894
54169309
47487156
30666854
16856484
163131
27135557
35696873
990505
2432280
6848104
509648
3045014
19471586
31597238
17439110
17179765
31615916
25589416
32053787
34558159
42551122
51586709
11460017
31462743
904644
1297132
34104355
35177195
33861351
27136410
22578538
54301172
30454498
27097736
9732389
37185883
30474192
36545753
13965663
240151
30178155
1976507
56485450
47681665
5883734
2869620
24750968
53885627
14242910
13517413
21923250
10351300
10561486
43167539
31187276
38669614
3993162
6116473
1632100
7883543
48920504
2240117
2307516
25966126
38066149
23814275
40428513
41255095
37582017
2647692
3299753
42867921
29389624
33908012
2033124
24915176
36241395
20205669
40586738
11184991
34309044
23958987
36580111
7130043
1331205
1675265
31133908
2525513
26594376
2211075
20522454
2435958
17400606
2976153
4255637
32404879
8079935
6126073
959928
14545901
23451727
50760281
21993904
3127290
24709967
42036667
26473982
4482733
22828133
40171564
3107766
51797224
20425286
995596
48565485
320319
5027266
1490105
41277538
1079108
29064845
22637302
14137325
954700
1808647
1897262
215301
3337195
53729624
7238316
36037791
3005924
58259766
45232
14981994
713491
675911
10298339
51925529
11209715
1331222
37336804
36252202
8458091
31597672
25014312
19163780
40200665
52764060
38846481
10544631
27119432
43189139
23013992
37664302
489929
54269854
54309315
26180228
42060990
20058880
20383842
2913396
16410116
20333432
32252355
23671166
51007167
9369792
1957138
32347696
38065980
18103910
35913982
21586713
34959780
13473037
15652543
4114339
28409956
20813519
3460422
947147
7091096
26677054
50411261
34971715
56049876
51274713
6377723
35102301
33551345
34029697
48406586
473707
4333654
27642792
51840278
53170054
20844067
44692735
14793188
1756554
43413398
24157036
2109450
7310685
43944871
33026432
1621152
4430848
55815782
56641206
40695525
15372091
714220
49274043
24552712
8798132
20870982
8599174
57965941
604206
54294473
25895460
52326449
13881758
35661491
38035610
52065773
32478744
31243767
29568340
53964869
51121727
51121754
35964502
48275205
920695
17136547
3118241
21351802
1703383
35747545
8924857
5800885
7751391
53883681
7397545
249894
49261732
54301639
34962815
17441523
20864896
53952031
24985318
7261352
19330429
52752713
2291307
10713504
3508232
53044507
35695335
373775
52177827
56449548
24282148
83543
11643218
35668259
21747957
572393
52171258
1988889
4642616
193688
3690642
98581
34268389
18842002
1485054
47017832
42097977
7249858
15375328
51052147
11096611
18412940
45222539
9616118
49509983
14816699
15408577
51577460
51208889
14898680
17536635
32220374
35422516
49833412
18154414
45114008
17527994
52097205
35444814
22882732
44952055
21614663
34861957
35781654
34298963
2282330
49541440
48956474
5882960
75319
50019630
35732759
49518963
34931708
730219
26454867
37250593
2519512
43973893
2776063
2104839
24814303
7174634
33140807
33426918
234514
494965
45475494
855214
2696008
5630138
36509603
42185430
1004372
9841462
22649956
55479257
15865362
13767434
24547268
1352911
16274863
143559
13049027
27659267
39171771
3507309
67060
7757539
1909939
743012
2026603
51696564
1051346
10796203
4607636
1040367
579393
7125210
2858584
2564834
7760163
23555651
5760091
29540189
19411977
15342540
12311723
4325775
4183550
804255
599738
31504316
47258014
47258007
47158025
1204662
2414781
12756225
5248591
26791268
57875
1636042
429552
2533480
10891698
75660
22425760
288170
4970230
29004624
165767
18437342
811240
304947
21704106
42723490
4439609
53492317
4886790
253875
7836937
3919574
53810765
29343046
32550532
1872297
9006854
18151616
12347828
29201097
1390765
38993353
14509284
44217023
31701664
12315477
9421673
11506327
8494515
52360724
4237776
3746058
743937
43881386
81036
53545971
53506646
4287403
3263286
1688528
1578488
24822198
52835581
23274966
26883388
4611384
20935882
4072963
1652602
7189249
21019325
12873937
5617659
147536
763076
21062422
2891901
19688546
900138
458673
4383978
52994500
11722422
1506024
4251151
9990477
54974922
8339883
10048
4956676
1364892
1150115
1253471
192070
7088707
3829190
14672508
14403
578099
33289070
15251461
2182002
20888255
17544240
38742051
4667050
1541301
41404633
384948
6525423
31441311
22718
3512041
23865
2193092
12420975
43571955
483010
1817669
1362038
7810153
3857299
209959
979272
8676888
53653910
12293209
890069
474905
14273065
19437874
271940
2198678
255468
25185313
50015065
38029471
75982
20328570
185370
39490943
669886
1101623
11270161
7155421
7560516
1377246
4482716
21017672
501188
9744337
77538
19719185
491962
44915117
204420
17072794
170734
1721778
22414479
19279495
1161710
31734
159421
35953746
848451
4330211
4891283
5778583
56608328
9084787
27159493
24215936
46500642
454390
2364390
332308
847903
7659331
57494492
50918386
780166
49262267
262663
51478252
11258382
46717397
34817720
790153
53513858
21609264
13609856
50263768
14898683
3935481
28286527
488743
47349607
21734496
12337960
50800008
54186007
15865418
6690902
1532239
33029440
53437370
53559951
12319714
219736
19769058
29171859
195768
41678169
38894374
2087055
42676
3160300
47401261
37441
6894544
12251552
763780
35319154
55530
371486
33345837
67869
9543027
337353
25792395
37784287
33029517
147699
44513135
140946
36552542
168315
43684704
944390
4512580
20611455
59018590
31205347
4884616
1977460
2906945
2302400
9847565
37438427
4516
17691242
25174653
6198403
46747816
875883
17198809
3331179
52822695
18766553
16535
1009912
17199306
6064431
16951645
33109997
19099472
22677497
821829
30321101
32145
21347855
13607876
21368588
29601856
212495
40800690
13787882
11281625
29660371
429711
40164976
35922455
45037556
14878724
51160400
32762244
35054121
414280
47725880
34742169
35053327
24942179
1044860
22405807
35053706
24131651
487691
2316321
16428905
22500506
24847830
2055021
3284724
34371893
25098885
10511809
1496493
31487496
27834694
33391979
35053994
782
8556500
20630639
3481430
32669847
26221772
49014776
35053849
42470802
19305173
11823793
11198040
8950713
1185832
7141761
414341
23885020
50553294
4481131
1167102
49592814
9812712
14777871
34303274
147728
52430615
55855537
147735
13053378
695713
52928676
2478754
1559357
609096
318895
31250843
2894782
53738672
4459336
266717
37634667
609079
52795867
3460869
1324749
31953144
27589862
28117566
326212
4955936
44992690
2278852
3983198
555748
2120204
442749
46373107
50376988
49903401
25940761
1573182
2481830
1146304
5966
1083155
53631009
53547575
53951
198725
28236254
3183830
53758947
46959461
44382343
24590863
24546490
47075289
414262
9084874
46712182
869123
10721076
31505928
44413707
971658
16637675
56334495
9330715
5127022
14229233
20275416
552377
37599184
5963858
46633733
907007
47365311
25254818
47792672
6090525
42137175
2835132
48664343
1154739
3396759
53181902
463734
1053470
1018367
3062336
44449911
8416361
7250472
46627764
5348493
52648208
6662384
2006241
217773
20646704
168340
5838030
45017791
16079692
205012
37032258
38946504
3488015
45299420
55820463
12528903
44310442
5789301
19167644
2716323
3938382
44211984
23853763
49276032
38233640
58854518
1340479
216928
46472051
588004
27034390
4432524
1140327
1552902
56255412
38547758
75649
45115728
58416472
2897844
1420134
25385178
45466513
52304513
56937061
28216077
6277941
5053663
8317238
32325835
15455549
22787623
850915
36602899
8893368
18704936
2047180
40746239
21554765
46543004
35744465
55614920
52622997
4040810
4186213
2514679
2070264
8883686
28540829
1658867
43412452
32715643
33903003
987776
5910375
27900696
1228836
1035527
158015
44968562
46432926
1419729
40859174
4220024
1887793
52637128
32986308
33590890
3825580
20788600
439102
2124647
37084399
59037382
1694947
1691416
9522157
13160
43460961
39960839
51619689
39726510
994259
29629725
42756000
39462690
961611
10755257
16546820
27296049
44633234
39726497
25127160
28670861
1228845
28758511
36275424
2795105
1860493
2181522
10115432
5651880
15324793
5849798
33081453
39072365
5816356
34043903
8920428
24067532
41176103
2404514
24383905
31680061
44489313
21660702
747450
2588424
1347993
30085312
52834702
3497882
34998929
40914252
25708157
23592835
21023189
52484201
646966
17759060
43088733
3045765
28059034
34755680
8747053
18524213
23964476
17199168
18250963
9763317
10089924
1575921
20957023
26306673
30965266
13452838
2548300
22229429
5199941
44077799
2833358
27936530
3188645
1134910
975906
56256590
27100391
1785007
25933599
11343255
3852040
1345904
21701935
2575028
34531785
40361030
8037973
26756642
7993983
55278620
2056340
19320268
20239633
43082323
8846730
2967217
57977373
309208
3835822
2012158
3268252
44252790
36324652
29963762
774201
6875153
944016
49966987
31988811
1409767
28298521
3457511
2256996
81462
3472397
33908421
12288189
4144193
28197439
2721837
1131652
12575167
8644383
491910
34824025
31076991
44269077
12922941
51235563
14421904
25228183
1759143
38748064
37307060
399231
395477
57381748
5234177
30819190
32750328
27857931
1616002
10147665
602919
1699424
52889231
11045825
2484954
9883907
4496929
18212463
2608717
1274608
11952291
6031565
3931181
39309020
18326581
31733565
33030860
20222517
4306087
3152939
7791809
32424744
19351218
31122595
18752098
7743664
712694
13300826
3751448
4741946
4233295
45109282
45109418
45109466
45109809
45140628
45140742
45141204
43409517
47318131
51155913
54718197
58055066
43645096
45360784
51180390
7885
59071154
3240038
30874794
47331303
1035512
3418548
29644598
29205022
4862767
3371378
5477219
2267142
11990673
29083972
5748931
27747811
3519323
7488411
1393614
39711621
1565117
3365863
58849799
8599392
3890445
25736494
15207557
1296864
44065328
6960094
15077
7502807
52308828
10399227
1548529
42664003
10475148
680772
34135889
29930733
1054825
2449384
1412321
27953456
1176186
38602899
27342006
27926425
892490
5822088
3591169
875730
27743323
2458914
13774615
656548
14019231
22420946
48001011
27881764
6782394
13412771
6074785
1800
1269618
19218324
892484
5048486
31638472
52145166
1524792
562788
16359715
41327903
20731515
41120920
57330
6818
26423397
3965931
7974163
1437871
805912
20922487
1552348
28570924
49643524
5322154
41565521
38712998
27319964
3193479
22039839
45581555
55620453
2566171
9023184
42057779
235562
5568077
248671
168986
2016515
275216
1578822
10951718
41621156
6731253
46487800
9673106
58355851
545909
172474
1846075
19723734
1110611
841074
8114777
31389849
31726668
34368888
1228380
46979531
33761202
81666
50049335
10301769
5568051
3821220
44605563
2311577
968834
19970230
31125032
919504
22387585
35729944
35730359
11657118
26043051
43599962
4523354
15956136
1877503
38424
1184654
47865555
819051
4217935
23273803
40953309
19251328
15774217
2283073
32448781
24006697
13359424
35931172
28140141
20205810
27715743
36396440
6734912
18996030
2803916
58707711
12182817
28075327
12605900
37573545
37652432
27882664
19641943
25696562
28483868
35582465
27720802
36040580
39630259
43012349
45084733
50759715
52146859
57658984
29235954
33619136
40371505
43012561
36052352
47580637
40868156
27965440
27665681
56498536
10398857
19399697
36039693
20443180
180778
43425634
9725828
19958528
51083224
12206603
23067669
36048508
13554964
18285836
29563712
30471253
5426404
35143337
27755625
33112477
36133894
39511311
40755935
53091089
3431177
26984383
17993860
19487459
54155117
3352876
39100165
42926838
349340
17890060
2879891
12989259
36060112
6414650
36060292
9937798
20294887
11671828
5749667
38233039
25640565
5239306
65211
2905825
1549780
27334455
53970988
8335236
2096702
2535574
5767724
5992570
2525156
41884530
4915855
1928896
2267308
52372610
12471747
2227569
4305591
31365947
3111588
4493272
217291
17146456
4578530
1581171
2747846
49486201
18468570
57818390
27898480
1782102
6319896
950983
24616245
200151
5064885
44867232
397547
4529777
1597303
19524439
4181038
3125551
16412282
18150992
53439783
2814283
672179
14995585
397534
5270295
47958578
802231
11033308
13751998
3381342
3050985
397749
20910351
44255328
3172207
1011012
17618889
642879
666982
57288827
12308242
5277679
2013009
426258
284831
5153709
4214895
40188942
2312294
45688841
457395
6489728
6099672
3896005
4335351
13540337
25982
97078
8594585
48395997
604068
1532629
41758455
24020756
51015459
11650827
372464
17077895
7148821
17861115
12551
18799145
8283404
12118240
41078582
58910950
18170010
231482
2268269
1137930
18313625
32481628
216060
24935850
19158788
46770189
54109825
5787140
26203825
8431536
189053
2443795
5087923
23550359
48577673
19125144
16654382
191359
33675167
5315045
11922709
29409945
49835381
1882510
12912185
42267474
17310842
15048490
42266651
8497130
42391275
50117358
22265761
23193979
8305339
432937
2561458
38605870
43609
16190
1193299
10195420
14967398
26973494
54965854
48511978
19713135
58916474
55609534
26975411
49082102
35558740
31649467
7201714
57555564
11455895
5089299
47676846
44251374
10568
17484925
7882496
44251433
20695347
989586
49584089
29486270
44966446
7429144
48631495
36174786
26557458
42234192
33622904
45602505
13350625
2162138
16444508
57900321
51302448
39014857
32062662
8294465
46962268
1514297
26032
58835858
7994049
58006552
19321667
58036222
50319738
24106558
13577914
8836052
53352269
47053170
59044907
44466503
3702931
7444283
1954453
45390377
18131116
33991380
52889898
11504627
9918051
41502632
29763544
43407604
38326389
18938948
5865929
7364324
11400980
493418
5716630
1221254
30690
2028815
1378221
1246147
2474973
1050534
22169600
11038654
16141508
20909993
181413
7018652
1470200
2458686
2285473
460003
2875663
5940448
7159536
1015710
17007937
12534514
14240556
2081260
5735559
5174872
673861
2695813
9807277
4134790
1015779
19216426
30875554
1854308
1015800
20871570
144804
6372371
37823009
40892808
58955305
28304342
55862417
48777128
41687823
5905875
6775086
1087476
41405384
48528826
30627895
6889252
4015846
24385272
357399
750439
6493437
14797488
31832446
727002
11955034
2726665
53302519
8759068
7998245
33509
35725615
1817186
44308640
39422314
35252470
3213090
7695857
2061065
35737159
1009289
312678
880489
13256475
53661259
30971990
10360168
5291911
1058176
51590482
35488855
147313
25818086
55480537
29760118
518215
20804272
2077667
31616252
22079789
10587966
31362099
1047707
10607523
36949477
38787481
2728618
11486936
24484
53863813
394660
175476
35395874
17007136
33151705
3474689
9075092
140936
4531491
19720856
33998077
1686010
221554
934113
47387583
9405478
47744639
45645393
13842331
48517975
12630559
23794469
867746
27884892
45419063
18250166
20676490
46760982
56161589
189030
2994396
16101054
4308043
43445032
164635
5048737
4360
50515506
3166057
1507566
31597123
17183230
4503431
3240791
47035547
2944526
53333348
42597133
4642992
41986762
43283496
42128131
46636614
41286780
37034939
43562594
6770481
43262117
44849453
21246643
1632919
45001834
40016783
52306477
37034919
31816488
31368675
175567
359983
37886355
46249607
24246250
41741591
42243433
45482242
949007
18357172
41997235
4966357
45521178
56133469
44876012
52950574
52950602
52950612
41918859
33685498
28757576
35304964
315141
39714194
42195085
3517209
1331031
3275488
31610812
47645891
16189822
41807996
41738745
29575633
53265089
44270128
8929321
18338441
24385757
42294996
33069452
582687
744158
12045081
37941373
23796787
35818571
1009112
4465206
16995
92222
41731521
49977564
4020320
14901686
41767114
25385379
1068703
42635329
20062
2190718
44856939
43273537
39119307
12638751
23727907
1262175
41142900
21070846
24185573
53096538
12224247
621350
52471979
29828807
32379669
45703740
33740268
1718457
43363726
23806
39167804
42273256
28081762
42171408
261596
949023
43313383
44542365
42528356
628346
43427437
37035685
37827749
147613
43454923
1302046
9507907
39578486
8455379
11003581
656993
8455324
6456522
201232
501282
2900869
1017009
6898399
46230029
23849679
41755964
1358357
315165
42126614
31813523
44169665
42734
28677895
3183949
5545123
18338165
42233632
50189755
35863013
54382102
44978473
446965
43382131
407476
49786734
1355819
18911094
2844245
36971621
21495296
3450701
1391123
988753
53333341
42866508
888253
44086758
17125359
300148
4593829
54969753
42741781
38831847
17992924
33063179
37483782
246544
36684332
9218826
11563109
437772
1376899
46433
23234495
1433722
23443467
7257476
27555228
44379717
20192650
6597670
185918
4348501
29605965
332733
23080327
51801172
3092778
24575786
31564169
343177
23664942
4585349
37362851
40248244
54125110
40788603
41165568
40687401
45280628
26470024
49692104
28859692
43478305
49449257
972079
7872153
58893901
49229254
22140663
17503
20009077
11157271
40428462
7997813
40738710
7183423
730932
53690
40749890
41336070
41247442
40249106
40667954
24410331
16494995
44996080
42378289
51251203
9528195
4021184
41336366
1554120
39331594
15398359
1664254
23395028
246043
327443
246042
17157119
31735142
31601131
20293213
57924110
43929588
366322
19127843
30413471
2120066
25074978
43875835
50015690
40963539
10333114
58716099
6997434
58828704
15427543
41066719
53151687
14249373
42241898
30074251
57388876
47763053
46546036
13312969
39670586
24764596
39657237
14177853
56194906
22862133
34151341
13139134
8977613
56820499
50019371
22081794
5465057
11167175
3512186
29372250
14860845
47843651
39407203
32315242
53716092
14885874
58240033
41815264
19464350
32689929
55223808
55326583
42740507
4257788
510370
54337892
52145021
9579546
3609555
3991823
33287428
55659970
20993429
7532615
18973869
58696917
788091
40919832
8600080
35330387
40513485
2011912
30324643
6189024
25314864
578436
53265936
52668957
1571927
52905034
1874234
24090930
38851547
2279900
9271237
30865454
52285696
24632279
58529036
32943530
2878302
24300979
922
341658
532199
235534
26644416
38861549
2233697
8774721
237253
6040789
25603157
1556580
20423128
11525284
10619739
39732046
8088028
13256822
14468418
165492
31966834
7327445
35716482
13035024
24533475
16734342
301882
41969899
10567936
16900885
581449
39769309
13447801
167622
49905494
56316944
46684369
33728253
247196
46279024
25219795
10059148
30857996
20574808
3375584
860716
7218647
1684378
1094033
34809912
59654
6880591
3468938
33601727
47658137
215946
20270224
24618392
1765090
40930170
3905948
49516160
45416689
36709802
23615651
34424212
57360488
37836465
5027134
4271166
36632327
30032709
43196957
1143004
8523154
33825347
46439950
3365349
5992880
31059003
23182987
21419217
8745867
20544610
24540954
341782
21408874
23219701
12601205
25005953
47622595
11665493
4405405
7486354
46451333
3101343
12637282
231033
414269
11014153
1245010
5981311
714451
35235841
1057051
16184716
31400429
35236686
14994351
22095942
231032
42559
8308136
16865564
1419781
57904786
25332794
333400
4534482
35236867
22189837
3707715
57956046
338467
2344488
57014920
11700447
38880828
38880887
16722213
21182118
40599218
56760694
22610474
55151676
32243059
58117458
18450700
2235613
49812757
24925850
43162243
44847172
1935701
40956660
1501424
1138406
40319313
54886101
4098193
2113262
462707
7618853
1763613
13117577
1715904
27899041
748852
1757480
6937185
32150270
48897671
44035851
440024
38854584
55965571
44175533
3548906
5947555
7340495
10359759
33042712
20306810
25256446
12892943
1577153
11842297
874626
51414388
155140
7609458
56951215
1401268
1780355
2333181
31615532
19739765
303605
16010970
36949438
16822068
566385
432912
587277
35085928
28428514
1033672
11994909
40520995
54535694
5517983
2805248
53729029
13206093
26162831
262232
4635137
34508819
862192
58920974
33471742
16831007
3979556
21512200
1863320
301671
42980569
31125036
896483
2826635
26755147
2651880
51998279
18050244
8163023
37808027
1110298
28778853
40817463
16432961
5541228
3351691
3351669
17888371
32923244
12327683
42071140
57849906
3716976
17599399
8391019
18604245
220806
8051192
3286357
29278882
14494469
57961679
2396052
1433456
43652939
51066202
28300749
39810481
12812963
17936894
8851691
35469130
48470575
44193786
6170821
54576556
23703755
69719
12525416
39077620
24166960
2608423
13686568
384358
246431
22793110
3727298
2684468
5129085
3115141
35139746
1493171
31948077
28152761
31151144
23452313
48797724
20731983
28126621
735638
4399974
3661350
45636090
4948354
47203881
2446310
6688743
58907216
40764408
42671484
5332296
11648922
198463
1680901
10885319
24548242
32379819
5430766
3316275
15587883
5841553
35959428
9117110
2234056
40931317
976385
406160
56057186
95168
56502274
23550
12474242
8705978
483474
9940326
6872156
18083268
38307144
6432985
4131206
8092443
24473724
20057960
46503162
18057299
48119443
19989102
36545025
431846
29540679
14871309
54229636
2482201
16265157
11173100
43385718
4220227
1397151
23648690
44420859
8768299
16891702
33040198
3996013
25764848
2634875
24937641
20279326
16895617
41571913
48029827
2166357
23743943
41615360
2877289
26987577
30277409
3236297
8284430
40839463
42640676
2497853
1726600
618884
41571923
12739121
5274826
40125139
38270069
31333070
16175151
12071009
16164644
55217872
43087964
12389117
982228
11537850
58062174
40437565
35799861
44041991
38770547
50410718
45444308
5481250
1600858
35763994
49089716
56626151
54416907
36409537
46984685
8101443
24707910
86774
20754031
45606069
58082792
38670638
57915975
57615930
21235646
37886547
57901149
37640611
8156888
35983056
53041761
47261375
12113551
11435170
47330013
58489753
21337142
35983247
45146971
31219780
30165095
54284171
20179023
34676378
58403719
35579432
6821427
55025045
53647425
4793945
21872094
239932
47205787
30411167
15931374
50542374
6871841
22038253
43982
54244910
148414
42776216
6903702
33053480
52297406
52427618
39367041
411727
7707347
5048086
12574755
9019736
8814763
238353
26574131
297107
53096196
43594760
53127786
22656069
3373740
56287753
43653163
1810884
6224856
45656985
13770977
18022541
7322975
52165051
7124518
23411390
55363394
43202350
47607084
44867516
124347
146094
8810614
33248002
539584
47400635
769639
2519487
46912891
47039745
39662832
4386284
27634920
38386206
379932
16378262
8386583
17667406
38705656
3741175
2896052
31240085
58057269
29695413
56539053
7630468
26119067
17440280
22047969
28730607
17967666
13171206
13836316
42074684
739131
42094969
19678635
48084756
27999
4496801
15292585
22210655
1041564
270993
16531722
19739758
2034235
219367
10835811
24942694
10905844
55877282
43489446
27885211
5331594
57416244
866305
15465851
9228099
33517355
52892
1235428
18110585
2606086
36583541
19258415
15989269
2165152
49322827
2119932
10421442
30082576
18912447
47717622
29264773
53803073
51430278
3887468
26597076
49215762
29262262
53713332
25355405
11803513
55776217
24428393
2829492
47413905
41746817
2227581
49174600
4277904
33042770
27358235
4277911
12315374
36961577
162714
39641264
4682545
56275440
291861
4092733
10473148
9907385
12302784
48639022
56009963
285574
7193122
52286616
34905695
1584112
12226371
28998489
406260
8903910
13198770
4117074
32600833
47518238
5645363
22647055
172118
16998808
7887636
48069154
8414306
5177225
2748878
13167343
54422114
15796172
18610105
50232146
3020263
51473163
2841596
2554980
14747067
966472
2855844
254206
9675622
26498317
636781
2622303
33156522
9688229
350095
1389393
340239
3569442
5121693
11702223
24533327
3952888
3466490
1247347
5743320
704456
30577487
12925848
1660231
6328274
9045369
1082976
52339395
2646871
733536
25122142
247733
3832433
31751504
2620297
3140268
1450615
65560
56219458
656848
849227
2080887
14946020
1043896
14702037
29017531
23375822
4697505
34227434
32523762
92514
6093289
3730267
36632110
15849543
1452425
17707295
3072495
8466950
3849530
1793092
2000488
23242146
1450693
942755
8810591
49375711
35764282
1820388
12749651
3861193
16250540
55951655
3730328
44938412
3850371
53333538
34334678
4354228
5804485
1589620
2954177
1811452
21795029
267787
10753014
11141258
6152311
23682462
29642585
1927959
3647170
47254400
1800287
20064295
2077420
50250554
2853188
57877
985045
20895383
9110374
1839369
517712
15324818
5858961
3685456
27293514
51243234
1332536
26473914
7348443
4021459
515078
59701
36738945
48426611
3282728
3264897
24863028
1663116
31429619
4070704
1010190
49938148
52317476
4057648
4010566
1166229
32339962
16785745
21442889
1645192
1136493
2718064
44963833
22499640
42977625
46996599
35896864
49763666
31285614
704499
14636080
842181
1960985
26856232
15184417
35134246
49105
14215125
41191060
172111
2651201
12276832
10903919
5492801
41498990
18553652
2324181
179404
55677682
38650559
58516445
36968654
1386072
54205
11059398
3724818
4505820
16206953
34149870
30872158
3177013
48161317
27255532
26317109
9963716
415951
29219301
13361101
17301245
21639020
39379965
19331901
24536042
3673088
2919491
3407240
40484
1291455
25146064
44526218
505972
7720
19381888
1486044
33469088
21665752
6886481
37277820
1708619
593400
1606040
3762041
52310481
39986710
55887011
643768
1484527
2319163
411991
5244936
746380
38053886
863636
19360092
26301700
756653
4086741
675677
3679102
26998458
23653246
5106169
20453
540176
46638993
1081946
1083341
2635010
43300274
32903055
34844534
24523369
36091551
29582
38221
46624821
32435597
10471914
1024337
85582
7863406
43590845
46862991
1876394
57922325
24166028
26762715
10853262
37862072
32840869
38075591
49350925
49351005
49351098
19283589
63552
103367
37910936
25995242
6694161
928652
8297574
2949636
16782149
207336
4533381
33541115
1171509
651031
476364
1158925
41783956
6781808
119596
2238581
2140957
331155
35468052
21440945
2770318
37177155
37753821
21543047
2616921
4138639
10130356
31736
19933257
20873992
55584
916456
20874196
497722
3780670
20968410
14879834
50765346
18438620
19989020
56098919
8103418
51487086
15803524
36847266
28851411
8212957
1777547
10872408
25937372
8767060
2482700
25096983
10942747
30747192
601942
24957394
23419767
26275421
4102989
30290732
51670195
2058405
21249077
57650229
21471642
7792030
25657577
22615568
18694007
34202172
596485
28387743
3945963
49212624
67972
1881547
4502013
3221150
52048559
47587505
22464126
848246
13996723
23558602
14151566
52067954
1929240
2132558
848231
17500223
870120
3158382
21402762
241047
840652
1176405
2833400
34071505
44290857
241777
33617141
869868
7061683
44888143
42215833
50660475
36546050
27164030
34070201
40676085
12906166
32022998
58743751
32875827
32022471
57256456
18115231
45196353
26319577
15999628
41892681
57977659
2963830
10714953
57708167
52322527
5252915
349632
1053960
18736204
5270659
900471
24277234
14611592
30410550
14719594
22351622
1773929
49511927
801785
16286633
9131567
5397363
22481511
4478267
57553741
57639135
39637207
26485621
38509337
13699223
19036888
50658789
39611178
336188
51378496
1805
42055799
56587299
4149039
10391074
42787918
12917319
41579756
26128602
42911578
4909494
31360061
36533310
311596
1576787
56726188
24912139
13459707
2715981
26628694
31950871
349829
12017661
23640750
2943640
46489321
26339102
52383375
14248130
3163120
3007899
4149080
40501095
16350616
99714
11093946
37462331
46940330
40418665
4083808
40306772
153831
4128733
40851080
4554727
8758154
36383404
49952815
50402439
41183836
40308088
541592
57337376
40306212
39235909
23423630
4001307
40430465
31199987
4454120
40254316
3321174
12671952
20008186
40313295
40688240
20008204
40418696
4423825
5223019
660116
1758235
35666960
40111892
39934192
17720606
53425564
23553315
5657994
25429092
21032939
36074373
39250630
21032802
40280906
2702931
5211259
24023014
36281234
12671975
34157114
2214885
42270760
1899348
26762572
45655564
54381262
8016328
4075126
2747566
28367329
2683423
14622190
40291666
40423734
10792481
397175
4166701
21140350
54190442
2342749
14398725
23147198
40503696
40423604
22813858
40431302
21103827
40466683
4282370
33527731
26217449
15499714
18605046
40430374
40430939
49667464
40306097
40504328
40504268
34270640
43585432
22168869
33738732
51479731
26134510
26161564
44399572
53416251
40423551
21115942
887234
45437349
8687829
19885739
36073704
21103831
40429821
1963552
40430643
18841083
12158344
26914830
4768528
714824
1448897
40306477
47471695
1118963
2952018
25020610
20885991
42985529
57716049
29400626
28821584
1023906
3769810
39503180
5192329
2902438
40654416
25513480
3675099
23484885
2515404
32526740
18351721
12819536
17589963
9075585
20117898
57585124
2507339
40253680
46471749
40393763
2398874
18067520
32895192
11187650
31296238
49575625
4323503
20571986
10853181
21103848
11776982
40423572
40423530
40735681
18733028
57366397
44398873
50041316
25583871
25340335
31036922
40690393
5120442
10020042
18860920
12384574
23190241
12480323
42099953
40403438
40291583
33532401
7136636
41356740
26928537
12150996
12151020
1300614
49808341
20107445
15929035
54464832
4837630
12819509
12083623
29264072
14442271
6688255
3181579
349842
102695
13939854
5606788
40501076
52780174
33558783
53587153
40624297
40431160
12671968
40403277
59018821
17928523
65555
19916594
56666801
6915019
2473711
1014
5323326
15094211
23407190
13198758
11671984
4511430
3242083
498773
12813486
14666255
3246189
23795049
15740865
65546
31824298
2316296
15874872
2898453
14345569
2614016
22561086
3479946
5349047
3441929
5349042
4662676
12813427
1101192
20491452
3517740
12813527
2949404
24993728
18120411
241803
30862914
6347687
12813547
12813731
12813475
27904861
2895221
2036867
25645215
3233664
21745730
1918941
12813688
5636574
709796
10762958
315028
18665
7467972
3834403
2095010
1523799
425158
40756934
99426
113095
27376605
11640998
24085
7809649
5808466
12813453
4295240
23295007
12813604
1926163
12813701
2950125
1936326
28143
12851865
449669
227100
1766700
901291
2920327
388198
12831992
1871724
29968
28212832
25214737
17390660
18125437
17805391
7819287
30063240
54945882
7819326
3368816
55551786
49207121
12207111
3575487
1402986
23639748
33206236
235526
6988307
58587728
49798589
55567232
32128515
3498576
34048270
166826
198488
54548509
42588975
49749611
48629137
5132303
23236485
19629560
24759685
5623115
293648
57999183
39037232
42333250
40100670
45685198
40679726
240220
6160722
8750599
5544770
23368997
5791947
50450910
2023944
8749188
13687179
2649045
7214882
31852116
27243949
2449304
24505337
4009028
10384493
8705874
11380928
31656735
50647620
18608358
3202382
11040667
2060478
9508147
2732767
9090747
44585271
34026121
45301675
212330
9397546
2498189
58071039
35211741
1093124
12295039
576560
4047137
2957839
268331
27654014
11708531
4459459
8651870
29078317
1393365
3536891
4196196
3489841
18740337
29431319
9633961
4298
68523
4695306
1717
3865671
18950667
29977227
12438068
3249415
2156280
1293882
740171
11060987
8641237
1085111
27140537
23277971
1095055
5422532
861121
2606596
52704756
5378741
5843956
373868
1263779
9531834
1766549
376049
47637186
29977625
25071734
2407401
26032205
24184
1371359
27788616
16125
1951768
1949838
1955573
1961750
1963643
1963762
1964646
1981495
12662990
5090040
4517264
33177273
11970483
1430672
41172105
14905284
1494524
47127223
297698
847357
2013132
2968664
3388206
29204624
1573736
4632358
2864137
4620183
3750187
45227156
1586991
461791
31182005
39457740
31251812
12446972
31144412
23705633
589731
2068058
943833
28278991
31124061
6469598
31419327
1705214
46904544
11173133
25042330
41400740
6516374
58942653
15839985
8354465
42834599
51253396
30483426
8798290
44901253
53089615
4694180
27654562
880904
17672834
19012289
56646865
38077180
57509686
58854603
11961883
1411188
26179180
32088185
17578531
2997965
1545608
2211475
6165293
53730611
42334954
8778829
1142136
4168374
41310111
17962735
48723288
856308
85151
8860434
26941845
40532454
4155495
14795559
37437382
8270573
610881
47006545
40165735
22700838
8856166
1242977
610897
1666662
2454319
26505423
15919397
1558218
30233522
57872840
10767533
4155777
607253
494405
17880294
410526
4198464
4916038
16743975
579750
2346087
35915767
34476926
55657441
50232027
24393186
4155979
16085364
11087478
44935170
2447304
26201825
2322476
16326506
5200746
563386
5636358
1365173
26062108
58080546
24699908
14740555
44275839
29472173
8434776
24006523
33458337
8603644
9036631
12915657
23662414
8183553
1338601
32156511
58423945
56407685
19712256
2524673
30228032
1748062
626702
17608149
23264296
48677582
321371
46961
423871
36535106
55269610
19604881
33028270
14633002
7971882
2098151
665111
3342004
40593946
1675303
10922862
12282338
4999851
3043199
3035321
30474675
1049187
1048266
51380527
652501
11388549
1163923
1536114
15433010
35108926
2273245
35109629
3808439
15200624
31106421
16614215
19156113
3650781
28262524
876297
52442853
5100153
5616154
33594482
38219
27985931
3461221
698477
1049227
19429562
541488
23566964
15755697
25669714
15737471
22290971
4970131
2544267
38224287
64993
1331399
33690950
24297976
5253627
20647810
33101125
2156756
16876209
14026639
1871740
24998247
32654670
39025312
57766429
40915644
54558501
5580633
3127102
40273886
21088408
50692305
6467067
39303683
15099462
51999598
50695853
35810125
54391271
57075000
48191648
2425249
48103840
43355724
45223499
48180087
44211532
9017570
36475043
51473285
48082266
37023461
40428140
51332598
7587413
365053
2858819
4852913
53196950
47117034
2686754
55113068
7966
2331097
693810
53718573
51667154
55306012
376526
18953183
8336313
56097956
353008
48207080
4589229
11285347
48912397
37078775
40914258
33005216
10443644
48917
432205
54621690
57135801
1890923
57518329
58056040
46538515
479202
8704
2017622
3492643
658937
40084051
16832036
4925439
41960780
432204
17962529
6717195
35283575
12453627
407119
3322764
48498966
376518
36094029
13817098
913612
54257719
5691811
23760247
36604904
6352457
10498994
31103055
39392963
28137290
32710687
16349602
53097916
39575830
46499819
22547455
45227674
1713922
47163260
35456276
39230146
38627144
5153339
33152103
27999248
40210386
6848414
43182647
24090083
35965812
13340914
12232727
36223448
43110373
37665946
14716876
185896
30855169
22661161
609369
46419264
1486529
7268467
20390869
7103648
54632646
1639176
2024225
28003799
1041183
4236691
3032022
2148163
29256074
7850033
5152779
4160303
10417011
5792764
7148277
45681649
1789297
4765276
570124
46773010
27903487
41363555
11134432
2024751
697947
45655651
42431100
6074613
21486420
6195793
48314166
5890552
772076
50505138
5828530
14855593
57840191
15107732
1332847
7799969
4719142
8950535
12223156
21592443
15639625
34964371
25626890
31827286
2187851
36499666
18776822
775084
37514688
11275122
40447133
689464
8514780
409830
18064024
15669381
4763
6029128
12219012
27658048
54277511
31168227
44374769
49086
21861457
26309
25944
3321715
42517527
6674649
1560169
10220627
3733
1228013
32071818
46941917
34004727
4094122
26174486
2688507
32086725
39253773
51338200
34008980
40649188
29592953
31071657
39330832
7754224
54056326
7387600
44289664
226476
52737673
11552232
912103
655610
25111134
25081294
9582805
8910309
2838327
47024622
32623655
526089
53781263
21432671
43488
50971360
165422
54086777
376118
49934548
49918271
8910477
39177946
28947242
43672725
50749080
36148617
57987535
1712318
6153312
43365962
1712422
5597609
7696048
24782068
4753094
12250137
14217038
20153899
21530387
42902154
28433310
24847994
24195008
17760164
3615038
55331506
8639734
58204649
17717940
48615193
35587111
13016845
7399803
38742470
7386005
55944838
11897678
10455076
35841656
26400079
32431262
31004542
578643
1710162
3486596
3350615
6123818
15755128
44521510
31881302
44164507
22371754
8964937
9390995
33033748
7818070
8751883
29492062
1626007
186186
45371730
51230549
26102032
8472160
37301243
518909
6200182
1417860
30459645
23455903
16277487
43026383
458441
458444
1878532
45660865
47139879
16044663
697085
477694
16969624
3960733
6035261
10447682
1203937
19872346
30733396
51345912
2839817
58658186
5753995
18795685
41166733
52682418
2409546
39228370
24745249
2055076
12242015
1690649
1558001
13199335
683685
41056343
2728836
44021983
38030793
3917524
56292117
26338303
13452553
4278697
11916379
13146415
28933083
18344992
10917914
2114159
2007121
3199743
26211649
57726203
1659115
38131815
43764810
51117714
23955814
39382494
10794731
16556397
55304023
34236573
3143190
1554643
3261998
9769533
1365308
2901485
51282938
4112047
13476128
425316
761368
5255883
48672544
1561740
15722011
24764076
57553
25526292
3543912
10482921
27550674
49308228
2122571
3303606
16868736
3650317
8146972
773796
5976825
25287863
4725074
5566163
1326714
13041525
2112228
3350339
2356873
23739477
1745084
39228481
11027492
11415144
35260565
49832644
22185742
42441795
2987511
744449
8363175
10419043
8639472
160240
51852873
27554402
10703598
5108737
23960618
21994696
26397530
26262605
55333707
58557660
20683993
10829162
2605256
58857952
32041933
27149881
5103457
49315998
5152110
58833274
50951946
849501
23504795
2168558
43455667
44406170
25994204
15738527
14177260
29547906
57420342
3128562
30638059
58436150
697467
22929789
41835498
53045860
24538293
48990049
5435027
17152185
3152812
8223661
8512282
40675220
6717554
11962273
3728466
14859738
3721714
4946056
6438072
215296
42362663
16172137
1885318
4628350
42425670
1902450
51924406
4279359
14209
36115609
6947946
20915561
11784055
11944671
42369195
12338792
24961639
5863400
12188730
13859862
40256381
737739
28912352
11679421
14291293
19620614
387378
3087285
15340799
2631608
38848050
2753802
2345021
18697043
2257051
9997029
6219721
4477095
32803137
50701001
26013557
5586988
5260655
4875818
4072875
3352262
5911024
52312904
1372416
53017795
8422706
55306020
9132464
21799095
28909337
2495115
51570486
33361250
14006857
2766374
17992705
8529512
34056747
3474690
28933755
7766830
8499689
2272700
17722872
3008109
31158127
1949423
18593127
690128
14786213
33951517
41059998
4498483
20376289
24998902
19522755
55321389
1182003
23913915
19257191
15452317
5747512
35384954
24180355
2152027
6390255
4279418
7502908
52909614
12091861
4724187
39995994
812100
8996918
10454924
32803406
10150502
26798801
16960090
22392020
21655392
34545405
19877881
222531
2169597
2446037
42757460
4874838
2057989
458450
42264999
42653164
19621665
24474042
50898715
51519800
5906279
39996054
2356518
2588441
13223583
1731436
32803626
11077634
1744313
9896029
16875353
17723384
29356057
24793256
38298726
3568036
28359662
11968852
2775345
7615744
6516696
55312498
1282656
2412097
24396549
27258807
1625889
4165525
42153437
2154812
2421844
12987434
39288998
34996507
2803371
26329260
484156
35384408
38848263
36562801
19299248
42020262
16834198
10482813
18430115
9331668
20091603
40798778
12577879
163128
5468289
7628899
27739059
4279037
2416264
27908632
18725473
12366211
43026526
5690598
42219030
18796504
44527774
1765559
32434510
47294538
1805966
42140504
2142485
11913452
8156586
1827134
4472545
1326844
2654058
1812300
23529497
36007402
55306472
3194461
36466220
14192735
50622679
14857083
41366297
19963584
5614834
3312058
13479943
39728680
39728839
353013
433064
21825840
12136866
9376895
3364985
9875747
17116872
28856574
52196771
4266225
31978583
8055683
32498201
7759901
12338483
8097181
18766525
20311635
19321623
24993416
38474490
58064887
1021949
2362231
12688162
29516487
1228916
21314846
1093066
1206826
2768223
37622156
6857901
8076476
1326954
9937511
2749684
1209880
1675652
27058209
1227798
6783630
5304184
4504020
52318027
9937508
102871
89226
1375635
92635
11070797
435420
2014413
29916392
178220
22835674
2073471
3104264
864490
96918
97574
200195
92388
96842
501773
12834891
53079421
2821615
92236
12855499
598708
81660
12833402
17302858
10229344
19190743
12644
41510897
24302076
1123842
7609851
243074
869267
10971432
4135795
11041514
19588
13271310
96910
2262238
58004880
365558
22773
35589912
3778551
24544
33548640
56399324
509256
3333075
10678219
41632849
183222
509661
12834472
12834757
12701430
31759332
5479047
2297376
84936
4156844
2125301
23784574
34484408
22946686
437670
41052657
10727311
261358
37749077
8421235
2855272
20937408
10723118
1151047
21171161
52782928
1354456
7727619
20435929
32051848
11776153
44063339
49084911
49084949
30528407
30687447
5739730
28129878
49051658
31756258
28461247
49622191
18447043
31593544
14649781
18601232
37641465
33293952
33659099
27718524
32533907
5513742
2362106
4971761
30485798
418138
32900495
54662811
253354
25146194
22561091
27496299
43719
1864145
31835448
344462
857311
11152
188197
2734619
64223
33952734
37417945
4557727
6681601
1324719
6445429
4040047
752127
2388716
32115209
3447
58865794
1259444
4121912
437045
27378
6150292
595282
13805486
5729639
14389003
2115278
11968827
27290640
5520574
29288005
7419543
4779165
2234844
1504512
27032
30033051
45425947
25445767
3541734
3551116
3807134
1010460
30872798
37813210
25804896
30875354
4430
47425
1951960
317464
39685
1042845
13791
1922437
324066
179325
1623328
7469134
18084
1919791
1037109
223199
24082
994264
15029208
2161269
915322
40056
4121266
4527314
1037148
30697
4987177
30145710
634238
6975322
25596902
30497402
9781105
22580640
47759957
32629432
22613150
22603870
2765041
1659245
21048400
2397745
11814004
10079138
397713
6474093
23541635
5331593
39470069
3978288
1551923
128026
523843
5921146
2404997
9520608
8539609
2019502
25050464
37633819
9062732
36369678
1009369
14339012
65965
362379
2822175
36831118
8212
8490
323696
43720
16078
6738827
65964
961911
28209
42713029
8970496
4245100
40152665
42969084
1962706
39945037
20163271
39195147
43225287
54900621
55505332
35953134
39421861
41362614
4168329
12422
4591982
43702587
53975529
58069189
35318533
35318738
35318737
35318739
35318740
31749991
22865032
58961611
36721809
54423730
47544770
2625101
36515014
35344210
35344027
35344679
35344677
35344680
35344455
43419700
38551085
207038
52230954
10134942
5019712
1217463
1719505
3652623
26942874
40955338
42146735
42146984
53354767
56692265
3918565
43961891
46428720
1655074
31458639
19513131
16636474
57466934
40189872
6749
21251331
14099483
16970115
17122120
52227417
55609830
20297319
1462983
9728283
4154464
771217
5943910
4707206
19504157
48692499
25161168
8173934
48635352
1706988
20482741
21312446
2740474
7527173
1201602
8073739
30864060
40949254
53781950
35354859
20889424
28155171
17601604
22609071
58916694
54331690
27092371
37645809
36188280
46250229
50017654
2343751
50390125
50015153
52494566
52405903
2183301
18549481
50109864
50135317
40859886
19098431
46913693
354034
772623
46668657
5045579
5036147
5036010
28105211
2425545
29766661
4036687
5433237
843341
9106083
19229838
19313776
2184423
2636669
28268436
21534448
3300599
24726232
17017208
17591767
5183264
13134546
11147557
4433150
4465680
9821742
2696964
930830
6227621
27761686
18539417
3364116
582154
28089149
12716874
10122683
43451817
4466411
29598951
3701693
399799
4416048
17362424
26944778
24773748
15781179
5614549
4035787
4036602
10967773
2446885
21495414
47552108
48399881
47554401
47571555
47581211
47583492
48160824
47581079
47581282
47583280
47528732
47546366
48364041
49134501
47170922
45267439
40670255
33756543
46905775
19621240
36596883
42546249
48223035
907895
17775361
58695028
6507209
18313277
7160595
43959405
20376293
55279546
19645933
28812715
40678361
31500
46779750
12152836
5661485
23728033
7160993
18808056
4463505
50424007
991470
168687
4152900
31119823
25360308
28072195
38584555
33271586
32101818
51846213
18808154
16092409
23582180
2680066
42937798
19387365
19375988
42926498
45380003
38702773
24011962
645580
43100157
1267251
1461462
43060777
39862148
5630064
2785812
9063580
32593120
52377818
52377795
52377764
51046102
54387523
58086712
11033472
39616334
37998989
39624878
51872842
47149790
50507866
49587960
54437114
57319794
44169897
2772928
40100402
10992437
6266408
2144933
44674023
7782003
35777721
35777628
35777683
35777728
2772939
38835896
43318394
24904729
16977353
35955863
38630563
51920831
46185632
230373
39814265
57794035
5696791
50059206
25946034
5696166
1378574
50578406
24890558
1563008
28799103
4033952
12424979
7367299
24808946
45694776
37430845
14589220
51144485
18180948
53378990
26542096
1142335
24383289
41091043
30711225
54001076
19303450
26765084
7160248
5211140
1041213
22154863
242098
14348962
21977080
15971084
55841734
21655417
42488522
28684910
32297894
43780610
7198013
56616757
49905268
43288926
13597634
44742447
480670
32492652
27708623
6605794
7546079
3148491
21942595
47201768
52772982
4024042
16106292
2899897
1012619
15974274
52276722
44226218
4130203
2885090
23759530
53092133
6192823
3519334
327335
56585076
37786372
33825791
31440690
34521094
49609630
27457063
34040824
4447144
38169631
33934227
33925979
34288458
264911
36919350
39818223
34111055
2093931
54006800
57032900
17036496
19922383
47837729
43230871
2213011
40003145
2061307
4649758
2341773
34045714
44422413
10403956
6514225
30034447
17005107
939752
3482270
9731591
3723209
6216666
6269635
6727252
17887201
12645027
1095407
3248644
34137424
89285
89280
4105322
19690451
251442
2545972
12829501
89276
3204625
717898
44912545
41813936
25000199
49782052
52091043
51805236
47935440
26764683
4556625
49338377
52531751
15432750
16046209
2432849
22397179
13802389
994080
3802
47350125
2658087
12453703
12716086
784324
6725
14205733
13725362
3806
34885843
505847
11003203
517000
516994
40594810
329902
2255035
47525078
930871
58405409
33940138
351305
3171037
1014681
797675
1318342
12716372
474282
24863983
513708
1871438
474275
54395
242813
661842
24918629
2976205
10379867
6686098
9768093
221677
51878
2148558
711505
2429435
2142560
18053
525212
3553862
2047389
875871
4038322
18948470
560164
678695
2675383
18650
711611
1980073
51874
3553795
411541
711700
18148
18544
711522
713006
18121
4109
3089705
53186763
2309030
713027
22499
760725
711692
49050068
463787
3126038
45645837
54278830
2614826
8047954
689836
3773818
4974266
1082691
690195
678792
30011394
4009326
88818
900501
462905
668588
2675374
496769
3538948
6563922
6612740
5292534
5824635
6616757
5784294
6616634
6564118
6600012
5318013
5654370
5148346
6544474
6552982
6544056
6544268
5466054
6580033
6599678
5653681
6592283
6599942
5471284
5472699
5409905
4086519
6599856
6617717
5686388
6579751
6578536
6593818
5831130
6960903
6579241
6600077
6960817
5654579
28417323
6553474
5682431
5717050
6612700
5465299
5779374
6593712
5681850
5825036
5654904
6563623
436618
771697
1523748
18666255
8926202
4041056
665990
32033346
910545
2535136
202388
1164613
140467
740575
3985456
7156733
1968196
32913797
5019012
1351340
37461383
2976760
24280486
1000156
33304869
158478
104457
5438469
20647902
49118771
57418227
532259
2588079
5076475
4856279
4485364
56576584
254381
52564751
27403248
8571722
50409123
426982
2849125
245932
16704442
54960325
18159253
2803415
51852
235463
256015
36014525
8508707
1457428
55165649
303839
12031361
25433315
238658
467626
222210
15432584
3639548
2671409
884214
1245989
29325204
4295998
20991954
8691224
1125877
49660637
4061103
51094431
221185
189347
38898239
47797821
1931147
50230
34350
5763468
41434002
7789502
3447484
27345497
51002003
51001731
53501347
51086668
51002290
51041702
4172079
1263751
51016420
11767745
24144144
23728137
31588321
17936001
25551645
54155844
6370888
34432612
15108483
1944391
4780859
42735976
32334481
8297838
118476
10106496
16814779
681955
20253777
11558689
23675814
5721715
23887245
44723916
31321623
312838
39188079
2332572
553322
2253232
15293588
22198691
50799070
3837807
24597040
26216395
1416944
54150949
18366587
529148
53234383
58841228
58952984
36073223
146118
255597
937982
1103409
1514329
59066368
57225997
12008212
23883155
8627734
5942123
791382
1324564
3356696
1566505
30855
25820746
1796135
38210
4754114
429889
11222838
43377141
191574
38707181
22385198
38026052
20213236
358727
46391052
53688503
45322538
592649
27913184
21447199
52262568
34644399
28765049
10211467
40030738
3066724
2070436
9509754
34900959
39060916
27410137
32089621
54818875
28873240
35160391
34360360
903299
52340430
17047048
27178
1015276
940322
1575546
377864
467481
87493
332200
51280757
12808120
7027692
51156730
430385
1817375
18935378
39335162
11931865
674905
5854472
16916588
27602395
629472
6900467
57930426
54623406
54623160
30196141
54558731
854046
45421211
48950316
59005581
7196
54568302
42634416
52360980
52361361
25349283
49297999
5136086
25752251
42936141
54274096
12403628
57345670
33777310
54560293
12033231
57293117
33277017
25907376
46735035
38623465
57510812
49408030
16101226
276661
31226646
20671912
9102847
42004206
54677427
4987267
3432443
5087962
42929378
13657910
5301306
54389036
57510864
1102202
13114290
4625156
47437046
48860538
183369
55546169
40248308
57438819
22039638
37408758
41545973
29481191
42930501
47603189
42280018
3380091
5650558
38880232
66728
1789927
13090699
21055197
18824506
54382315
2652262
22323464
2216595
15068
56567432
1042730
1522635
392885
19961882
1131951
23878387
13611499
944674
12374539
518188
8767
940915
32033738
1820027
47011458
767763
21842950
3124702
71349
13430330
8938093
18156739
147018
20184298
40068361
15174
25576409
248367
16612805
1700486
2909541
254406
166311
13221467
648066
2250567
40086135
27122497
20282
227945
1079264
294731
1337002
13988197
5514152
58476
866959
1397903
31645169
25456
3040227
30872174
14256778
1412058
691301
1073621
3115408
6833966
148653
3338077
58843
18672903
550223
58105334
206774
12030482
8574428
38430195
12031023
199307
17207466
3576874
9851235
550305
18612929
2918094
1796369
44587338
2988334
1432852
13959
33685509
18884323
2707946
20527883
55074
40554252
1747951
20123694
2823240
33949147
7024439
24476942
24667270
613885
6358522
1720745
3847879
10029812
10673610
43317274
38483
5833437
15331844
56062440
1892658
16295500
36034129
6423719
30857653
170023
2015833
1204550
459500
22488903
53148992
30906194
41071732
12973022
54805557
4888155
34899006
3748023
4371058
28505459
6605364
38685851
47247549
23873342
13399748
51357310
32893992
38636021
38664275
47247547
47247548
54512769
18974249
23673504
23638510
49941332
13400056
13402810
13402352
52888629
45474562
9619483
37737649
36261957
43434562
25860734
23043563
511445
13565237
29749515
15526709
24827687
10085329
44308680
39826731
1893805
57826221
51590163
11109086
20577473
2465988
53687424
58834630
4111812
6901315
276572
3511173
19023092
10955109
11229497
35152005
48703661
5597992
1974156
2874758
723442
4824617
350105
1095712
34112219
12551155
31637214
7623925
40935196
4463931
4824429
10043223
83448
47010504
33999490
1403430
51003149
37286008
40630123
533850
1978350
30401546
42101903
23323288
641570
6415254
4784913
1049556
3622624
1312282
10480416
18798562
2793517
42505442
20222923
8331304
1297275
2373193
24329802
3778432
9210627
5706628
40694010
11026364
20222548
19346551
2215724
41155579
49999767
17050182
7781682
4770340
2233806
917355
6907
401723
401719
1638390
49949100
401716
401700
401725
401711
401720
37645309
16864
8077211
39294916
5008209
54674740
2381143
20602969
18365422
18367096
734272
6887650
4261513
197367
51164668
1386213
27483544
228026
1632955
500987
6633641
29164958
4454743
23198388
2032393
12519967
1249586
1622298
5613293
5289773
30447786
852762
3060479
53087254
39106304
12032717
7532388
10671559
5079549
25208899
473299
28260824
803145
44297011
20840700
44035836
34756533
2154220
14496612
21915038
12568957
2951644
34842972
5810686
44405649
46275658
45097732
47503512
2644439
43393839
1652601
1775374
58540757
40625419
36645262
3965223
55346006
30203689
1661867
666420
12896287
45456121
10015332
6722438
25964459
31395
5331974
144178
31445986
58693511
5510326
4248813
27806611
5050289
3516014
31882100
3939521
36132853
4560096
17783665
2639970
1814431
3728845
41656311
54093044
37503128
31183283
12163435
37922403
32972442
422504
2235107
11888028
1471955
19319774
2163747
26510335
321988
19933546
12575688
59541
45669415
6192696
3740426
621809
50871569
50871655
32016617
50871890
50985424
45035954
1151730
23277715
44968566
49142461
49131782
7343803
4170824
26467133
46915530
1226448
37906536
58951965
35573487
35572443
33565850
49131112
49550147
26103085
53992416
4242777
6265255
49137814
9482611
31817616
39167816
80666
47525266
22158376
11487904
626718
49278248
7702313
12292539
39772929
52759778
52760408
49134751
25585138
11659675
37685016
45215423
2814794
53523985
384057
55487643
21324040
14010405
23880970
50279590
26136097
47161674
56524982
40541507
1560666
43555776
49237680
51220885
48664943
47416270
28989960
22613012
47986325
56847045
31980132
43150244
45190862
54231601
57598474
57517319
51150068
51365755
83742
4771453
20849560
14799138
53124833
49524034
37818146
25816804
25609889
37855948
25862604
26118682
5295887
53892576
37859771
3128302
37859657
25041580
23673554
5062405
25675049
23700770
25878248
5062481
10867053
13441183
26025538
25765065
46446031
23798002
6227580
24212273
25700565
37077453
23898767
2540733
38862950
38166394
6478775
4437604
37049360
6628464
23760707
46672445
54341778
39242152
5862264
23729429
24271736
23626089
22026833
8948452
58423941
58682916
8304293
87806
48635754
3049794
49609362
3913963
20415977
29113516
40700469
4777290
22758228
40442433
649100
26744324
43173137
18948043
1833646
1128227
22614622
2504
104526
52244085
45343262
1257861
779848
38310
1481886
2154325
1014590
703651
609980
610188
55038237
1435243
7701
14638076
471852
1243797
9158914
234806
49584006
765457
3307839
25566420
52133355
1422685
37408593
141915
37576359
14625399
43348559
23154203
14034
14413
9651517
317921
12962
23884289
15501
16563762
16948
6879620
25344462
4884363
46987861
10024
20962
11038318
290174
28872395
48250160
3768013
692929
23559034
30711066
9120802
14650105
2580476
205878
249270
875202
1972522
40841279
20613
9157858
49575179
22713
22799
881753
617611
24733
1883395
381184
5442632
2276394
1704222
3748200
2245149
1101054
698717
48160352
60920
2475030
30699
250858
46478160
6251000
31885991
6160174
42576223
13905477
5019188
4601064
2954163
940764
3796468
8160777
1816937
4437316
36035765
1782238
1390782
1823541
905385
1716030
58137868
29434246
56819564
16092635
1701355
21959370
24188609
44291152
18881301
41170737
31886719
6010390
3837259
57891873
1124712
2253635
9268893
177706
7219388
35143836
54400552
8365468
42696946
3740004
11740103
20376273
146788
1273025
161973
40463364
398356
44632395
50649
12136950
742032
1019435
967844
41158050
1159092
42659970
48461477
42975297
19769814
42687297
42866549
42661330
42870895
42766494
42659816
42659676
39174052
12419529
52530112
2777558
56587464
9171174
7419828
33606303
247616
9372096
40510551
26684539
562270
827571
27952814
48373264
31578233
37131361
40454374
7923601
11679320
14022748
27859374
30991688
44057972
22760807
24700623
33792705
13993434
1344855
6970497
40545775
23900272
46461872
29366749
40296900
38867341
31287625
40850046
6224065
24982
41932
34956846
31079497
21489301
29581013
30624019
19978374
58507580
9732182
37211438
30469534
19650680
1145683
15842482
7910553
419859
34308675
8218121
1743830
7955447
53745171
36029874
296457
1297393
12557622
4071917
379269
8187
9268401
4192168
27406286
650653
16364923
8407203
253492
26157344
6436645
11773
1973470
374298
46425255
2177480
49072
55585986
16621271
1058531
12975191
451950
19302381
46536057
14892
714366
26506143
45699872
20810218
420159
2216798
19129909
1465121
53428483
2649330
2251120
454402
15297880
16006063
57498983
1645752
37409460
7072682
6394169
35627865
20084600
40640761
398786
23768495
16006433
16082332
25076961
44797505
31770835
4071954
6203937
2241802
65692
747363
277315
24313042
4395832
44411716
15673722
5524019
35221890
264936
10055524
3984567
3257631
13792245
18632743
2165800
35032562
896843
2136761
54638010
2735792
23545
2685819
21073228
9838120
274035
3067624
44808017
269927
2161615
2449968
5216974
20558148
239138
986651
47651
42721893
30212625
38740974
19269621
28487068
268973
50800264
2208004
7970283
18726927
12641965
409802
15537987
4593659
239041
465576
30284
27577
13727384
2007748
52839405
272134
1583393
33660916
15731195
41688095
18253454
770661
33802950
21504556
2403167
239140
4792160
44065428
28075557
53417900
34638836
17920455
23876811
26585872
53487
14176515
789839
18913269
2877478
499423
52642406
31650838
30105520
32028
4881604
3176153
51550201
34208511
47247372
2674316
53873690
206509
25682361
19981527
12605410
4977310
8837864
8301203
7332678
5454990
50375
1009651
27534624
659632
3737245
24537
286012
45477986
285141
2371889
44292528
54133996
32096033
13416479
3691306
33407069
46501494
40135180
31360509
2252874
55471581
41236511
55207906
37687241
29072318
4435948
54405401
46633182
16062691
54301294
7292152
36362749
39117056
33806603
168639
56142611
22346539
4258460
16147738
3187112
3329518
24553942
36686154
25215010
49412869
179580
33631921
7521152
31697528
217822
39780436
14247208
492271
238212
43884199
37697843
30673492
40381511
16005213
21856285
23494736
34413419
6134921
38739635
30639082
482388
2179482
10445418
10624207
47964559
58460201
5697015
22571103
16915046
35292914
50395118
28066214
1065357
47192721
19803562
49992985
26208013
609194
18025111
10562714
16115756
14941587
1067367
19375581
477125
176855
9361924
34418537
17258773
5089705
18550042
49671872
19231063
517391
19045980
43791617
43376012
18043234
2795512
387308
17273220
35542155
58064167
11984365
40242424
4953051
18716487
46347646
608994
8291607
796221
35012925
19920277
21806455
58626425
22815093
39119919
34507995
38709012
24057003
12010057
29380904
17233268
43781536
28167138
5551525
34054376
29771335
44461854
12189402
20168907
30534283
20123215
23777194
34008984
38656580
1431534
10650236
35710116
31954164
42583287
32126681
1283443
15971276
1494401
17614090
52227021
4185653
34492254
4762561
1828997
4291565
40446618
10734877
35005487
39445
6159646
22791739
23461423
18474396
15402343
34137283
2814816
51565437
1014250
8521738
23029636
149355
3658544
13016814
44093
57147096
11574382
23500505
19728383
11713148
42031
1782066
35735460
32392950
46284512
28012533
2329154
8389
44848260
29351510
8442043
4038083
24581929
1074024
1035358
2471621
25242181
36140778
3350264
24195307
20927655
1141321
1141317
1001165
14425658
28791585
49750551
3260779
5270402
216678
2044451
888694
45531607
3477451
216680
13872635
51634
34255164
5001093
53822595
35236972
39908628
21090925
38557
39921933
14444698
42600567
27491
217961
13911234
4085603
1212140
21394297
40825774
1060279
3629053
733886
17476149
302319
58387731
39690802
13098263
233050
33295056
23853148
24482368
3735409
5197799
2550255
89008
53686204
19356
51606
48172
33255495
1693828
6934934
27707818
27158894
58687
37556
25
6117949
3049980
304566
57430554
16679140
23559400
369730
11064816
593481
5237
2379806
217631
33132746
25220261
52071804
3525706
6090406
6413510
8248531
47993932
30864886
14669242
1887121
354628
2018345
47624085
3528012
57747411
1721208
42239555
15459
1045918
44301002
56335
20840926
4982305
47814349
99277
9093929
307408
25070451
11511378
1008644
57976514
242901
3518432
12417415
24598699
24554605
38652348
48061429
52447367
1363368
4684361
47182324
25798867
28948681
21426459
19455698
35615788
23371878
7447065
273027
2107712
34009798
44318934
23676739
53998118
42273296
12370440
54193939
22365915
5098387
21544809
30943915
44049554
6393112
44927824
6134342
15875592
21595970
13535002
50966074
9413191
12221090
72132
42079904
22517503
21012017
146717
19467729
38862546
17455605
6105966
25714496
34061967
4001463
32690965
55652873
51362434
8822445
10367640
40071145
568631
465009
2733733
675275
4334983
10810
22509657
27363576
1915636
1362586
1561112
45413769
1058555
22505590
3297506
16821710
219855
43045617
13209453
13545111
22104594
3512501
5582215
38148951
4710329
17159638
45473546
167703
51285707
8675622
13811582
18816139
421823
34467735
20766046
50322370
16746969
45714120
15891402
37918086
49682781
275163
7265184
16079823
41732652
20067337
639389
10469004
8392560
3823981
12321153
6413640
38430559
24420947
1549518
13658319
6754372
12809618
16806312
8293019
49682811
8459852
24302985
7532303
23214084
40963029
45682271
53782753
48607398
22901459
4747614
49494781
31959929
2068260
28104080
46986616
1695286
24595709
48230956
28327487
47796182
50081970
26849943
53997497
19938624
23797723
47885671
20967043
33634815
15548640
4948308
921
13877205
35645628
28092063
39463327
24747438
11960085
11758262
710166
2079352
335380
17733845
31537853
38355411
54880779
39733154
37633125
51898884
2829558
1442631
25532085
25259540
273595
1574433
28910056
191003
14511650
36962245
788743
10542869
58369271
44926804
18996289
20448627
7745419
20082214
59743
38355108
935160
149973
22415694
52671
19404037
27857506
45109966
542107
5831794
1591617
8146278
50256023
4080078
57117434
37880271
38410
46785570
60094
2301322
154823
9533775
20603860
696343
206013
30515983
51498214
321487
83383
41438927
27405268
16229339
236647
9301
447261
11932589
8663210
206880
5570800
10174019
484125
44457163
18986117
41780306
1439820
49996280
454513
2447687
749336
38847202
490309
8539661
55152371
47418754
15157915
1098024
1730610
242222
50037040
236648
28822
173634
1702752
1380550
43811047
113534
3634424
57381226
632922
27119890
4894912
36117264
54932601
33739983
36973425
5676319
32200266
23942007
23845151
53385166
5228016
1356614
3874837
33777781
738927
31620278
41303269
38616536
25412862
37056
58838354
697618
37600898
9701278
22623
8544676
461563
383455
250548
67898
47646
254637
917524
3257854
163456
51758692
3409102
14630761
10809839
150136
37813467
23221
40452271
4143400
14661340
13019027
29204
4838538
50006061
44408946
52960731
40272873
26528768
38486334
37804984
46758559
2959635
28690604
44413026
38594467
817582
48725243
31970928
39142164
55976053
26505424
40698816
26155844
22497627
46487318
43820467
35775504
49925739
7681941
38595582
58860731
51893527
16560165
19440086
98943
33688150
23616966
32314989
5849971
32185609
2349225
734019
5221762
2182554
57379655
20595149
4324570
35550029
34177594
38206907
6261316
56870110
2009303
58484206
22700313
55762817
40462345
47256546
7807770
50416199
7418777
36975051
40953174
30862546
17967027
5534411
11486485
41197872
52366981
32830497
41199995
3047533
46168975
2379503
54393160
2648677
2839994
8178397
40418287
30552645
51522493
50775057
27909954
13646212
43613384
2473867
59043006
24848522
31603742
10134723
10376419
18994698
36488936
12877273
9089493
1795597
18023019
917475
1650
3873887
10088683
3820407
674133
6132314
3360243
1183053
1207205
172190
5616058
2394627
960857
1582087
894218
2931717
4815555
28552627
6298659
558545
28284703
22322716
19328033
1302410
4816268
4829062
12801033
172732
31672783
20921109
3228021
12439
4802230
4815878
33099711
27602657
4815967
7778365
13942689
4816039
3192035
2770172
4831659
4831693
4810999
12742305
29190384
2953922
212419
27950067
1590018
43324852
2943200
917174
4825509
4826142
4831644
4831682
4831412
271860
15997468
1151127
14873631
1652478
53350799
228900
1688737
2909558
6760123
2311327
65827
4815482
4816420
28962
6819832
14754966
2948513
313591
15016298
11756393
2921902
31422
3325909
45503492
54105
43434463
2959177
277709
697584
17699994
5700353
9261471
1006812
6918575
6186486
5351220
4703562
6299574
3501671
1231264
6319386
1892370
3710240
15194771
36258776
27297512
4962306
4163542
4980894
26011102
22413963
6815636
10444740
33535921
3149623
3501750
32004110
28148496
7844547
6985514
3501961
44017862
7794246
37924
639224
27309488
20734889
51030256
46880591
9195402
20201538
5655480
7581268
2041866
4889162
4614988
2521009
847284
18183337
2475199
5974406
13691652
2275366
302970
8381912
13538784
2878678
47905082
2275608
54247164
23558269
634819
4717943
29349
1798249
16072698
1619347
2870097
8034251
21369566
304091
52171188
218684
18690422
35821749
6849630
972447
31686872
12489642
52234177
1928408
16291315
8894058
7840610
24867008
12908852
571313
29646415
31678272
38590533
737664
45317403
23578353
40887950
536709
23411795
3824820
39933524
56221774
2164292
21612129
9097222
21609097
44468017
1583427
728579
42228580
2526463
619138
25577755
21195897
12933231
6214185
858708
1032041
20524376
20890703
22154852
2441544
4369150
3103351
5188465
2171774
603286
7840804
1659706
25569918
8178319
2359415
19961639
13721631
34001205
15216316
15674844
2453143
51619615
32882493
2112318
39234892
889282
45627764
3768005
37006576
33430289
25580101
32463322
55171887
15301451
32461957
55734798
16636049
16635833
24444790
31946341
630851
634883
2359530
26639837
8718425
1467085
35133057
145560
47677297
29462422
47494847
13793591
57727213
5069220
25977046
44211639
6338045
2902770
50239978
25034832
3359088
7006767
11768841
24365844
5787779
23827834
39049993
51214874
25611728
41780028
896467
413249
3639992
2191926
17978908
45251010
26260542
26814241
31589570
41336930
825673
3863807
2531934
3481930
46216787
7292351
42561559
51218496
36149650
3499399
31395604
5500801
1769531
3483558
7244413
35889270
5120334
175254
13712134
31570081
14910002
45033276
9436758
2975136
3255567
24927221
54212585
30896208
4327440
1779484
1697
3823333
24255023
1039075
21249696
2561743
4267751
2749818
1999630
3218316
874812
3330615
41998023
18613375
10982203
4837729
3245417
275978
43798141
10766148
3386361
6095923
1771297
3232701
43733152
1991469
3639333
51255248
51248452
43674980
1696222
34905704
17871495
17871500
29414816
570580
3386326
4186426
3258248
5447890
3293714
1362656
2403771
3254425
3238801
37591476
2171777
1712211
34659902
1216719
5734457
4320269
5116197
12850234
48952167
4672039
17865844
1771473
9546237
31274989
3129081
1603731
26322387
55241687
3214194
3003267
1515436
54452918
54457510
3273682
22176717
3219125
2200251
37756813
3232750
3254299
3245559
42308148
299532
3658578
5482995
4295768
3232023
7395266
5471631
663459
35027733
2925602
12102450
1216857
367399
47374753
262108
15319577
15315718
505187
30871887
2312306
24019437
168703
6824449
3410840
26164739
228190
18986058
35217524
32753709
1535557
54475604
51999699
17313469
24776228
53688865
58820579
40307746
36586999
3657398
17882930
17825024
57961367
27657083
16290052
24507303
43841655
10898884
57961493
41482168
23634392
13578453
57963109
56071414
56071182
57961069
54802140
17426820
43357273
10900288
42812539
10900613
2100251
55454506
50620064
10898971
10899797
50531892
6749783
35300617
57803864
41799869
53424490
31083960
14005951
19608867
54407645
26490423
26365460
55712102
55763611
54000468
7563603
58233191
32303287
32867479
48947491
25419037
56059899
53534516
32863806
41591537
19608436
57960868
7413612
57961304
54083882
9622178
9806737
5999678
26998955
13269106
17654361
48222967
58424126
13572312
2169072
42931656
44849691
40859626
1737045
18918232
50924264
1805558
55757770
376859
40836531
11235905
3920544
25487947
13572244
10318395
31275352
367867
32249353
55757695
28680263
40896619
10318398
16089338
51708696
9476828
17848335
23897435
40828191
41481385
41088305
10570271
3291429
57516191
41611292
24852744
18335359
7356276
31323907
13051414
34152951
40828463
13478982
17457356
24031084
49324268
40808563
38918627
40295950
1490339
25498346
30525813
5127396
57136787
7027071
22542034
49226685
42330201
1109746
4161891
24239715
54234443
14967723
41750064
6740034
31323993
38400412
56483252
14183161
2826223
7703797
26920098
3521406
44289366
39622209
1014518
21314880
15140431
43079358
14646758
2818107
19221005
504860
44517297
4278083
23753076
2207524
5925859
10240676
3515931
11991417
4187946
2663091
4445432
3921315
56921513
3131727
10478770
4667569
4481733
5804541
5807920
12220846
50517810
28971949
2343035
1496104
6394970
748002
5374
58423464
33508777
22681451
40329649
15232067
1864519
5150941
1869684
10022529
18053246
10180701
53858250
37251163
33206753
22566527
25467671
23045548
33206618
47827622
56881179
12819472
1354069
2844629
1147319
50407164
5077657
44689833
34616070
198498
2050634
574981
235950
166682
38977521
3572030
387814
8844086
28448298
15590669
11082715
1758584
13321813
50701263
33219168
33756821
14598763
8221443
35622173
33539524
4288347
53218065
2327130
7845195
1307645
1622743
12674756
3576867
1858312
12932010
6758741
9634985
6159024
9389885
23525264
22738531
15412386
1897433
3674848
8746384
1649365
57718410
36924869
35055243
717543
3625706
9060127
4065306
4168972
3075922
926163
8060778
37808071
3511633
47081421
23626475
11195685
28987114
1423551
171275
8720533
1493157
17795660
41726385
567753
4961
19191364
1532857
6774595
1371008
15807856
27486658
724721
8914490
1398587
11501908
23136809
3604670
897934
15015154
7685842
1398695
8458414
22772198
1920449
9101637
1081341
47773925
11238903
2235149
24423747
1686254
1686067
3967318
1845461
6385793
980541
1695223
8691644
562863
1493158
1976817
52761842
8796211
56097143
21876370
5747207
44466359
1493164
11059007
20090
27907468
20523198
9930180
1879173
1430009
1822431
6736094
971803
18645669
771536
1159706
876532
39063108
1834446
5696180
733552
13820106
21585849
2471993
55595029
1493168
1493160
20947430
6010337
14044206
733635
20293116
55944900
1660051
15163821
5266044
3962212
12239792
19992086
13873456
20667245
28059551
21667800
8216721
22081083
21213160
12881045
19274962
9608201
1003514
6170543
56403067
51369696
11438634
48694407
11181857
53550145
53326832
57261650
7509049
319653
16922366
2014051
1269840
48159341
58507761
45574685
20345780
32033276
7464704
44176831
51182117
34973758
2014136
51696406
39709263
625919
48635101
29367425
47401159
32339718
35708460
39665032
23713348
1349076
55902420
6551040
54653349
10411026
14630575
14475526
57289045
57098040
51717215
38977984
35209507
4459435
23217845
55780647
30020481
45195056
50164463
2472588
674863
2471507
3115768
2865524
57514012
56855133
33580968
489399
13410621
34740139
27972478
36279493
43594860
50235913
4134383
13670040
14640260
13670463
2951805
568392
1497465
13994602
57014437
8571410
17982654
43595112
56994333
12844051
34757424
58514551
2899340
53514607
37101673
3665163
53577983
2884280
37093290
25378599
22771023
7857633
33534466
2645372
37104745
36278817
13407907
2167718
21188532
56807105
525552
36214440
31331338
489320
9074375
55791795
10570905
8240597
40239557
45465621
40279385
42023647
45041334
18824346
37680285
53321573
39716535
44522147
41504686
3641838
38997905
45690088
50679114
30399487
48220362
9268023
5243810
1662796
40649287
29508991
34885249
6764050
887556
7438070
11571805
1466125
3689987
5390575
2060525
4590624
34843499
42082982
1518410
53208606
25991576
32386752
22740238
53342519
53342274
53341899
47254405
45251084
46934638
44904328
44946204
44904294
21375515
37339912
24288753
26709415
31845613
6376765
28747000
25563298
25691387
43969430
8277606
9124972
30455255
28234143
13380523
56616615
21483062
44740985
510235
40728487
30278382
30278453
30278546
28343633
30845164
2598407
4315514
42007877
146095
3518452
41697632
31565612
28260339
146100
4219967
19858306
3479136
30299976
31086554
31498380
1382093
19862903
418979
17796963
4090629
42645635
4563671
27735483
15232314
25546589
18337953
30403665
10794268
33896211
17543316
51291876
41514090
23780779
7844694
22762568
38065805
32115856
21433582
26785130
44991973
11475538
40057134
21666941
22268217
32133329
4039844
35272271
24985931
24986091
35571821
30169302
24165317
22361769
25378136
33055930
33055890
5820999
33055904
18880116
791375
28833020
34012732
33055947
33055916
11263628
54103655
19188423
4223647
33055967
23322105
37531833
26000840
51022312
23834489
34469319
11286797
35796918
5609625
32759535
39506822
8095742
36625453
38868728
3487384
26280950
32505088
14466889
101200
3050503
3052219
3604270
2807922
10835813
52296502
20613369
23496569
43160627
19985760
18267264
18014063
23089969
20036074
40380361
2440541
31525742
31525783
10760098
43928519
944672
21197938
7645552
10758004
6632373
42202409
40426591
21606219
29788051
19120274
44753790
10781494
42202134
17691430
24871279
2580632
47866339
58816473
2319707
27591447
36167375
3665183
32398858
3052455
2306599
22149274
40372434
2305656
30871736
2196312
655878
19285924
21882501
36299085
57572756
33040425
43027573
1092851
4998916
2147354
11709502
33514089
2548191
44879277
31923427
25241317
50530324
7392974
352164
20661580
33950416
50108888
33351349
6879105
3302647
58058853
2689945
36338315
49325369
11755147
7080747
57934076
77414
168270
195041
49301287
1262273
20125815
3276181
59042
397575
1150726
1129223
55288198
4561015
43051308
30843360
3024034
18672812
7228701
14603685
5304695
51783281
3946541
1867044
3001696
10759246
44841202
2309356
22659964
28867477
9211815
43485837
5969894
36453136
5888381
160530
38880219
42540274
31246820
13285062
1034479
1999794
44544991
3872451
21044568
14700883
29388538
18179847
48709903
7421027
33400269
17031097
752212
41690013
47599275
46308484
878029
17583637
24880329
8628612
17471313
49779030
1153126
13421104
1343025
8533830
44926663
1895874
32997961
26066749
10537692
9071357
173691
2549127
18298776
6226302
20191928
7474226
1214894
32412347
20074900
46284724
1289948
12830568
3820238
1410630
31320348
11611108
691322
4359170
38076607
605144
40307420
39415819
44757057
5429605
6323761
56359661
24570121
22391698
5078195
17382451
34610319
456228
17047317
44305987
46448365
34138707
7285711
1218096
10791438
292811
38208429
212552
5545236
10046665
16061958
47487515
4901255
8499122
10992481
1154340
38043575
10861655
2672278
11286206
44840979
24870823
1529051
29065882
36317612
14961001
5601277
15814736
1096074
2212124
523533
44718610
47490048
21526432
1315820
6080510
26035
50771183
30850156
48441403
33783068
34318239
1083840
6766773
12998910
7532793
19720804
42220395
39390139
47143963
54637492
84789
4340010
10028587
22043098
21038435
5703257
17024394
39730186
192922
32043572
15023734
35073411
15042421
1201279
22468739
6605912
2004001
51465742
21906303
46879180
1820209
7447059
49532900
4063249
46734622
1919008
43457966
30645016
2695709
17275964
15828695
11571173
5279809
9151473
1608102
34594071
4985226
2562068
19297708
37588909
5716879
43998773
3198990
40518294
3825802
28662996
33224582
47763945
39699
2031393
16446827
9669035
43991024
311144
24227835
27401806
2301457
53062881
46561367
8158218
52758843
58890474
36267383
31644327
2766421
7074133
31539388
556449
1218124
25287599
305466
6732560
21777063
30242685
16827555
10051708
54634132
38434102
505662
355720
17590047
902003
22617433
18939052
38061299
43938010
1055284
6528258
38030103
9193452
9930489
426350
1465184
50543732
34944107
2781553
19647150
2318983
54863506
2014778
5881784
54941387
31177312
8423682
5125171
8472134
14221884
13784412
55800625
33174641
4323455
29028401
1591563
23571011
55208141
13867
7174779
918573
38072295
6326368
12554972
47225072
17464826
34071
4296531
7835651
5731661
6418103
33743150
53521899
11816635
6055844
50930153
2235395
16189123
12889493
6973320
3448583
34083828
42420231
10105000
52185184
8007728
1332036
30911265
207021
2159272
41889981
1517837
3171891
1673284
81456
48370199
1561500
12655330
44957898
18683855
28095480
21029583
24341177
28007895
40070860
58021236
18625658
8630717
10183697
3039546
43119156
39129343
10121160
20376478
28069931
317924
9117778
34168992
293645
34119825
29720683
9409137
29817058
2633707
168601
32004518
19541336
3537794
26372319
325610
20799055
46763019
18658567
39306581
13632659
40971369
28635894
39454704
47704454
11059804
52495351
16915629
45240511
46538286
12206936
23161970
16274295
10763090
22566887
55439300
7674625
44156769
11590504
17900
40574078
20130796
37747045
29489898
24162929
2355194
2611830
15251750
20889295
1371461
2474806
17396994
30695825
3959533
23863826
5183692
54980869
56425075
2446469
203043
30230355
55074456
41693631
12941493
41615928
18605859
39808711
4025280
52100983
1716320
3986138
22643019
22197508
44298233
46796873
76958
5409978
2329096
13655309
11976256
23940382
23903619
44540967
23984203
1516622
215633
953881
26007431
8354469
84508
888263
21627571
2911731
6272512
44841279
45484372
1227964
1218736
46990044
51628324
582485
35985156
32854761
1223823
3993898
30006197
38726163
18684993
26990458
32009032
3291989
9505434
2841040
8969573
33480817
38805305
182746
9775341
15740906
49961
1373444
19322752
50585042
3931517
4012412
27861305
54517494
49085510
32178670
47281560
838102
918652
18579790
534957
15155505
316423
11573974
232700
6410559
41375117
4663891
1335269
1335181
13837468
651116
15052657
42827898
47831094
3150671
907616
12434876
7369280
27874559
6355548
3801242
419852
2118128
2193241
223338
1652985
41674330
37157983
23907824
37192515
30874228
40425664
41626837
41665629
36502123
22557905
39720542
40476019
39310798
55655646
42377929
43584113
46301440
50107702
53902967
55985417
10835081
32068509
12902242
4223353
6233014
48594487
34169427
43629877
25164334
54649476
26987676
24016512
52446591
23962373
265748
8422494
2019463
2146322
31059722
31524
43617933
16746820
13107950
18718087
1475882
18011083
16529287
35208015
56131946
56918153
43113499
28051825
317029
49288817
46584912
51146400
24594032
57945467
31078958
9063809
23840362
8687515
13106707
45558723
657032
26275189
28286035
26936219
45205414
31042619
39793731
17801361
23637214
43756121
50087320
35704438
54496010
3498753
56111842
45417036
31926296
28387476
9231017
34914037
10236694
654619
8698689
53570850
37238823
34745684
16521990
53902938
2611679
23773329
23680210
19218542
19824126
226434
50213437
14599486
10492937
47706099
773959
18978636
3014842
50753169
51489013
41689088
46692459
50107241
571794
49230406
3996332
57126321
4213750
24385331
54532089
18456409
1343934
10831865
950236
18381829
18020762
18914544
30050729
41606943
23180722
30103544
44786265
23089704
35186692
44716619
19836904
16962969
52369628
40388504
35441503
44943560
44786254
41707941
52315690
19614756
37823442
52407916
22825863
16564959
47282001
43057474
22816522
24940907
35353692
46299945
39533462
34028064
32684751
10325816
44950497
38339607
43652698
23007120
41216651
52192960
44090644
50984719
42211973
45098063
44858295
52300086
48978867
32839058
27889437
38007406
36453791
41486240
45647249
24974130
42406468
41653117
29910043
42874436
41486287
19614027
37930743
47094857
44838746
47094876
23219433
43928353
51011012
23618815
13440772
30618428
42874390
52315668
44475523
38075277
35188094
26139244
26340485
27564227
20138515
20137955
42920014
37940113
52369595
43755219
37516641
43024900
46276395
2368549
32692337
47235023
18396616
13219333
37442924
23081347
40854047
48978902
35574397
44527886
13198161
27660657
40360817
23893562
46265701
41885945
52350169
43057409
36217634
35067277
37444032
51376135
10076226
18671075
24377548
24377565
24377556
24377598
53855893
33448807
23032704
4196171
47706486
23170943
48538260
32573318
47490662
32784560
374513
367428
366248
359620
17190866
47311
30765842
2371231
23983794
23272431
22565223
14537618
383275
1364857
10340791
1390517
1099767
47316
285237
13053538
58302778
10822896
49489144
57387619
45531515
8376898
23076212
19359236
30995463
21237383
40428238
45531653
1646893
1493366
52082421
28707869
36725852
55167707
1229169
26505518
26227647
55312979
28180656
49905124
8249905
23582704
26857158
46912960
2834986
13709454
51145317
22858952
4030561
25067242
24110799
40214498
40192837
40215884
40215965
54518167
57890827
57935688
51097002
58132834
2385509
24420136
58132840
58132849
6503405
36189694
16403453
35216982
28513956
5243896
58131506
42842614
10419843
34959624
9480162
23686896
6051781
53528449
4854228
51297726
9249889
32571642
58133245
28169163
2242384
50749966
49749390
22413813
28218348
9444556
3120697
2850198
30372677
23944864
50985798
48708589
51612572
58001289
29958112
28994365
23200412
8078773
11453571
36948586
12868474
10055241
24535575
12379470
40422191
40422267
40456954
23244558
23212658
23210175
23209285
23212778
23212818
23208309
23210673
23209055
23210716
23212360
23212851
23208482
23209136
23212538
23210089
23213127
23208764
23210245
23210779
23212723
23212704
23208560
23210380
23209992
23210293
23209935
23212961
23208673
23213086
47031179
47031238
47031299
47012250
47031188
47031252
47031323
47012259
47031199
47031264
47031335
47012265
47012274
47012282
47012290
47031207
47031271
47031344
47012298
47031213
47031276
47031359
47012305
47031221
47031287
47031368
47012313
47012318
47012326
47012332
56563764
56563881
58712219
58716045
58711587
58928003
47517939
35926716
23943406
46849831
43326773
19946022
24411977
37722031
34207249
4601670
57050711
24411021
2178570
11633074
3635575
41259053
51779233
174823
41710616
26749292
29114138
20152656
35252807
18710520
2472666
14979
186821
19895
248950
7761535
46565922
60605
24443029
26664939
42951607
57311198
20785764
58161
41422923
38445240
31827448
625897
15799552
2269070
43607240
424015
3679934
195514
28840982
2412077
2995856
46236291
46299057
33059011
386966
11498855
22876971
2675131
633241
43312432
28953455
46347216
1201011
1474704
28553041
651396
48925333
8167260
466610
9199084
1262252
40581436
21255249
27661897
13524769
4613073
6831620
22421027
3609746
4073958
679723
10987023
6636840
2631011
43403583
14293485
1526030
54911642
22666962
702721
1108095
5845842
1207149
1859520
1677011
27744552
3213712
1446010
2910904
1930945
28061194
12027750
55769679
3882501
1247422
736403
34602583
13761838
3850058
53071370
1355489
733700
40251503
3832017
7968485
147626
28113969
2904651
2524286
2904705
8359810
28764960
238528
43672933
2467302
42920663
5122292
39622687
40699009
2900890
16006868
7255652
47972269
66284
40333593
22600
30675446
50367539
12285350
54201
11708313
1945917
133176
2920661
309620
53546885
1276623
5988004
48654609
3116499
13036634
14575813
24365459
766619
17544812
56496928
56521678
56582097
23446679
19607790
8469736
8421759
1565652
44956503
23138912
42302752
21230982
168509
54525932
444722
904988
31380075
4847130
6982399
6944771
7591
26508916
466440
1072308
22937178
9993787
63764
46829735
37976626
4385759
820953
44964039
3381432
9905730
31006155
1045467
63531
22211063
22526246
1350670
9360430
15959658
30404461
9360859
3293217
14610495
6942284
2256919
1970633
43616794
13627576
2591753
58693096
2368893
3274546
41493350
3744279
38098048
31917777
2435977
26804277
4755585
40586087
179400
650562
353761
20909910
38770779
38621100
38770666
25864995
14814454
15351073
15063532
16855496
42719238
43613196
1260753
24823980
25217023
37232891
14079056
34340729
44243826
568003
17890255
2194578
4325643
44870663
48336
2517465
4456906
22359874
32634806
29654623
12271753
9269527
21479285
19878968
43339830
23388266
27381458
23881177
1054011
317900
2344016
893432
520924
8433568
17183344
29720839
1864935
34688638
20126659
25538939
3073029
4096680
56278061
47813845
32011220
30765735
2676476
22777135
3820723
31998104
56202906
25964542
1654410
1606256
8374916
38325350
44374513
5985437
5868883
28405965
17030137
12585885
3055564
11549158
4423772
38887135
40478852
41112592
4252726
599463
424464
54385027
3388376
11549201
4179513
37700662
928146
4724514
24237424
209023
12819514
54752502
1914
55868631
