40880627
25414
14541296
1506884
3862966
2660572
25011238
6207142
57821740
37620888
23712707
48269758
47014722
29456257
39090706
3079141
52577251
8582057
13568947
5194532
43848216
43874099
344406
32116915
12859
51548702
13670953
52936760
51845161
6240027
742964
57147375
48841554
46739391
79183
14272151
5379111
15754385
28193343
33853725
52387040
51428864
31829597
4752195
34418537
4337094
18888280
55293002
31552371
385729
274738
1242881
39066
57075136
6073156
40305296
13620318
24210813
1548703
4316600
212485
12393
340304
33959
191387
26147
8224087
2523646
6943711
51132349
517983
3064022
915533
1143671
511595
33795885
50650513
1172843
38963391
1172131
348450
184858
10091322
8751403
8093277
7325276
17784363
56011157
47924498
8990123
52266305
13303099
21619497
41232042
15625048
1834408
4661611
7806787
13632743
43424443
6948695
7959344
405816
2514806
23410414
47102500
11256029
2785710
246903
721235
47458100
21132127
43300716
27124169
28413544
30479404
1242905
18346010
38851513
8646256
44651411
1054920
2624800
2038684
48470636
22267770
14555503
30482865
5038821
536656
53040938
593135
13774844
1468653
44587520
497380
1185902
25429238
55425710
24704855
261899
17009946
144247
246042
8999824
847357
26726634
144128
16995
53831
53673652
4117066
8625424
3166033
217480
49895
1863850
34741578
25042
62062
35444380
420034
178311
1890013
2623640
3660658
29977783
321459
3805890
11836131
1428576
4964120
157909
6593765
803672
1490408
9231515
29359248
23924111
513815
3734595
2214023
55383649
75696
1242447
4024947
185441
725516
102883
18935258
39709452
1178
241787
494683
279597
1808630
977209
27990810
9831038
3383953
4763362
19395812
24067728
8363
44941
5139911
11064
10837
2262129
47604834
21738163
23077926
190424
8667577
78215
555881
1817874
47586513
1456593
364295
29466318
3988570
196799
262629
76176
24805
10053429
25589058
37579315
12142041
26447
12178732
29048891
28307
14324827
328815
3159905
2671343
58444681
31275
27913535
2218843
15247542
8582624
10510197
2646111
4363081
158849
31822793
8983953
2118673
3343419
47044481
2882259
2381268
277206
2795075
10918306
58047295
54015466
876488
216613
2892975
2394308
5104141
53511296
1904053
16974581
23898659
300184
58686949
1725585
8831328
23797095
6330872
52916041
4070755
48682704
40573990
707043
45671382
26279550
27913536
32516987
13595906
38802902
24003514
1686657
25985377
14804462
810141
31874
26152065
7159423
3697838
29889514
4746907
20101660
4186421
10998460
641921
7159198
250856
17796289
19989889
312809
306555
525885
1752698
24780
6187763
47921
22726102
38468625
40079394
292208
231943
5580706
44182048
2864137
1775318
31582262
2269700
4698584
6189446
709530
339852
27818536
290437
1896677
1291485
4820996
1524635
3032160
1342185
3859907
33909
14839281
2972976
52786180
55909608
21472049
98511
39091160
2559878
1253138
2571823
15624
41762731
37737694
25793095
42753007
26730683
1856409
41542381
14499166
4504155
32237514
56421869
25928010
8734632
42076058
33492675
2080408
765452
56521178
46006
1482062
50211648
58122233
12311883
34080397
2894295
43453855
56709430
37596728
33279328
304483
340314
32760378
1406210
56205722
28792019
16880874
816273
47737052
14080364
54759996
35195529
2737898
1646993
910851
22477693
766488
49256077
49670086
4501371
3837469
9040892
11222888
14905284
26770213
1806711
32137290
51097731
464773
6747138
50338414
4614819
46341991
53654436
21128296
53142910
5071878
50108911
1449054
5667815
183054
148545
24760541
8547653
13929
34945846
925810
1831837
1115961
1870071
7912930
23733822
43250358
55044599
18763425
3332274
1986025
32065926
2347090
12797709
23340
27533089
1981121
508376
185642
12032006
47105495
48339801
4393502
12192781
29266
52175459
12276403
11408137
602114
46190680
10325000
18076631
10373576
10899216
43015432
512539
33795090
27259109
7610
18337522
40273166
54347291
13677
53677324
1422130
16016
1040159
25955086
19035
19541
43712
30221292
41124700
28747
29405
45453168
323777
21378279
2999867
19697849
18410383
28066897
897595
353869
4618857
9196090
1005308
629898
7216004
183232
3516682
50405
1861989
26959319
4655661
3735397
842572
271054
34954510
328397
44901471
12285231
9714669
1763515
4451083
590270
2092031
419369
549111
1137789
708719
708715
62984
5858519
2278666
24972
38614952
32058165
851128
7127833
1005244
1696091
9208751
47319841
24464731
1324544
286805
23834216
52991970
217472
12420
6182483
5646829
31480
26484
52328772
32772868
2974488
144178
41042751
1863799
1476496
146656
31635345
1457023
22772796
13142385
1105623
21099073
1449016
28026636
38982910
25536085
1424484
3650673
50876268
6168896
25310806
51920687
1538472
30712470
7436795
23495894
46746545
7684624
200340
1688138
35694109
12366113
33223187
28688811
35527699
22160305
214954
39646660
175923
31782623
23605746
1347413
38446305
3796695
53785213
6966876
30235407
44244083
20154002
32224
31902
54801110
8722998
1363068
12981334
34157464
180162
2331004
25441942
8917125
2550591
27150031
23683686
26875658
27366895
26034454
11412059
10084748
30778033
27369104
27169424
56027621
35622298
3972534
54301172
7471277
50522600
24060108
5656439
6085509
32950734
9535041
49050369
8215268
54944
13319153
17697896
354220
14616221
3467768
1194689
175914
51804739
185692
50416177
3888089
49985602
58314758
18454599
36627768
808876
19011806
33521798
29722995
14178007
7099224
25328618
1430048
41721159
5795655
41002569
39183604
33061019
47888989
33894006
1666883
27702479
10120046
8162609
1261289
2527137
6928023
3095774
34531625
56448182
9273440
17813978
20412489
49657340
21846129
16349122
79452
15827736
21350938
3231
1271408
2773816
777814
3815869
684758
1201811
1336477
16853
340618
335706
22776
218271
22781
81677
2148212
1126849
173117
55382
46556301
7199040
45521730
40008104
36672218
511762
34012719
55466103
42662868
203688
49847177
24366867
186758
48732817
3593985
9226144
54119209
7871339
33653
42081
6938475
15854986
5185
1410955
54521927
1559052
56646031
52707728
30864698
1925150
5438682
47884624
46999007
27411286
24264140
22394735
50461806
37644368
38899978
35038603
45325184
27365039
960626
41884135
59005583
22748910
54609218
12701242
41242918
29865528
17511358
12585087
31520208
21925193
8884660
1564677
7916496
23738464
55125459
164548
38919445
1746820
3805145
2524491
3308034
19535017
2315049
19380326
50971222
2471134
3062356
576308
20579965
56392403
912397
22975355
18253140
2522625
39720153
585226
26223218
26614118
5530157
44264111
1248736
25148921
28037440
14307365
4674887
29512286
18200598
32043296
42106922
1555284
5098547
34114756
46587938
55505489
48099658
2177462
847681
5531510
19380175
19380196
4813850
22352080
1646805
40423826
40625584
19471634
1564775
23124223
6814710
53871046
13277470
17051032
3063286
32396918
32457068
593030
6629079
4240818
44405962
2041315
43385814
3473322
33398390
57233560
21415063
2292941
3163396
11668427
137197
9994643
37653394
49854403
21878693
2941757
5993039
2451216
24644337
40100817
453772
56424657
40088692
27143799
7174613
840063
47827225
17674966
8486183
57288101
2570425
31584958
2756263
40957603
2399976
3716462
4395638
4509725
19720856
2094849
80648
8240054
35432202
3313267
4396864
28465322
21284420
33112023
1972686
22324505
16974228
23777270
27929681
3473742
9169274
50482902
1731525
14651209
20441674
27929690
24698454
44746378
5724941
8026197
12545239
10482222
5851271
3746801
2048291
49423318
24747192
17585079
3967670
10857011
20108462
32896231
2335285
5207395
38013371
5430925
7399401
28351
5695920
9485267
32261537
90801
7558207
53837467
52097941
9974893
582588
36893973
2483269
7285623
37421285
41503898
86535
4321241
3347020
4669490
47222199
743818
20114586
7264868
1235268
37498277
5807544
9047958
50534905
949551
2785276
24665688
48250031
4391166
7132562
5355268
36318251
32095178
38824549
45354691
22253794
10374762
44512712
2109053
2555794
3679554
40794831
55087865
6695708
40243563
41943022
28575556
21915102
53897055
16411088
24337328
36721150
1851949
16255990
28993171
56908490
44509472
11858886
32003441
22890906
54161573
22930582
4705137
23741564
14541333
27129982
9776383
8726675
4193147
6229762
16899662
12118502
47232546
8112814
19397396
56717566
2093470
32822009
8500285
13166315
47228452
12118527
33654862
42467971
38477873
2257291
492194
40109865
35096810
38764374
34028871
12890586
39392787
41953494
526686
31952875
52962560
40270292
18506138
44811702
11252079
10492135
7388158
45604949
2711441
3543511
42644402
40000497
9604407
12653858
18863736
22465009
11337252
48833226
2268162
39594129
31953357
51237018
18772810
833995
57922843
39520904
14583136
6833440
35123478
9163761
43634378
43634476
56982867
4120450
31023476
38215048
2767997
41669995
8571904
18438687
34499035
35700657
20768711
4204810
25968747
5570739
23162242
41456404
44080109
31967512
28259470
12211537
56770505
31199036
33569174
9473941
41748485
41743406
2594995
1491156
41884210
42662745
5820
41511186
293836
13275771
324122
39447439
39449131
51244793
1814230
28272
30365
729853
1813005
41749102
14605
1262099
2022070
3267529
50149041
34437357
4320585
52987790
13543
41091367
25525228
16941443
10254359
1103425
27964
47934148
952063
40121131
30197071
53730030
1746771
55494
4251
2679814
19760
948439
2691861
20826
788253
4578661
20557247
34533
1027957
85681
27754
13906453
1503458
173436
1906868
245650
30874491
22404218
5211
8955339
8632
380782
6718101
3899958
1064157
6092149
18954238
6037917
30367845
335877
6143067
3056180
10334922
1873589
392530
37656338
42132
1204357
11450651
452800
273817
650498
53474
7866009
8954926
1546632
201588
2399768
50117949
7775273
9794959
11126010
22944160
20283076
1532436
17510815
54946221
17516155
310244
17516585
1630583
16799301
2405374
1834525
3192804
29160860
8134297
47654140
11235856
5476851
7733838
1794046
87701
31882387
51453153
28845738
326609
55981540
38744849
51778
30196087
27656334
18479211
1538431
42073949
1265346
609606
55494485
977464
21670292
9862578
28714269
1074931
55042919
22947828
10436741
11933707
3954776
37285979
44209438
39106304
1857117
6572432
24365881
55174
1469427
47008997
53202106
215350
29333016
974449
25668410
6660790
16351170
9903486
4238641
14703837
42962906
1170317
1029287
410307
1117473
26366081
2637407
33614155
24192287
53860913
41496207
19107682
1755121
16680441
263185
2942557
17919144
898530
1323487
750372
31592356
1561255
1561468
8121183
1354220
2157118
38361644
2239217
24917784
563019
13245941
24124747
39649476
53584294
9157132
5979920
5348970
307191
37924473
2019094
21496295
33544044
1895176
9323628
21968099
641576
24134828
25565752
9908957
29407333
3106860
1830153
25915
2175765
699261
54678131
4145695
666420
2621162
665637
2069127
35297590
1663775
13118744
2386348
24243160
473299
31820880
28348423
2610144
2351121
189740
31800158
21030880
200732
2260505
18013907
26104
5482306
28408
2239549
20367077
884423
614337
1202295
4635236
225009
2934568
14383955
58744107
574362
30356
51429008
750086
400236
2179356
1178251
80656
24169869
6975118
44788382
24201943
24502289
173592
3708968
21352491
56728073
6280695
55748661
1819550
31326979
8680698
3115987
53138246
1197947
18507812
39388154
53412754
5847567
6399766
29322298
48761599
22487
6272223
5118841
18620938
1936524
71556
75812
1654419
228484
51613496
1235749
47016248
8280
246574
5663918
54662741
1379331
1984670
5209768
54205595
10063156
17452206
3700127
9593490
2295842
539139
2719557
180786
53156667
1089939
56393623
2264137
40451129
48489
1654218
11913263
19091682
847998
283849
7298917
57749341
20040636
1037059
30544176
55826627
3660400
20511080
45589862
48789399
1836322
17279817
28012617
45936
57971639
395965
31178
47059715
57898733
1623276
200264
57688660
58431532
15769744
55360808
6518660
797295
200730
42614948
55133867
21455789
1252580
24510892
57874950
59016643
1905672
7934013
2426283
23590
3169654
7493315
412839
11238788
1756663
6016173
237890
42031
5452277
40771455
4349679
412846
40851426
38920249
41007190
593095
2552726
44839504
32589779
19195836
23577508
1423
2533249
48495800
4382952
2503489
2375688
1975701
274099
17990997
151992
14429
4189245
93355
213171
50428265
434890
2174623
7280451
3648033
192516
23410226
58777020
30074607
1140478
446782
89986
571649
342411
30874661
2360572
375565
50328762
53541069
19984874
57490880
55061854
482581
8642050
29570464
515258
27996236
57245468
101419
25647386
70548
1072855
18952743
2291063
1004529
52618246
11472470
1196908
24104169
32059
1765801
51453135
26861
34895893
288281
2231495
36716579
60520
1865995
4876257
155406
43616178
54632646
55071553
58342854
13738459
35818571
24418804
1861485
21988742
51260309
35495027
10324227
25023044
6480515
599192
32532820
2132858
56431856
47447092
3989939
462984
1780579
833811
32414453
12501966
29478378
275099
8058644
30843
1393811
4254233
5326
8582
8620
1795042
311982
13627811
3718074
324262
28326023
8201921
3564854
13674692
23703593
16660749
4957085
2359894
15190312
32048534
9526660
31280962
221908
3598396
39054226
56543322
8215273
407463
56733696
141628
1288782
12741534
5356902
22524677
53396545
30863941
4198802
6268592
5308146
53248346
13965067
312864
38849149
9738171
10299096
602068
17862013
11876825
4699587
40243586
4615979
7595969
37551405
27976161
1583130
140731
3538621
373150
34459743
4180483
938911
5427634
53556535
318160
1049434
19690443
27534729
1035886
57683021
22462329
94917
51487718
2282254
15460996
13078
23049767
36228195
37373101
27100668
313870
31865085
31918503
58677565
31965780
32026909
31925401
36257278
5173796
31975691
36256739
31965225
32033120
26377192
37051038
3722814
36108420
1608551
36257922
3207063
100262
27846489
4021143
4540597
25807626
21017709
4360893
31927892
12418604
4398216
31937372
1921562
32037005
565217
37044979
6072959
23602761
4766969
14100915
43559445
43559338
3720264
23210613
36989349
58002085
35839862
21801574
11880429
35562101
99748
4055462
2542379
18020168
99750
451846
4107996
6402034
93104
17379
3264618
11158086
3088856
9077514
6002763
82162
884220
1511686
29067
1812610
34945713
95278
970992
25507712
6568326
5640210
68554
4695306
1424697
3865671
35014197
27764770
378436
41968699
4035076
16721058
733975
3217727
54551542
943833
27051743
27425320
31427652
29786770
442749
2139882
33010213
461791
528716
1068671
35190589
47158180
2458065
1340054
13022814
441488
54577396
1898850
39801325
191300
25333223
7646119
26130884
15027247
34032726
3437332
173131
22389735
22199069
12635960
5847561
5704380
21522903
16550707
8502708
474582
22688031
31838850
15739769
31953796
58937050
2803358
4094667
60842
14506951
41101185
2635942
668223
2880732
18134086
5429398
55462168
85082
21104854
3853432
3853901
3844000
33013530
2844245
22936681
5860397
2268226
43505790
31470066
7536056
23244081
26317963
11054437
42321583
31555376
1677175
51417357
29385859
802085
2583411
900674
33063577
35246862
12104011
1503223
26876094
5714197
35081909
35081255
52684060
35081783
50478937
11276551
35080905
35080911
35099779
35080715
35080789
35080836
35080767
1074750
53867340
35099719
3753374
35080813
35080752
35080659
7424346
35081631
35081642
35095810
35081163
35095789
35082178
35095836
35095817
2737348
517965
21542678
35081055
46327401
11782251
7785499
26531711
1074787
8354515
35096646
35096679
9025
14385492
55960565
14385575
54514846
14385541
36952136
58596723
19792168
4642330
57808668
57808672
35549978
606554
30422961
16419238
3056930
548830
49298697
3852187
880898
61963
2283861
25915156
53791987
30676313
2659799
4109467
48700400
26127117
50171405
6438368
4107069
91097
30720769
9409363
30686370
35641284
4110012
10882056
35432492
9357769
49503293
6007897
14385824
1030331
5456607
36895932
3781758
10203939
5947441
2297612
7894669
14330284
16982882
30707889
14217159
13320028
880901
3851231
73186
1815158
3452768
21242185
99553
4398273
1522421
2131310
58439853
1945101
44401702
35304409
3286121
13427841
1935550
40134533
46297610
6007221
4779889
14372534
3969783
9633503
21191708
14641208
39519157
1652601
16172394
55296142
30896066
4168529
31958411
37321573
2982053
5575523
9547941
42443359
35009044
48916676
2806360
52810464
48916849
8657945
52426072
44172392
32233970
3302490
7660879
23125724
27825331
38627048
33747722
9315987
27751892
38476779
33443475
25255520
34611
38147574
57186598
23546502
46706805
25833123
5508843
24040599
20255982
5523512
25087468
1902811
44030731
2217203
47443829
39745783
7108808
39747621
13773171
39519183
29463753
874587
5837987
12040246
891293
19308446
37689400
1052968
34183852
19452319
4334669
22378837
20761741
18142121
29258531
37987714
2400868
36250860
36057569
36087372
57829964
14793819
8066307
4821367
11495940
36835425
1628277
15577279
3132196
914857
934009
38312185
4449171
4125264
447174
2128334
630344
474659
258885
38991115
4854673
5985748
602131
2109945
2352728
527132
12777038
15049972
48225813
43109560
43251393
18615193
7283164
1403915
44259391
8805546
26409938
40731794
17954567
4072500
47932156
38004941
24115
33363938
44732655
46182740
48226127
48226342
23025123
50219749
170183
1095050
212622
71942
7819040
18185
5627264
55606736
16129609
14026240
8945883
87243
156591
6900335
155440
37292
161993
22535682
26610700
559043
57760770
11078992
13177936
5860450
11078705
11078515
5597183
5861691
14849680
14836727
14836740
28999917
20897194
58522924
29616534
604377
18592817
2405941
689460
19041904
18564990
18310781
37843750
1791376
3324175
3322860
1867223
45346953
2937325
16824114
53925619
48942662
18074578
3763522
27533721
22163759
6221520
24931761
15587087
22624169
56707909
52243927
52268540
52967007
53985129
28967623
34369670
464277
1055633
42735017
53009294
22897160
13240787
2741433
23883376
30536757
3573265
39091100
11695988
31183117
46518076
45325955
2513801
21771273
204278
29562362
11619411
2399886
7706500
32898035
12869381
2229107
34159167
34702643
15484860
7382477
7447420
55971689
13800996
215539
39027694
703994
30104
30106
488382
13379843
1645921
30292471
34702320
34701569
34702333
23927021
727889
34373877
438636
342569
31586103
597543
1880407
31647891
31583703
9804535
466991
458277
12962657
33008767
2266434
5312
26744173
47722129
46898456
3278792
143832
10129212
15570226
25660316
142580
1452577
35646487
4977543
25519998
8847704
54547988
32277767
9458600
8390762
39195811
25282545
36317865
297127
297137
2282082
1882079
652550
12981998
274531
13290537
410934
20238168
545745
11397
840527
690865
938581
14996894
1411798
4473928
1912423
876456
13290254
1744403
446888
18701984
13986170
204745
1732721
88839
50335
45651
2469861
1743370
1135086
1093105
1625
10283203
7349767
294996
347105
1554268
396568
8401973
1306229
68636
9728362
30702118
11105864
1007973
31871380
316795
4147957
3224868
5984994
2760677
1119736
438952
83484
34402645
18589546
48966861
273424
845110
711411
35876873
373027
9989934
2849673
2870497
11914247
373023
6035
940009
4955936
28981713
721873
3476845
31842588
19187131
10893410
1618754
29034128
4766869
1352911
541701
5597549
16093772
35587710
372451
187886
5631523
649383
2467608
38967765
362373
11703016
393968
5892351
48714865
16730861
5040
35025804
4004870
36294182
9057483
9056282
22738883
18448016
7914867
12610985
2872504
529832
43274654
31887215
5648582
19626
19101165
100393
533626
14285288
13932631
1593862
3688800
708276
291170
4886003
25874
571809
373076
1439959
38304
2894130
42076677
1358357
47840877
1019172
41973789
2237445
24374719
7437080
48497087
3544992
83742
25597
44877787
21602468
19881422
665233
36996627
7079135
44877934
55342140
648329
5217030
21517731
2265392
234523
35520839
3212851
11481954
25428090
1543851
35005710
2467654
28416155
388149
49848040
9285152
2331097
215296
1007213
51252065
37941373
35827417
5800759
13768163
409824
458450
24793256
595872
11943968
277825
49736137
458453
33110265
36109793
38085161
606818
13900653
56434626
16350608
32024895
8141896
52306516
6798783
32516206
822311
57321295
23761626
1832050
3538206
8678405
56997348
29462586
728898
32632
56708836
428629
45415300
47505259
3180743
3051576
1804802
10398516
27379870
10396436
7651781
52273307
33902546
6728421
2666159
371540
13242369
1833646
59385
1504924
1819362
625018
889075
204592
207035
145159
2328
3216363
444183
42269659
23025585
1139086
1047538
1127887
1398384
38310
1481886
2154325
1014590
608186
50243300
1457506
353761
53292
8847983
12318877
27030606
8846
3865655
57983
3679429
38147884
38143541
4207024
6948626
8748
2440910
362970
34630675
25566420
1852482
2787641
18947783
2181051
52133355
9339843
12678136
53428626
42102812
5837072
10568048
13747600
20428934
20420897
20201560
20212440
20211346
52118008
103407
1623246
14415
10567847
50578008
990994
1913808
14609830
28979
226959
1262380
2104803
3021808
623197
48836
56324
80621
2138269
43038076
55591926
6910934
7587390
2352962
8826171
9656817
2082257
13482790
5759586
13729397
7748299
17537
2379072
10024
37743
464571
42052
1012509
1759714
59055180
944174
47888740
76902
1740455
38394683
1991704
10230735
10232359
5679286
1071613
10569248
913844
18952953
1027027
9099223
900439
441822
25887343
25887371
25887387
25887394
44540591
25887416
13897410
13936892
25887432
1648233
8268475
25887525
25887642
25887651
25887655
44633053
25887671
19607747
10818212
25887690
25887697
25887718
25887725
43248860
25887737
25887747
60059
560165
20184481
25887755
25887759
44633011
25887765
25887784
18423404
25887789
25887798
18422847
48483580
18427160
25887819
17217452
25887839
25887855
25887865
25887870
25887876
25887903
25912282
25912643
25912785
25912789
44632637
25912796
25912822
25912849
19493359
44632900
25912889
25912896
25912901
44211297
25912909
19982879
19982655
44632955
1648020
25912915
25912931
22084324
25912939
33261405
44632306
10629852
25887440
25887447
29507953
25887454
25887484
25887490
20569758
25887497
25887503
25887518
4784103
25887624
25887632
25913116
20323422
25913627
44633113
560061
25913665
25913676
25918266
19223408
44632967
14027624
20183055
25918402
13967308
13966832
25918474
25918495
44633093
44633072
25918503
25918514
1648079
25918856
43286618
43286677
43286713
25918862
25918909
25918921
13966444
54030576
2657533
25918956
20239388
25918973
25918997
25919009
25919023
13935415
38468
326201
27504270
841441
1462521
25077403
19543899
143843
7406010
99761
5655279
30990097
348970
60920
30942
97122
2368466
10484537
1818461
16790181
10987368
780845
11736363
54534848
31568321
69361
39374146
4184356
23270731
15405942
40592866
51394731
28569941
40788539
6041959
36946834
46504957
16103038
26297887
22822250
1371359
5036540
5033818
8344242
42823730
5815494
9295829
13227123
4074188
40925619
22379437
24002703
3025935
1130003
32761170
5398628
554253
1515716
4447601
42743229
1566697
1523911
16237168
7380268
2162936
1113731
1984471
1359030
7769367
4224979
3225081
313333
489636
14438917
1559978
47334451
26393004
11582
19495121
182557
37185635
4827195
48423915
52303
13630043
37321800
16147
20547
2035419
1805371
1686010
9111764
11097960
14786439
22543534
17367676
13411933
34282
13678088
351269
1434196
2407427
46295878
201285
20526461
50023
16328105
20613331
2216235
6469
134233
3237605
1545452
2542993
30094661
2401051
13873
20611083
2111368
25617652
25617871
1073154
49518842
54335535
1373092
226126
34245779
61358
3229543
10436084
28840
91190
75792
295074
1029883
1596177
48909804
1848675
30840200
22379656
7545639
3264956
52147324
1789
21490957
37069865
241617
44196444
1967468
88358
699687
152368
56286411
23180078
29104979
7398725
32251958
726338
2950845
10615780
263153
1723726
696324
5648807
4946600
34703724
35387320
3433583
52001646
5146517
12383110
238852
1810126
4625024
18066594
12219528
7454874
12284
53118642
37212142
97383
10621538
31636714
47663700
27292060
14844613
7963550
20751766
2599262
14440297
7631171
17091424
207217
1088921
26504149
20533905
46223972
51355074
7104
48713575
1481392
10804088
4565834
56329
2116972
9644048
2054502
23144534
23411016
17102818
191010
22849642
989897
988414
177725
11518297
8311711
25836956
23152654
23910198
32843806
14966929
1684332
4120613
12127081
21173144
1341811
4436466
1122675
5024233
207147
49942
7520928
50547234
3221635
35246903
13532475
18560708
6335095
10596308
23572897
2162079
16290254
21920672
56157486
20062
58506386
31051247
21027316
47706006
58015739
2442894
42128131
20602969
25609889
25862604
26118682
18284675
27070666
37809500
360414
37774663
26052141
6353025
2101485
175567
1865506
15103387
24246250
2416302
33826142
2535324
3020119
30875829
25948857
52268586
6907
12825560
1847412
27908976
57976171
1442889
34128390
3634350
37626053
3630340
12782915
49863723
38360155
9123163
29399372
9545865
41918859
11355577
54953105
38028675
14356241
7937557
57671982
48343259
191846
10684752
33895440
27376226
3259783
47645891
23123693
899881
933673
24385757
1386213
495223
49987657
46596148
64304
5142812
19649427
33069452
30998696
42433462
33446401
37993692
23796787
45586787
37387161
734272
1084815
92222
2730395
2346810
14901686
84089
197367
27483544
1120167
56047465
3920447
5131592
23956012
29635206
7764752
1245254
2190718
1165522
48470754
27987730
25113302
4833512
3087164
30839809
37077453
2285473
55118688
41645770
2562813
2308363
53655846
6931929
37003
26936458
17215845
21556371
49443998
1835579
55058281
9578417
70707
5007964
37827749
626834
17215250
19297814
217045
38478129
9507907
19248593
4927199
3305409
4437604
3296395
1932032
57494429
57769310
6082936
10166396
10511903
242601
12482283
501282
21263353
1017009
45165495
32518176
30690
14569019
6933106
673861
37541820
1056258
315165
7104354
57726332
266899
57821051
28867511
42734
28677895
387308
3183949
5545123
26078064
36435467
12896287
31441183
8933822
19263124
1914387
8136204
5044267
144804
34258
47066384
164632
2050244
14817982
33575336
36980498
37121281
149840
649494
536811
519052
544080
51148216
157955
13756
9472976
10445256
3333470
411844
36273165
1993094
7854483
14273322
2069029
399475
3860899
49235199
2397262
11169327
5325873
8017359
2014635
1588400
42552996
29174999
3469019
301496
29540291
13251936
519963
4276967
3412459
2866401
56531529
24480631
5356595
47556935
31217017
24925225
35876848
19220693
8458281
7044989
30653447
31934213
44638729
27746052
3566097
876449
5210210
33633726
57675143
53487115
38163946
22855104
48500278
9810112
6119336
2612206
1262175
1997666
21742
53066655
4693186
33742554
3092778
9576022
27936270
54921706
22191402
4279149
14093939
434170
29431709
35876330
48757955
36576115
9492078
56922080
15532564
1609907
45122071
352466
4842689
45082585
23775737
1678383
3540478
7148733
486313
6845876
13305215
4175340
730046
2214225
17685769
15847948
34382216
9837137
13973765
43777594
5341431
40378667
21455303
34301855
12806440
21418372
22285686
1397144
14372442
308725
52650895
2888430
13028061
57746553
8443316
3512505
14321687
57364131
766715
11654301
673799
265635
58898934
943115
53878097
42861322
3057776
3057854
570855
20393418
244074
37536553
4386520
2180321
11240682
396525
21175093
408309
639226
2323382
5098423
52140501
1206524
25125
57463542
7547202
743150
277257
21345902
4859755
497935
50485393
1331886
28370
2888449
195127
55419406
26873470
57890213
1418332
183448
4990906
87334
29580554
2925345
3058
4388950
3199094
2301634
42422497
43980531
23344897
24923286
31744838
7515615
44398507
19623743
29066388
58908392
2875157
41100648
185843
9760
50288713
12904580
11115393
264085
1046630
4325981
5872605
175074
9230290
184402
341983
21268570
5368520
705931
3842752
29435245
4158535
24020993
21615
186746
14237151
22589
23817468
23817612
4165666
13863712
3602326
2005691
10588444
3363483
35764601
42478724
16838911
26042
54320963
4865709
19283071
19400819
445252
26974222
7789539
2046575
20396733
53575661
868996
14063048
11197908
10614950
3569474
1114292
44074749
753057
248309
476378
26752043
27562382
7281389
3010111
337346
55835548
3240670
2987732
5077701
3098574
927025
5001858
86364
1703132
55296379
35824191
217115
297699
916669
164070
6399153
57456779
49053263
17324173
15124285
39451264
35734434
23922639
10653977
58487686
30075020
14159630
24111668
36822296
5860792
1999474
10819314
10242200
21855016
321931
171428
14175538
3760018
2900869
454961
49424003
630081
9042644
25884080
3795672
225620
23705018
2622783
10272350
1454375
23740963
8671831
408328
4248813
7869184
42407157
44283744
5050289
36132853
16862
408340
4560096
174267
176796
55298071
3728845
20860
9043106
54093044
58724755
36291633
45667
1062625
422504
448028
23862598
144175
12224008
31395
45669415
45660
143475
48482402
28387
3090959
13588294
12080770
41757248
2493
100542
409394
51993117
14085792
1986739
8328810
33908012
3586182
4457559
5186688
26237839
440260
46661717
15188422
1865924
12471
52785478
7582544
3410269
7372153
5289926
13110480
95809
22511881
40712928
30113688
19974664
51993532
51993812
51992974
57222564
16864
16141174
1628055
31569689
53362793
95601
10607472
20347
17785513
1780638
4620505
862696
705313
22154200
34898033
27294113
39364533
21702085
122329
150463
47796
22013063
37922403
261596
16982621
15182945
21359736
13117787
8455379
6413973
22393091
31831926
36360645
33738116
28260824
92792
24386230
561681
14331724
1638128
1472988
11879346
46664289
24090930
47925953
1047465
1621152
44693413
42222494
19636662
146062
528543
5451657
21411121
303408
164646
6947162
31398
5646927
51319444
31587930
22891499
13419874
70364
7084071
15308727
47917953
3731174
46178295
31546339
892577
188280
786451
50824588
52672197
14187933
33412243
1813072
39394272
39173145
35647513
2352987
744508
38958547
29002354
5287573
20899920
19160484
4247330
31434017
10545741
6787083
20577833
14283284
52806896
26472604
24591029
17238677
20322411
56999002
11633329
46766148
46974871
52808696
6817069
15515119
21351987
4412086
75961
588215
4412043
4411909
20412121
45527641
885721
290921
15085
4411858
4411818
780339
5343824
39151258
58056865
10379838
1352778
1323024
5095599
9035948
5100891
11378570
4306736
307968
5264082
728004
183265
25727150
206553
1565500
863918
17647738
21967601
13811
2408446
5098574
2777323
48880810
7108658
4739721
6742252
1017788
57632191
58371679
433978
1991521
38016071
13079722
5178616
214731
355204
5050386
174387
30209646
1154193
93103
12585402
93105
12830932
19984249
13819459
31348784
2660677
12800936
1927935
1356363
5304274
2012721
5108286
143806
175452
24419264
279621
670092
24339257
12361
52458429
251180
27166524
40625632
36123441
14252261
4200949
9182699
38599451
250989
285806
14252501
92764
380699
95752
33798449
36182422
34323205
21158418
83033
100237
11175690
54663520
79670
4986168
39192544
45296320
2227563
20647654
17317607
207848
14455397
8776747
238611
43162965
840055
18117167
575603
185081
1463837
2511417
57423907
217422
1858468
41859481
8163829
21538638
17687157
573
2109482
3759103
11674594
2555800
8358730
2304473
35488272
1003206
32305214
407695
230419
13550406
32081376
177793
49509342
42561853
4726934
58362698
58952968
8759562
51782084
11391929
13541272
7094589
253553
42368736
30710323
10306808
42906153
4758232
27637773
434232
1100845
42581511
2677249
30172035
25806
1492275
5501897
983450
2604124
20301497
37740554
24804136
16272418
2808068
7554057
2254206
5228243
42059999
41791650
10286049
894495
20207650
46754
2088800
1532873
698076
618162
19616
27961285
31885077
68676
22579780
9978
1746939
1095706
100241
42154
30631973
8914433
225886
23022330
2414599
3488006
7952735
4080979
1145313
759871
27976180
52041
19102078
3270604
823302
41249743
1188662
7796087
9010294
23130977
40887843
49523257
1888612
577035
30871628
44099293
42270294
20460845
3408532
201572
38532183
40777691
690464
52147239
33805238
28411713
604372
6826172
325505
197383
20595185
295571
20776867
17945221
14404
40543209
36688437
37906536
11913649
1308594
734706
323186
19152829
545839
239266
426453
301483
19325
16547761
36928854
38214881
23385833
1033203
305024
46588001
580355
1572179
1941101
31509153
237535
10216883
6908800
12115098
3450546
201419
38147087
1338466
1261154
1393619
223389
43382131
1983357
224108
1064690
293185
30153241
29009186
6280977
48909802
364322
1812233
878014
173722
5897131
7509546
16037
448239
32771686
6446432
17093040
11612008
28703544
564375
69348
1596863
3603030
12190720
13408947
2237203
14619134
4722265
40887629
26414
34239627
28436
162789
797615
226651
11141876
1915664
605310
32661797
12200474
22771221
22771302
34019074
22771151
47567144
9897
53403353
22771176
22771067
5831683
357089
22735
6285387
46427402
357034
145043
657897
15238595
36232892
4208265
252251
28858932
26657965
7193551
744997
4851082
41509599
53395
27455497
4303199
31925150
3995202
39194710
52997115
18247885
34258666
622041
611452
2269697
4953258
8736688
285903
14063726
54722567
54184047
3715143
2202274
7212
874231
26974568
7663511
30503
26005482
6275284
57300423
66975
11107040
3176391
22462715
57341514
5139235
36956579
1194555
6515803
12922
55874122
1606543
14379
12683001
55428493
13752228
21665
46025
6087683
39465345
1693811
16894220
11633232
54652304
17005961
56360904
846983
21517691
19326279
42397280
359954
4768
58729491
158934
14646918
55682879
37665946
58832227
621169
11927837
15191
170807
37505537
420017
3078844
40557916
8229053
6878687
47638995
18292937
28353005
51272767
45461379
18951386
4769845
28811278
6629
3372428
32524421
33878461
181622
515662
181880
2590078
13734414
4311863
49489303
53296278
3269825
11045899
39039016
5413890
11150957
13689544
28688869
6734450
38279418
5491759
1384400
11384214
40782061
50577190
14122046
1269353
14906588
45439709
54303690
1036508
14218460
596818
10832908
40001773
4234604
143885
28513034
43850108
356670
8011149
1604413
884197
2955808
256003
2251390
36213974
2826749
1732876
48323730
34077321
46494339
30822465
41899439
29640374
1855673
41695614
36991870
22726015
6852012
39179259
35925049
3144609
3462557
17920
50729951
38263183
13193885
3669622
41520422
706990
58150403
56761850
33882593
18089898
38687852
34373921
38546773
54848793
1673343
18106602
5375354
2311040
3528218
49167476
3079452
11741181
9356139
13498484
15681745
39380523
10660551
12582327
5008460
1811609
22238223
527320
3232400
43564606
9645463
13107134
8717978
13974969
8928069
7733802
6969605
7141318
14470209
50871291
14341834
8432615
12648978
11081274
8202535
1616482
11171586
12729448
51198147
18960141
269637
6276340
6451336
10680515
1690380
9135813
36662063
7101854
2473185
3408291
3394110
16892534
39362241
1904515
48889824
16892512
4290482
34018079
43100305
4501074
21160671
39289116
17304014
2212803
7491421
56903298
23118191
4039002
11443646
35528602
42696946
12275839
13452155
7140970
42567340
12515299
23462611
32891831
2224617
7701622
6167251
33746990
16281734
6455443
16892538
1559271
15108374
18530147
2209464
31701105
45463521
36803823
27274079
29510596
54086755
33251782
8180848
37371208
22378693
43035402
9053027
4160363
58631781
7706856
445210
17104172
24634358
23590382
9022760
14774103
964034
42565782
22755184
66991
12461337
7090865
1145116
21062612
32685731
4195776
18804548
6830307
7702085
28545000
4156540
47868087
8626002
35512000
175812
8091
165123
52929202
14573
1329090
168409
57933674
991640
40716966
15616
33175
45112946
20646241
29364934
1267467
169033
26948231
262550
158879
717551
4426443
583867
374932
18598148
1773261
292266
25867
8756
977140
17202440
149435
10073
18621879
1122276
58009339
39658852
26743
163282
9764
200202
2027044
48001886
2400008
41614405
46093
471660
228998
7925
175531
10751191
348378
5052197
1141327
202835
212500
12445251
8760624
1524127
1019890
18642
15852
37145
1989064
383899
11763603
264061
386517
35776544
38689269
1402872
596865
18932702
305565
18577584
7532089
550020
10671
9431560
4218115
321478
1917730
52714877
11891
12813289
1064047
286917
8464408
8356104
1599757
37222
153295
31764117
17656430
339
16278
31880141
57055364
13820
50050
16340523
4163
6824
16340
331689
1152227
1695076
25664190
3408
216774
186243
1339815
8348117
112282
46420412
6048601
54356713
630402
19212892
30472852
65521
1865340
32375
16861
19988587
13459
4700232
42265842
98954
166969
42868984
4419746
5620515
32956430
1668861
8901772
21359384
7363826
2259782
4513858
5231083
18183216
51393701
29201409
25604364
36471264
32581021
22809177
7559856
7559740
29998017
27933694
10397694
27119791
43215183
8279346
23056363
46404939
17358689
5814598
30300469
1838754
46283160
566821
7765099
7465632
3048022
8763163
3255580
38326853
53086
18994141
56521052
65873
37023212
5221901
26054494
28702283
30056668
41928488
40593053
37455716
8931878
2532528
27658029
4092672
3827574
17219082
17090832
26783076
43197994
14523566
12666941
29094249
31458654
52024946
41330767
357308
44589765
21617199
11367284
5623486
38667895
4685264
37818808
7097242
54964960
24489978
13887298
44379517
4283625
302252
10522152
99656
56232242
1896889
5721669
38499179
8467077
9985755
8824
39699737
2609358
39426236
56637710
1823182
3273162
322163
55710010
7973400
48969761
7056868
4530453
4963629
40628008
43349992
46399149
41894424
40478017
6152834
41479162
48441126
42823898
45443552
392304
11163409
16005867
3392048
18687
37349
3661758
44358145
16743
44379811
20180150
16936683
38859786
5971202
3849813
54432160
18849
8315436
41207268
3690512
40980061
32275208
23328201
39658843
1470347
7092541
13652104
40949222
1038798
55800218
25051739
34492673
12981529
645713
42384660
31771913
56997133
38280978
48658120
42768428
18793404
16339318
53069992
9641126
39766788
41249155
4093375
43349971
38888613
2630795
43473086
20224767
12278597
38502856
14354202
1480989
55741899
32481792
651231
31720130
42220079
47574487
31336385
28621
39244097
11471733
12461645
41304880
31155053
19036648
57899729
38497833
36745639
43349760
39903086
43934112
3099428
39459433
441401
23517327
5348837
1263456
7186490
36363238
3718920
28501914
372508
54236
73068
1881906
40796823
19807327
37191518
4595808
7574863
2176803
9357007
2666966
352544
6986847
42404
15231299
2782267
5028461
52332424
46581940
1673426
5012301
30272613
15459859
265800
21920776
12709735
55462324
190493
1018399
28139933
26363133
2824967
23781839
36891119
37080040
98929
54161237
271971
37115011
42966562
42056184
4761837
8908602
3209371
5610023
457202
7390
36548365
43047687
38897225
26344181
26291977
47112954
267233
12438642
6102764
20941708
7952204
18486930
54414932
1867177
2322867
6460022
26366188
1652813
3634517
34883886
2494935
3708576
2180929
2356749
7913274
15995094
4172856
270505
4124045
45243
10103907
2401703
4511296
899924
2046473
6434550
38193
11196255
8990332
929399
1962530
52663995
1765718
7346229
44099063
45079391
41242602
1278771
38206335
3899074
1307221
2494405
20503576
11441236
665434
35521691
1334163
83133
4828168
32966985
55755758
1860349
50350760
4614044
21495990
574608
5517266
1914015
17402046
1227385
6188
13700996
52001636
20337701
26261391
14311358
523314
951393
34275436
38461253
20494884
3658404
33590179
15844076
58017213
500987
11396240
22185105
46700568
13862406
7108043
2010916
6496095
45352870
25174634
45692669
50915346
1309683
40436425
11991858
38131815
54606032
18073438
9368161
38442501
43132503
41905329
28044025
50194998
1946196
5177081
32545275
8070996
8176318
8314735
7952471
9319823
25440851
8009089
3739803
43051025
6926456
25756718
36915
12573958
42856818
4158359
12886796
556904
39733353
4724215
34599792
25159004
6181
3385336
1857308
14880785
8062826
3433713
4141930
43030666
5587289
3822500
2269886
10850488
5510418
8755343
1991315
3474329
12726280
8365418
3082906
49133653
1024345
37477763
12099058
50550066
2585270
37374139
4825138
12064902
34563481
2567863
4619172
8564472
16722280
47753662
711628
4084326
3069544
8884904
53307142
47297103
29686344
19894
3924640
24084424
7311309
26580964
191429
3394380
19973947
881388
13773097
26553086
492449
32182339
6074555
28171361
24950494
5399592
13836926
3369538
56598989
24137317
7560516
45227156
55922299
55825238
1262063
13761338
28305509
55826724
10496416
58865335
2493185
12541262
3742034
58517541
18211851
24265321
33068966
298222
11578264
41072874
1045847
11305822
11447140
13227479
604396
6117423
1254585
166200
13285707
23925515
1268268
16905
14812901
38777726
41565262
54543719
53180372
22964151
25397822
48500488
25285049
29099546
2581131
558043
2872688
2561377
48646435
4431750
14156356
23160491
34872848
9047919
51019583
53833025
27345513
42663949
54726560
142711
7871102
57768181
45562431
24065790
57140232
35249151
13255875
31198919
43805972
38443208
29126589
35195058
3295060
57448242
882141
6126410
681756
8083887
945930
12350555
245992
40038483
1886571
1751707
31525918
48080800
7272
44969752
13811629
64234
930376
1641235
38530161
23613932
1635880
191481
1736734
5500682
4038166
35551135
1769189
29310330
24760465
2475810
9454568
20433
39408762
419842
743365
2148321
5237470
8476957
34077170
49952
28926227
4474526
34114908
6426306
594857
4520387
35486999
5611669
24157985
433468
31054
7911759
1083452
6937309
166133
52526
16975235
12737952
3116059
17747578
700777
11059
9098865
231394
4235325
14905568
9040866
2539671
43153116
7040454
1351235
47616174
3895674
3707404
2223732
1302908
26511981
9001042
41817543
29126564
173094
2810332
51343232
3140575
13323241
48415384
315143
12737785
14211722
786558
1884352
41401957
22680385
29270993
23714702
28173346
27336457
722918
29820388
23892097
31963615
23954859
28973952
37221444
43243
23143072
4182792
24585936
4488499
46606535
4318837
1136584
23942963
411888
12403736
20780702
4180022
46729482
27431805
4655918
7912947
26848063
6707204
98922
534250
5722362
99402
42861676
535179
35786400
57701128
5967966
5501310
15254083
285888
1682013
5493484
99390
41530635
4655841
38244129
97079
47473716
42531469
6824693
32669
30490404
682534
99495
16939733
3694874
2007814
55218815
1174
24190473
4259999
15062012
82889
58845825
19919977
5834804
8223762
38913700
1621206
3088136
1245464
41191260
8546801
840140
23416994
6930447
5355670
86289
46769075
24679763
51406759
19381951
7604543
11268400
10726863
27559474
65731
18372
2052477
40042600
22349
1581592
16925483
20300744
1403568
16656108
152196
2725670
8023588
14036769
27223838
49386121
80651
11343587
193879
14505462
7666896
34336531
2987399
24876845
27900915
14193890
1272938
18749849
249314
4126008
20220083
10980755
30862545
13820024
6415781
3718808
18482028
20015427
2327561
34257
3519425
36562012
12739776
54179257
24385095
33971306
5909103
9363315
94155
48335858
94940
26378084
31908728
50611712
9826077
94969
94987
15562544
94623
1912433
5571749
95010
14094558
4906971
25257794
4618395
9829475
95211
95208
30443965
95226
2714411
95238
95240
14481438
94690
13935593
1067021
38271864
1167329
9363085
919779
4889401
15274087
3926618
95247
95249
95252
95223
95256
95263
1663246
95270
3392901
95255
2112366
40515646
28117201
24463708
1179671
690912
54162582
13087901
19346935
202367
75899
76400
44550240
34238100
193489
18925
40185142
716955
910909
28179
574203
9501027
28935983
20119302
1695576
716712
4992785
850864
36245312
47286955
310584
3008377
371516
201363
14749516
6171222
92807
27367714
14128245
57726203
1886671
1207078
93544
1008505
1496449
2735812
93148
56432707
56433054
5737821
3278173
11242936
2134019
3546630
32970229
17508739
8192199
2893180
4734984
10310438
92858
1398551
34921642
2278852
92751
3986952
14265991
31647999
7668419
3699602
2893799
3675032
118691
4217776
1523052
4370766
93738
12524350
4182978
6831741
192626
56433146
88513
2396489
18351099
56432926
6101768
384361
4327440
2645499
56433363
2687142
1766221
75660
21301055
15225651
30435
7569230
28091123
10148011
5977485
860109
47242628
27387528
93525
8418879
506494
1126068
54978026
93713
3416770
187401
40159492
87532
5992961
5870350
51078420
1145353
37239324
31966969
838249
1984955
30857003
17240332
3056886
40966270
7529762
6793720
6727149
21292111
21326450
2624777
460375
35328524
8691
54116
9485766
16164233
8432574
1248969
50982838
42571861
23769768
27868253
23763694
42512927
33823188
5566250
44111921
45275996
55471897
237303
1007563
98991
570743
2576917
38338031
40944505
18993404
40095966
47560114
6764111
103018
1255024
4461403
55938783
5297163
5558022
1011854
4656471
25114906
2530065
1940533
5939732
5939943
1308799
5939591
46423038
920468
35056679
157172
3687024
31099422
4242732
1041202
6021658
26063060
8249978
50648784
36844669
24491625
8729838
3305132
34939317
21269
47751779
546314
9259812
32901
32685
478005
5073025
41712391
34733272
2040879
521300
12754035
42812472
2317416
29864410
217231
605843
1112855
1973433
24302451
41281181
40162060
29413555
386476
37201
40969472
28253879
6005116
36864214
2215034
7867132
25359124
4200735
12286916
34278724
1792636
40956926
36989826
30023670
35297814
50669259
185330
7118444
870178
9975393
952703
466973
53743975
19669
40155973
7784955
5816902
302938
27547792
29360976
1957643
188735
11423454
76030
4547599
2421467
238198
19415697
2193186
2697824
8715583
24287453
28606
2598037
16343049
254607
310022
38564209
40155978
75222
18214087
36816
1694463
28754035
18622095
2667438
340072
40548442
2563343
430144
29644257
2096458
5088408
36668862
101143
2672832
142106
324081
211125
1572581
8656207
969947
33880383
56065579
11313
696196
19933801
18641652
28280274
44014427
38500204
54038315
2750353
3384835
28685932
2213886
16802476
46642877
27218002
1926563
24628172
34384649
142243
513843
50780010
52757829
2913990
12279819
669538
1554026
7896135
323102
16150118
1472641
16150278
16141722
16148374
16150337
16148340
16145254
16143713
16150410
16150528
16141806
16143785
16150611
16141841
55133554
16144298
16150752
16141868
16141963
16144384
16142020
16142315
16142415
16142458
2203791
2355114
16142605
16150850
16148414
24760887
2748607
149696
1593655
29359317
1583024
16144544
33275445
322721
16145325
2177020
16144616
16147907
16143902
16147971
16143942
16144811
16147996
322699
16143985
322687
17043336
16144851
16144347
16144061
16144644
16148074
322674
16147834
22324189
21101977
1972233
16148118
16148460
322743
37676715
16144730
322680
16148158
16144431
16144121
16144996
16148305
16144181
16148205
1581153
7493150
39298489
16144234
16145173
16148263
18042182
18056231
24501957
24674516
25648351
8242258
24676663
29054177
24970425
27322084
7017756
21135681
52831328
45654373
18060521
24674310
58862844
16431972
13390084
4746031
4860660
174148
14908371
1017527
7194871
57764266
652798
15492369
57003373
12795222
16434149
8547829
50721132
16466420
1022169
11887871
21466708
11953988
47050369
168714
1723098
55395374
52036470
52199415
571440
2731601
2825807
50651588
1800607
15767036
8195647
27966943
54242039
1866930
730871
48441630
21900866
4174431
8296229
6016271
33525720
42900970
5168923
17175320
2104584
303586
49158869
292285
596325
68572
57677450
68591
323286
323292
3439851
616709
2631195
8353878
58299270
29060767
16696292
25093289
8498658
58421785
2396495
6029072
6207243
20005615
2083588
1822419
28137918
7809444
10523262
1335588
5332001
12002269
44102966
51119109
58773269
20621536
22992412
32142255
34258436
16650960
1406850
44101278
4585122
13025734
367843
20486440
10710364
4297324
532793
33933337
29686455
4086054
14151249
16785055
16785053
7546919
202444
547845
265452
32008847
2071166
18590504
5219405
50727844
26211048
5725579
4643877
48566817
16680337
149721
12344884
13418858
28599866
54516887
51415718
54428669
37885415
7514478
58150240
423997
158364
746126
26526411
21208860
5222186
13632704
22783493
3713687
10923127
48559
36413973
49677765
1323692
35475227
2026527
36245763
32954421
19004606
42471165
7472222
1560431
200121
15754847
20606376
1871784
30233311
25730180
4919593
24195739
55052459
372753
13779717
37026830
616534
53890106
313469
41091224
4380836
1423807
15260942
351743
303799
43362371
1061521
19349705
57645278
359811
2048173
40454263
44640483
3921932
11734907
25771221
25534576
12104102
53815794
9468250
223865
2430210
28704387
31003511
30965055
671486
1978516
51957703
49763858
183955
2569245
52330204
52785451
5250656
4202667
21712583
840978
58773889
54503284
3896317
220986
23295439
20965184
44618471
40725568
2359514
27228397
2035270
51519560
2780823
1564899
1738739
3476257
51684817
5267219
51906516
4156078
52723627
39466888
51253326
1328930
52199374
2083932
4679242
52662453
30150116
956960
2347459
23401334
57825171
293954
1735
6051292
1882828
1658365
17337267
22433837
48660318
39150271
13227977
4795825
35584121
57767221
226045
226789
57453369
40230780
12794295
1444751
12181656
19889785
48691882
729819
3416803
27977201
9134639
15092773
15093342
8812597
10341949
4741592
573646
18674746
404247
48385945
14368539
39976283
539185
5662023
55313727
2925820
5099381
2144930
9600909
5498988
586252
7054531
24066608
15478357
58508020
7722787
21591207
8158852
54220485
293819
36402571
42835048
6657092
18849625
2942145
345041
34844041
204326
53292902
6657168
2988772
41197795
34807978
586318
10052975
46723589
10436558
13481788
24067329
15411347
7660889
3727944
25973624
6941197
35487634
874192
21791741
1321119
10366922
23668022
24617344
3522341
37896865
10442129
5858711
56069080
19520530
1979799
1471955
586821
27922335
591271
4767888
1971760
2264231
15479684
22129927
2445862
6717574
10696211
5040439
16997385
2486681
3298356
45216752
1654997
5275451
5556013
2098579
5739221
35533361
34392577
56933671
35457842
49823922
1823636
22757337
305573
40116236
9132634
32630409
10509352
35494560
14117
44100110
6704
508383
56255434
2331978
29027730
20602851
20603469
5662417
350571
31554815
50223845
50183469
4746063
20712089
42081652
2871422
41797102
45299161
30859489
1331031
13306
55813912
4983742
11404292
179645
606093
43731863
488563
20686480
22288648
13276228
44015559
3698410
43014658
34137531
54633234
54626733
54626751
22894018
3126109
47674564
29696466
56552696
583936
12641486
33813650
348444
4260131
16107811
293598
23612803
9444637
9761047
9868605
36898721
55936509
36084242
38497091
12271036
22901091
13772917
24107293
58234420
58234450
58234363
31792531
58865929
304141
405419
13808
40845537
53676634
54477622
58830224
11956516
56256675
56863241
19756260
27596908
54417816
56256476
4853729
4860728
13413421
3144044
55087520
3753185
3628970
47743493
201330
374428
39253778
4748941
33931676
24078838
2929895
15839412
3828146
43886239
26571478
18211035
10790755
12339822
56486536
3431269
27130585
16793746
12812979
2326653
3620915
9239837
9172110
50594667
6405696
23912942
336188
43639634
467579
27137870
205170
6130091
271181
2987839
26210687
39118890
19252793
1955852
9387038
1448949
31038334
4259948
23218055
16832763
5459710
4288441
49908
23835239
22679017
8848176
186639
33665118
624040
2834137
30523623
53825606
18470304
35969492
10818028
1430865
5148454
55502896
4787000
43678058
5341568
34120130
3358484
2915899
935895
935946
34741404
23586830
43574705
28848461
23498420
45332515
3391259
47315851
24545480
44362973
50702598
36450051
17522346
20831089
2359854
8932243
1827551
3203777
34427722
23316667
35022920
20515693
10694183
1827701
57529874
19861766
3402438
4922703
52034525
19631151
25912343
45593433
4922500
36528524
42054029
6786490
33840439
24698585
30773820
29763860
14957454
7227908
6819859
2528431
4643575
7072394
5675488
9801072
311735
41816364
4787200
3763987
14205739
2451103
6012132
6011925
3817541
21874953
1308058
21182107
24495107
14890301
21354014
38980206
38906588
28141737
2512470
27919731
24539811
13986711
30502001
14017008
519237
5802634
48153932
20857427
33860760
34308061
601412
35284143
11091039
205781
4650431
58209483
30927438
3656547
23487090
42246082
4056530
26962626
6657523
4563101
1704133
4130077
9342349
1504408
21853850
41747067
39865011
16593404
40257985
46462945
41754809
28062377
42418682
39050179
2984938
37769865
36420348
48954853
36302919
36381954
37734168
37532066
37566304
39080689
37549635
36331516
37770438
55688225
39509689
39864752
40654508
28059976
39883341
42418749
21601756
40062192
47855052
36300614
36294046
40641112
36301251
50683710
36321528
40542083
37769737
36381080
37769909
37182393
36309862
36572001
48533502
39867579
47131232
36435842
42181791
48682164
251456
897486
23083748
47378778
5170225
68667
4500841
1767413
40513699
58033444
21961443
49904333
8960
10338
28417258
311796
309330
9060601
4130212
1178087
14211559
906281
42167810
6942526
5252615
23771388
2175303
45864681
18685476
18079815
708330
333225
19156674
55935462
819332
11582552
5232483
597758
43742178
4101246
43314578
19606216
4723009
1020063
2279641
1240442
2336882
44044241
64695
537195
1119627
913782
3402947
24189541
21986958
41225063
1333423
8023119
5265014
7233002
340780
261343
428663
1377719
3156360
510328
19759969
51759111
1868389
1832135
12204111
670611
24189487
40007287
25831400
36388328
42428859
1301
1143
351214
3672578
5276257
3416842
31663285
31663216
10502483
1338332
285088
63899
4092
804036
6221
1179452
44674923
2708978
46911592
46911588
55314
294061
13336169
7301116
8233506
61503
9034599
178427
10067
2709301
1251650
47327511
328115
30865149
555912
35950761
880065
35885473
1670504
1334538
789004
4342452
599988
15240
31043432
2437664
5483747
81453
56511981
1559763
6230680
42479415
553904
53663667
2377430
4736949
645490
34127046
39553074
330652
2149169
4140042
17670158
185096
23056
54510743
23707
1745788
5114012
2644768
36284762
1558883
10648458
22266908
3762463
5332942
178433
16432680
36814344
43243560
47069228
2732560
165511
16899174
36714037
436633
28353569
13139302
9255583
4255293
1207072
2977998
24470954
2816932
5422068
14441344
2466137
1961924
36365518
105796
312753
657147
4805926
739238
3242004
10726927
215153
6616830
20609180
74222
2359368
22684908
54172199
43405792
2746899
29481579
1566484
13763708
25828353
31716403
2578395
2179718
609300
5058489
1244591
167936
2401063
23562261
10057972
20486452
1821263
1814431
22504106
51499773
38576009
1558917
5514089
4623765
373079
99774
57586805
6176819
919853
3548118
3170201
2468773
10468295
2906330
3803654
1604478
24848516
72346
70577
895402
3298302
8540225
4793607
18011002
28159267
599091
23727586
27623079
51273
25142146
55799973
817050
24765726
3895702
2218853
4697218
161938
142494
40287918
2681235
14013379
8524660
20401
36814603
364326
1787680
8783541
3146276
16871429
27594329
12493411
6730459
23114717
33753136
13761646
11294947
5636739
44740175
50641199
47100954
42202347
11450793
38613167
11271527
9735603
964027
12631269
33394957
39015839
14027095
13423774
11044164
25579132
2884431
16794826
7999029
51351389
54385534
43450905
44424576
7083658
5606418
3910039
43908596
11320277
14922874
4537553
16581762
37202220
10683847
8858290
6668660
329426
17308615
38612904
6698464
54385024
16781509
6114796
2920127
10781476
9451799
47694274
31193149
31970867
38581590
32519887
52692602
54854856
35380750
11472286
5748438
33754254
38504713
57303941
35563939
51066926
6481506
33082529
6653828
11997958
43770376
37794950
25536518
10742569
5506926
15627691
27869015
14661427
36319782
42780125
10393857
55315744
12681732
39770203
42786673
44248945
30650970
36532598
58939957
15684438
3230611
18742612
21586320
42780723
42701531
56565672
3285656
23944489
42787527
31530167
1255115
12358569
57467037
1209221
17110360
47658149
29498336
194342
200269
20398264
17800736
2649355
1704278
5129920
1336396
1345074
351843
322642
16573327
11526353
25088238
33552976
1171055
300029
64131
1926965
1966498
256599
18951262
1606715
69951
257219
5130983
43395
2844938
3912
79214
79215
79216
79217
56781763
79218
79219
79220
79221
79222
79223
79224
79225
10054317
79226
79227
79229
79230
79231
79232
79233
79234
79235
79236
20694496
80827
79237
3968
9607736
1218299
197522
655947
4574508
241425
52596013
31142407
44398862
197780
10390127
27155869
28061842
13621704
17063
5161241
1809700
60195
312038
26026605
44508904
8133
24020683
27160914
1218392
548715
1019003
1009234
31405283
22149
1637909
36453396
757501
197386
25074270
1218295
27162867
39195740
53987370
73195
36393080
10739092
2066619
2724993
36453770
31811528
1793185
5227247
18312587
1200064
548709
1535739
36324139
14776398
50447953
756486
24318719
5083521
5286813
30965887
44124991
1809873
58090436
6124669
73157
50043404
28276025
7681896
55687728
322851
42207241
2252810
397597
196811
1757876
55703192
201092
5584650
2636678
2496772
7761376
58095923
435290
58153145
71091
8852960
1750565
46579298
1347900
55677288
58014707
55604204
1600802
33349327
58180109
146376
46953551
46960079
13931538
23607817
28287562
47059326
14449754
743205
27675486
55637066
55644114
47556770
58130044
28184944
4601090
46963263
334518
23597330
1829324
2355073
55667978
46961189
55627940
18233520
55479702
55529193
1556000
21663492
2372873
10741371
2323809
20241428
58053920
3473802
158628
32587166
33131565
46967322
36262076
34103010
16297627
2419325
32298528
9977890
3963474
8782708
521411
8002784
992332
8655194
2173483
15051490
783
405374
6975055
297723
43979114
77414
84541
92459
43616
876690
52512752
14349752
5267124
14608201
83875
9137
647442
7757256
47683081
10110
83207
268705
512302
512336
1101141
42120
203963
41871182
13633
14980
369656
787898
1347933
15924
4631590
1175373
314318
35368134
74775
377410
8485
1581091
6083477
760011
1580740
2711148
1154494
23673770
391026
13764518
18010065
19338211
3010779
13582093
23294
435081
62093
1584474
53739517
16208786
25084169
9403710
60786
1740246
387165
1323454
1628681
666879
1606407
2544867
2659731
499358
4748302
566485
1578334
2236546
544849
3034440
58074546
290392
11253672
4194998
6266776
8422070
685895
1757117
2692103
48136499
21048842
815227
262658
38507183
21807724
35673813
38366687
6908822
28128359
43889870
54611055
215289
11287874
102915
21874196
15638948
43119944
23275
18484028
10160405
30891198
2039483
22286168
37007329
184030
24600078
40888399
42936727
21686968
2917143
52315534
475322
30872586
5145215
4699100
13153480
4667673
1865384
24413464
9116564
8725620
935306
876918
52901015
7834779
26809329
50505212
3016091
89889
9236236
22290422
42805696
28844745
35913836
17209547
35592718
1426881
12682279
25710675
29258836
23805
21335524
587936
23805183
37917568
1118424
35996650
21302004
36067539
15966164
17147758
8624261
1282755
7432105
12671321
21287249
58628346
42408650
25608900
530812
7904002
22918930
31689223
5708665
2675125
22845598
22471146
3060244
1278599
4154327
6799488
10311485
1634203
7793132
756611
44242617
2004669
50227512
9203878
1858503
11440032
8810845
7696286
5809374
14751869
3242925
9057362
7874252
11464679
1266457
33144752
30046591
52120876
43621450
19579252
633409
8792112
341856
2151469
8931674
14256163
184504
8070116
8069553
413448
7564964
18805311
27968922
7696163
7963119
1276114
48941901
7787372
1063745
7873910
8151096
2353893
1483539
1500342
22119357
32304981
42341024
7610324
7713816
1634208
7842394
23970816
54586032
8326982
19804136
3016042
10038393
149173
14270934
163565
16087646
47473861
1289281
8618341
36521480
14745891
176031
11487320
221545
45111482
39411635
49257682
4904185
10735496
31651037
7738070
7694131
7871976
2717483
32062797
1123879
51274517
4149015
155380
30388280
8094150
20239982
36200622
7322894
575356
7939505
32379165
19939459
9099524
31272034
35614198
41199079
33502970
7861288
17691079
171551
171567
543660
171576
3298813
3449899
14095780
2294110
8627126
7651180
7566216
171557
1862260
7846258
8816161
46708673
8125699
13856474
2591524
8618853
39380817
21109153
2136694
7861612
23943892
45591475
41900350
7940076
7861095
189972
22397574
11316925
3047718
2620358
16449961
16421920
2622926
15937917
16450741
8543584
595101
844057
2622921
16470838
6948291
2622933
15354747
15748822
16556846
2616002
16470908
844091
3029785
17013535
3493488
2619652
2619573
14741894
16580954
15749657
15749670
16581252
15749691
15749758
2622916
15749772
15749824
15749831
15749837
844111
15749907
15749913
15749917
15749921
30155929
15750029
15750037
30871627
2390700
17496809
15750067
15750077
6082334
15750110
15750149
2668425
15750207
633994
2620310
28625858
15763763
744407
15765333
11943751
11943756
625380
15765485
2325176
15765504
844019
7157633
480562
844099
15765564
15765599
15765605
844096
57957335
15765613
35179122
15765667
15765692
15765698
27256852
752576
21065
9548884
397690
810246
6459810
15782596
15782600
15782631
844081
2478324
15782641
15782644
15782651
7062033
15782657
633877
634067
15782663
15782670
10891592
15782690
15782692
2194294
6244962
13646229
2653329
5940160
15782708
2497042
15782714
2151786
15782718
68823
10528043
15782727
15782730
844093
15782734
15749560
659365
55211735
16310
3038971
53412444
67575
42638557
2302365
28361417
16125
342677
2152052
1188632
1728
34230376
1639420
2964844
1433172
1113291
18221066
31425818
28329
20732356
36205863
1929054
22226728
4930856
3377925
2666422
20221
433017
19156399
379359
98970
23870438
1546635
25254918
22880107
24281169
1694288
31848743
6371883
8182073
31539369
2742773
9192808
232343
223215
10867904
9198438
2438464
21320535
3071793
42635
27705840
29074
25802629
13299767
12729182
37873196
465986
9967129
55744582
462540
10157520
2142615
3010775
1718453
21965997
58948576
47220523
37258138
18400857
39515774
39513583
49889367
1443064
47256854
39031107
50118734
13966245
27871912
21293095
49878846
47403620
12307765
40685647
51881911
38921561
38639259
49781570
2653519
50087804
50484569
49977873
49708559
45410322
11667034
7209442
7209421
18422211
39487467
252386
11356967
2688365
224173
8640386
53447307
16764245
20922589
17511105
39339
48774180
16967215
47066785
28930923
45501832
46779083
7933169
50934795
10543556
9507339
7471
3398158
7382488
51217383
1962973
47243593
4240280
9431004
327640
30033844
11638
4376887
47619639
8053616
36871433
48644184
33506665
43680182
30029710
29320788
53921228
9681844
9657825
33581171
1931836
17875457
10534764
51210504
30241615
320349
10525494
17370187
23624351
355519
23373407
3179641
37406879
53921355
9429911
38518098
3560830
27124929
22853810
7012327
23300
652326
1044974
39942
210382
20808445
17956318
21196048
666973
31065139
41626112
215298
657419
2725772
1748660
43407808
1727632
39870310
37176620
916180
38754950
16235723
2381221
825643
1996436
56439
33533941
156432
1015355
926934
976658
86665
393560
299145
1712978
329722
1491309
43523663
661735
223253
15339320
4110
16204732
8055317
23914037
21317565
3798345
42104
6861858
16011603
150391
43373
42046825
4570282
129211
167651
1008133
2336480
1039543
25045671
22439395
1673543
63520
31127418
2105133
68904
7888463
2408142
27398833
3717772
1127973
13428111
30534510
1716989
170438
1116784
2919843
37176568
599212
30863205
1194456
16077
10256110
12731
473186
8423310
2098798
2838133
1368992
524299
263756
31378193
26412115
636083
2299263
3596773
23579812
529161
477745
295555
42229160
232141
347925
302695
4559771
37402910
396631
73241
99881
30949886
2925581
21504
13309108
41420670
27910653
8080626
14799138
24176950
3390336
15309207
1149616
171410
15897328
15585484
43250946
7541444
25566838
5075291
19685478
7891
1215762
147368
17995597
724705
180788
180845
28067086
43645780
27048974
5537988
13736167
5900240
1031515
28576561
5015912
30941880
6706592
53776571
637149
25447248
13713930
1519275
25877035
24047152
40462670
10920490
42621
24755757
30578585
17681327
1961004
16477368
61853
30864247
483018
2790066
7557104
13481273
564143
148170
263718
18732606
56473868
926945
34342265
1703894
36965293
23973938
16121443
2366469
333608
18995
1780581
104492
11941640
19171969
12169798
624457
1720208
4127860
37468626
20332408
32483448
22039225
25832
46467952
429665
13612135
113348
83312
493900
1404388
2834347
20128547
43802218
18589061
2734110
262260
1008897
1526323
43154
5164233
335017
1799831
44588056
3302133
20395872
1430945
147687
7973090
1143926
634922
4416173
145542
23219771
3740426
4771453
20849560
53124833
49524034
37024946
38369843
38370536
38370488
20538823
58073751
1711262
39117663
38084403
38629238
52575662
22888745
48826171
48763606
8541515
52136347
50593682
9015930
38006097
13434133
48885364
31644190
18116041
29388420
3269921
39776000
52495154
49157305
49300037
49301287
49302224
51598127
51770338
52225324
52226160
39776002
766917
49375341
49522978
48780767
7281147
49449081
40093902
18329664
49523684
48690219
10786314
56732915
45625733
49610717
56120930
49680982
19933088
49792659
49901515
2070943
50054727
50142699
50408372
50408960
50408582
50409967
6894208
50626532
56239141
50808692
50945656
1867877
51001968
51002459
51057751
51113046
51113325
51113628
51170357
51228185
51228894
51229478
5771010
51400771
46240903
51463807
7043489
45331094
14159166
9802638
1693629
2172743
48752525
28154337
5273053
37704635
48441933
45641442
34215812
46487039
2318974
52371470
52420155
52420331
52421651
52422065
11331593
52496122
52286909
24361977
52576463
52576750
52646238
52720044
52722468
52722989
52763065
52901296
53261657
53116963
53116386
54002960
53263435
53507168
53685462
53812109
53811712
53811392
53939227
53939506
53940730
54001691
54003209
54116271
54116527
54117342
54117660
54349175
54405393
54294271
54350229
54405991
54349644
54293976
54532677
54533604
54534261
54589011
54589530
54649161
54722303
54722778
54811973
46752135
49981165
56239000
10451685
50071375
39776003
40724913
52047544
48483056
48682660
52350849
45619179
45641459
16011738
50020322
24780297
48679685
46701074
37016555
28350996
34227164
21637936
53885809
53885799
53125968
43982632
13132636
51788827
47510477
50876993
22902615
643018
45477177
42009175
17363708
56296038
53889958
46235677
376651
50292122
35894296
2174735
13643806
14693889
11327208
46209765
34205170
2092736
52495221
58638695
50349181
3972273
45618716
45092630
53689660
46949848
54377169
12481774
48441318
2236660
47793028
5625488
4086924
4668152
10583839
46613020
48745919
29125418
51482467
39776005
28785605
32612148
48679415
12785370
49293095
46511638
56295902
56238351
48671822
48746112
52495101
1015759
26081913
10235827
44398809
37100014
1840233
27939931
25113197
45261032
47996075
52622891
48697448
17363376
42648791
23703117
14138224
30237136
26732459
57335025
55066286
7058665
24079343
2440035
51592702
13946198
54418771
45465959
6852363
1191997
40285922
7559404
58095425
1368189
12301783
53572309
52381655
56564394
8065891
28129453
48805290
6894362
54625213
52005102
35840192
11821296
31285034
8534185
3340945
49924897
50010451
49925908
29874401
53183758
39776004
7662400
19937461
49605443
31331276
28211786
28400691
51272727
50440939
12331558
48677815
9956027
7463886
25617296
214499
50813264
8065727
41104723
2700348
54923200
57571804
50806641
49834632
8233847
35261406
52652852
52058490
13164724
47635584
8066069
8066175
52203377
3761826
13445532
5195559
3192752
56040531
20004286
26064696
56204960
14339225
48739169
47249983
51188867
2476852
52431944
47793972
54547824
26028275
42417463
44300482
49374547
32864337
52421898
44079127
4320800
53657041
37428076
47910387
8066436
6174803
49330162
18293744
45594355
12961104
8066467
1367645
48004172
14125126
30280026
48746378
57413962
37949999
10679820
45516590
25960247
28102393
644243
31056891
17461904
3298277
5006024
22708820
8642037
18049162
12814119
36086165
16256423
15089498
13954122
1020046
8539
24733365
189616
63334
1740236
33844194
23705
36749202
34500802
32404803
28297
1666427
21988179
37507473
1741125
26638718
3434998
21581858
50870852
42572964
26628864
40222205
327395
31928708
8420881
1351262
1347261
1351199
56695079
37424101
1754718
2738916
8057939
11237247
6182706
36488854
36152709
7283811
31140
41185116
3654208
5392294
723048
39051978
177052
22393126
2707946
45491
1003416
21919
19008500
22393144
33910571
1284781
36994870
24509913
650690
14435971
5765333
5077127
39372044
1878640
4468
21738956
21937059
21936829
38603941
41286780
42283039
37146125
3306369
48849719
38613012
56133469
17894538
17908592
21730796
22355050
44537503
21742798
32208472
19474607
38759375
34156106
38429665
5611579
55329516
2707657
42397688
38940689
38390287
21632109
40280137
192007
1068780
1084026
1345250
32997277
610651
54438256
4563566
1089443
6642946
409463
1172493
3270889
32899387
37883474
732614
14358285
8543082
1571987
3944846
32336084
15652031
1128871
5487398
4435315
1569987
1060840
12987302
1131095
7540931
19275994
1446038
48044
3721782
24235334
307365
6491886
2821536
37704327
315141
5438742
59941
11609814
35787295
34610559
6958069
307366
3818078
47035547
5279957
166162
58961453
47784084
47926435
48138696
3458836
49812838
165834
1367068
26275718
47586607
53178785
58961477
38857796
43822370
40467409
6770481
41343462
23897688
37803367
7139963
14298096
16639838
25383344
2855421
55384604
9089659
6781217
147613
8455324
38449730
1710440
49434952
54590965
23800030
25190022
1560959
44842529
41154158
415601
24035991
175838
45267497
44379717
12808020
711424
13037880
52866063
27684087
465872
13325115
1559293
42880337
5617860
210193
1638111
641076
473438
1395941
5485249
8913769
522975
44584462
38519505
16487572
13301865
14621998
43022445
1081291
684986
8455187
13798788
5102187
5613998
3029578
49048118
54974864
38490707
33228595
4180890
3776097
2973510
1957569
41392006
27957492
85122
944850
239773
239782
31449111
6248709
56354627
3373005
1723052
2640385
26267761
40304834
2310477
47297065
8082052
31506409
84941
35501755
85555
11376906
4093615
11437237
23005824
37863630
23442856
79918
85362
456180
794550
2091962
241533
32264653
27400824
26496812
14017331
822478
6267416
425567
2893723
50560
75653
1680919
19136234
23790997
2634574
85534
273303
85584
29418774
23547785
11935708
85016
821349
24944984
24017200
421575
23594301
14452328
15737373
5329895
537541
20085723
17985391
17991085
85637
3605357
17846349
35574166
35486104
3204676
46971066
37434894
445274
44379221
38012
1712428
5083475
18812559
1815269
30730141
5484549
1357310
20936845
525298
4024803
52553367
7517723
41457435
57390654
56502287
41419631
53159401
20742177
10182862
13755595
34538505
18176150
30614884
906753
179269
44422212
10302413
15019640
4457805
22631843
10060892
6167361
48163953
23883848
48818045
4701870
17736129
47287255
28517455
664270
28580580
45042068
28741254
38967444
17122714
41668639
4746859
5834321
14329328
23209458
7274740
2703944
4656928
1687587
18717290
2166169
342410
32916524
14564808
43590762
19697962
55762026
7518349
42283
44100911
588076
8555215
2185217
38703024
9771062
10387473
41306208
40950307
10036888
43970316
39848277
4251098
4622380
875075
3586098
43779716
1653918
7068902
14001486
23595949
23932737
633927
9090
6675907
665824
43008973
6517086
9662665
43770509
14289692
27981145
1975598
18320056
48700042
2704070
274736
261924
26221449
449278
24036331
2136760
37493403
18166422
3750187
7187536
52874
6135869
51014579
6045840
4268337
5885941
25951642
5242486
2703972
7108487
2704120
3228876
11363307
7192606
24023105
7957240
31454491
22681451
3003256
25623852
3824275
46803362
35012968
38612843
3261530
23753384
3064834
42127744
29126617
56243
8933001
4310973
6977148
11627
48426805
11114068
8687434
8205631
39392210
37784457
910543
9987647
6913403
28548481
9567636
3598101
9573145
3405946
3595774
4436433
21322962
24806363
6371099
24759142
24766072
27447356
24807127
24767235
24762652
24771382
24806943
31359869
24813237
7656323
9561421
1948619
17249184
42948380
51667814
24781478
69692
14634234
41873018
7069859
552107
3870254
41572680
1086816
984182
3837225
14999294
9256811
23708767
22154187
2869356
3048510
5358044
426006
3924281
9709265
472726
3602327
9345625
26619916
28358268
29646465
28725133
44373791
17684228
36803736
28408126
13110980
19273047
4722479
1840725
8738430
3424213
939252
3517209
30943300
42752835
12784051
10280388
45232679
12170841
49542030
23698615
3618379
16812883
1562256
6774674
40658211
1825828
42995780
3880802
14022221
16186
2451190
10116074
39915448
16429
2184884
31533924
762379
15871780
15872404
32883462
39677385
52413830
7792391
29566307
3810989
3668705
3145486
8839277
58394
57089221
6746841
32176550
15204950
435921
8287083
2307073
2072460
17012735
39836151
1673574
50560122
106155
1357327
8718425
26748038
5972989
5077750
47861172
1822818
434190
399039
24184
8867388
22597265
35782479
5155636
1375891
6166191
31509861
69368
4586848
42511113
22411101
24292983
16728717
8082585
13190119
654550
372261
2169788
2161438
6151667
17098750
6209285
1042610
1008588
1589765
2918830
483260
30984079
9225767
34735462
29801432
315938
5282531
35685089
732260
3307881
29657299
30781093
13797878
38847538
36700443
7621271
47705531
816598
147619
18765784
274662
10713145
18530386
34607084
12531548
9173009
3059649
1660627
1135075
21456217
938626
31325487
1165345
11987681
37986692
5448846
46261851
4475002
4721116
12127451
4634107
4066505
46246099
25882473
827398
1659294
37519240
6152414
13136115
17349229
35555048
18332824
47428376
2361534
3924366
37711387
7338685
4173085
13630332
2873251
18769019
22811152
1813169
12734
17261595
44483876
44483850
1939759
9393990
14240977
1460640
6151042
844779
30875
12189137
29256468
2662425
14551660
19203844
39740142
22870371
2521263
58516395
24815570
44815642
23160785
6991615
31204984
23830140
7852513
909604
273632
29649358
1161559
5302473
7281385
352610
9080778
1265740
2441678
57169063
55935015
50775961
2579769
822030
2542727
2346308
56444079
43950067
21708401
2469204
2950170
2263731
613607
3191713
4563422
45469227
37809845
14862132
32085048
2792
30759946
2353883
31468613
487967
42657576
8852981
35233688
6870034
22018635
881233
18382367
13649645
1702067
19614618
9902218
9903238
6044617
1112482
3487305
1216099
39053157
523236
27064552
36631495
40315776
19675815
34590724
10150321
4957784
18211203
11796904
19548740
10087126
5949785
19722743
18594751
18288816
4994502
37126555
19590224
542377
22771392
41602973
345803
24493821
2581788
24269
24136
21659303
1948426
24157019
19612751
15274221
18163079
18044579
20187468
12783966
42590917
18408769
9644989
167742
13489772
2919118
24068342
29457137
9753019
18434039
9561628
19595513
2268483
17394241
47380698
28292447
33945272
7422264
296311
2022813
3546955
1260110
2171906
25878185
4688852
49375500
44453315
10677321
44278611
28352
39700014
39665110
14912231
11104648
188576
41818196
4279226
4469083
50365043
31556946
42701081
20330375
1737909
3853361
317240
47663573
48950353
18081194
16997397
1893397
22042724
13049317
493094
26042792
37536666
26898
12386433
46988532
39328232
42282669
28010671
6102307
2949735
2949827
5729
32715601
26924086
14743820
3052919
42720898
1984439
22927693
1721530
1678406
4599324
239287
648554
333154
162947
54980087
8243285
50225267
42220824
12645543
10183469
34335413
24823518
13151556
12906548
25356957
33893670
38293576
38567563
40775714
2163846
13142417
48400304
34230826
10571439
2623247
24985592
3570181
13968535
10456992
10396151
90191
38178489
297239
4297148
18375527
9097192
21581889
37688915
5264286
12192482
22398121
34473762
36954389
13457299
54110978
34228559
13322606
15064663
8526527
34004980
22286701
27153855
1796144
8977378
34593210
34271485
9043600
2365697
14308007
32177496
2100218
34207287
31287453
34476746
11073127
691293
696542
28394185
3528193
26056555
29115541
34200563
16261366
13531879
8496121
530735
684924
5056104
21579097
24990168
3105461
26542713
24422978
34227340
23488025
36739864
34229644
14439089
1750580
5975041
9590456
32490403
35207483
32550736
50794720
20114909
26157592
11284876
31040140
18535599
9833155
54854492
50713449
33852637
11280937
39903233
11981788
27364383
38904786
24223240
34638227
52931222
19079097
47651242
34693540
27746040
57584535
54600596
18903690
31085764
39242140
19686668
55290879
30107349
5054615
55847758
6828690
20057537
46831708
57222357
27219941
19807769
31836106
48161735
18434678
3523899
49217245
19105567
49402206
18473258
35594779
17007208
13519034
38824774
34327983
32907594
19353014
10447557
31613679
31911780
19619828
36937025
19064519
54923260
14089823
33862377
34891719
47721692
10877257
34117480
40080014
25166850
21106655
9334107
733843
29537290
8526515
9493909
34535405
39138888
21206074
4540302
11403744
22055708
2618976
6816611
19633930
31496215
25882003
31187045
56086197
30081602
11025976
45503586
49638074
33514817
264416
36485109
34307835
44058966
27754905
48523104
17744375
52423730
33552893
47351953
42413946
22675862
50574103
34407302
13449596
39480702
33235329
31455043
26070274
56252347
21352864
52792737
46963643
51312809
2378747
24937105
51727952
31009971
48416150
45064305
12246392
24739877
23265879
47153651
7809355
40753284
2385987
41267191
1470819
50656087
12281169
50566534
26616821
8164208
1128090
29860029
27665426
1924079
19058442
2345070
24698694
7949828
3946813
35892192
25824
242617
33809949
8120395
7443008
11728421
55745279
1273556
19583453
50705840
41178237
6036289
43862287
7086429
31092888
42926305
3062613
4879541
49344512
24386417
2282348
8372600
48442244
47559867
8872363
9881894
23232163
35846325
1261227
27488019
48627800
35845983
5768493
2948463
186861
2062976
33304066
6545589
33063293
2062997
26871560
100613
5322136
2008998
696857
2062946
9518820
1718457
41690755
3547897
4773381
7777253
20143799
7319132
2810935
21894979
1180251
21898405
228250
47219278
35499579
41401894
38567005
36695581
48845713
40379194
58840838
42347617
17720039
36805709
39159007
25721647
3529366
48524015
33419356
1230430
23969060
6772526
3188525
4368443
1480596
9468011
5553529
57721061
12013537
2282265
9367157
1378556
8906020
29785890
1440697
8116910
37813899
6794025
8327229
9912180
27643621
4690205
2347543
20274581
943889
945226
22294715
14573826
29539280
38030368
2490209
15449681
29738079
6653302
20845234
29344284
15450528
1912857
33983744
547498
2473184
31784017
16361879
3728446
1858711
30540533
7819590
13362698
13866882
12788933
29344185
6207120
1838453
3945226
9396621
8691730
6854997
29370399
21888451
4368247
12041393
5903454
10700747
3597541
40633661
3028673
11442890
12287323
423938
417063
3205309
23003
26365268
58499220
894
54398193
1649551
722119
8488513
48055
17313159
8646037
28437065
2716887
15378402
35907563
6516
6329326
14710377
23290062
5843994
7322651
2443077
5135982
46557363
7607744
3369667
23276654
24258036
1148880
29129176
10158053
28702800
19522
3013746
186397
5416422
5416552
3013843
1682929
52372104
239953
9784862
1287642
21611707
18157622
17697772
1285190
334725
5767788
48610944
48522528
22076525
1854919
3501153
26617693
24685127
20205559
30731
11905415
7913876
13371469
1937408
365038
507197
35606887
2749924
35961152
14780759
4036372
5513834
10567936
42947798
35624642
35622274
401398
1230412
26847711
41699350
34133468
18703802
22851993
58564995
13798250
25012629
22369867
3024756
10617843
15934453
49793173
413120
49045961
184426
3129727
53609454
22308235
4895280
11585281
184501
4750124
5987837
1793199
2095002
1444250
48518875
51201059
6157905
13169286
19473131
52934084
48627722
44589983
30291831
4513
48838033
2100829
1287285
4854
55833800
7137314
43033258
18619209
37377540
19377478
365785
29423172
21234688
683317
3563149
473463
6299
2602561
1110725
244774
1977258
52175897
481745
19075848
16784894
356834
10017322
6768365
261331
84672
429211
717197
50473
12514
223328
22555763
11888
48435106
1232022
325829
7975772
1248684
32980480
4214118
15190650
1988272
280940
7347710
11113141
439244
3653113
250771
143895
13027
237685
38166006
181657
47729370
208539
143130
18630
365645
1761514
7689495
1738734
20802539
173599
20807
20775
352603
18600363
1747304
45462937
22058
145796
239835
1573719
1830983
3113213
152176
142758
560306
23888
53344
1638057
498669
2198242
1359027
14152641
3025277
8456069
700375
16337730
244219
2074120
51017
263155
7531819
36639464
1577663
2204292
13963446
27796
28090140
640852
79103
2152963
47715534
10150677
29957
2864015
37317903
272091
31938
32362
489226
218935
451642
2016905
33802
6986591
75482
152262
44188437
865104
2182999
4332470
15183846
321987
56589488
424485
175075
55525
5654828
161235
10040016
4804361
468620
3688160
6929294
47230064
504050
4317280
326432
46619043
1571026
17939404
347423
1546787
1712572
25750171
1640352
1430592
326523
239783
7968621
165584
26816497
9930543
16630784
2591266
14347568
21996250
2109858
462109
30863048
8616966
52272224
6895800
23138910
47312061
16571389
16697184
35180247
2723220
43252736
9198205
294502
997333
6910006
3762896
15378826
3009731
7420289
1033603
15766957
878795
52264296
27265022
27146039
46393259
1119725
2241370
2006653
296454
3054108
6433729
8903217
1633
2605835
2518847
802070
42597666
6328903
1779414
4781942
1936651
48557
48300231
2345
48300228
1485118
768582
4589469
1692649
15560652
40228792
20888174
1236579
17402861
1134350
1067968
28443560
11892694
5544580
6728413
5363354
5410420
6731708
1095055
5621198
961557
47262679
21632935
3653138
5352986
1338425
1338403
5360729
5360511
8611973
2511587
2798787
1158277
6731729
829226
24857966
2511301
2185499
2597021
8461615
5308432
47030961
6297428
5142879
7205616
4927397
1471081
7617666
311846
2001317
6606516
4858520
223851
2268227
7318861
4476052
2910217
7318880
1353761
1704861
1667764
54867664
366338
1390754
711620
2431351
5474824
4589420
336048
43854073
25873413
2224779
28311757
5421078
1681392
707122
3674968
4854478
17611685
6369055
6731715
725182
1142161
495248
730694
7457617
1972169
4589296
7386800
4593356
994240
1343908
1932437
6731699
6731691
27872322
387981
5771704
2217456
7406819
1705513
2534227
51270
16133862
6744930
3294414
1699704
22907920
3262182
6570226
6698766
7778139
2097823
1263450
47086070
2870977
1259103
6154211
99176
3823672
1338388
6959850
6959874
7406825
3624700
651396
7318875
6744912
183528
4594011
4022596
48556099
7300335
650714
4854513
24436077
1661406
15954058
1077576
3053664
362474
22877005
45523692
47140240
42182742
204179
403625
2806185
8133244
1265835
3313339
52446139
4136738
56211744
4796873
9587570
4979330
4455644
40279543
2434446
18498844
406439
873192
8643461
1569730
4919003
4881899
599998
843060
64647
1209062
18003395
39808506
47663241
2309026
39534073
707573
10162845
27752896
8443552
11049970
1670380
1904606
15112746
2144853
32776936
2204815
10162592
33983811
7710003
7594055
11726280
166683
3299297
31578114
3959822
27487728
5809974
752611
14699540
23010898
3319906
2763176
50973480
278508
18009446
1251252
2105608
6637052
9324235
21113183
23915976
45003780
15078812
40520146
7365045
66440
48060370
7372761
48742402
2062296
33266276
2312628
1587038
48742822
6305935
17370127
3764617
17163843
24937154
42515747
661532
1494697
2298066
38040136
52635335
37321320
17492789
48266581
11944276
17009396
15624438
17563781
19292250
48369187
18430873
31675090
38280511
41985172
28054027
18694656
16937878
31622198
48475265
38355577
9510009
16867226
9504945
45449483
20575458
37917298
1567201
44906524
9132033
54778935
28035682
26596007
248866
7459306
6258718
14087611
4635596
34523201
951854
9348255
46643365
38073613
2065219
28175655
10423552
666213
43552793
1805917
5164336
6701389
20665926
6004513
24864632
10799980
12000703
985785
50710120
1990227
53031221
30077252
1084056
41645524
5138749
52955792
10441879
3306282
47911534
8978201
38346900
47762029
1917122
34463348
48060347
48060365
48060324
48060309
48060313
48081351
331311
48810129
48060312
48060302
48060310
48060341
48833403
48789356
56669763
48060326
18305169
1687041
47846042
20694863
29873881
35859960
16222858
42971362
26258971
5560053
36916
90337
16428346
5623142
11035744
42113760
35945275
16964863
19559106
2037550
39094353
8233397
12233742
348014
22583010
21933277
21794016
22582652
44853779
50697647
48892586
44941123
51333944
53666838
47469080
48933244
47598418
47669404
45417744
48940579
43454782
47453818
47438543
48875995
44798064
50643157
51300873
43454948
56231071
47654182
50609637
42393658
48917334
47700436
48920358
48972129
48952451
47336388
44846299
51213018
51239010
21799885
34290685
31561246
24264165
24264308
55343238
22409033
26772929
28729522
34176941
38091203
4549886
54556215
47232798
41359280
41363587
47232770
41359321
42851992
42457265
27689510
1021950
33957881
10009827
11831235
11831467
2489163
4570287
28714879
4742179
28394453
3266996
53974588
18540077
3585399
5468826
73086
49075583
33513740
17328964
57644912
4532150
9350154
36308636
5902364
35668663
20130602
48938732
3571941
7631695
5105896
35626783
31610734
4387520
9340221
4046050
11350275
5694403
2765914
14122129
37926233
17867131
1758916
5195211
1268568
1887258
4384038
7408211
1768463
324479
20585847
33084080
36535566
8968018
3252434
