25524
12055142
3453719
21871884
1855050
9746248
30863191
47158945
21524318
6738308
7033602
40322326
54295008
44798958
58710442
36116472
27754656
8989793
6711708
397271
23233259
8718538
29244719
7886790
4568259
39559966
555650
7016721
1586154
13180029
50675732
8085847
47814230
8775637
42335212
3345681
254769
26566069
27293278
1519875
3606009
9560227
24095765
25394665
24379735
20907300
1616185
27576302
9545
8969359
13924093
2170113
59861
20265741
16624451
1091233
4083803
1890042
22739648
1348347
55408192
2870004
44889652
4824777
25531806
52565674
32464022
28463236
23428417
31493190
2149716
6338482
9308434
54046648
1330313
47280
53080832
1512628
1025859
11882761
57870193
431877
1831624
19845831
47845518
512904
14908056
42335532
5721896
41885308
12795695
7042478
18912788
54093789
39140116
3668787
20053540
43482230
24533329
3844654
34438892
42964044
33545180
3156313
55752601
41996885
8895390
10003704
5679464
37998886
17887712
7660968
50891749
22055657
10044864
6895400
231442
58910447
32871561
34056766
10681803
42139922
34033422
317282
4580669
20685207
28819832
5639364
51586709
3205100
46568727
25202899
1857169
18743071
5619479
10896010
53256704
20927937
400598
30951006
55269375
7217838
32826965
12431148
25874393
478774
21029957
922164
149170
44349608
45687070
53206947
1270090
30873725
18947899
10918960
35817324
48205088
45689615
270925
31070516
26699757
58493527
53626941
1825322
41372282
38522836
2307679
25542987
1265342
26210476
13517224
614484
4083089
9177274
46836148
1043494
41723229
2138561
26690992
227107
15201
4598933
2312628
23035356
33570327
1486259
7419828
3124327
46364209
15847827
10231109
9027805
48168923
376749
239953
3133616
33545656
34912694
33982507
4790944
13527705
24535515
37328605
2341066
772062
180337
27514641
3616604
31230550
11045901
21490880
5652788
8695783
545577
300215
34652655
21038923
35139541
66167
19233383
1529514
1235779
49012939
18492011
593365
18727566
5925607
36039997
40333821
46713039
3209321
51623139
9664035
50462832
37427679
337526
28723409
40542997
25202419
5788461
51848829
37374009
43747041
14960344
28722165
33338462
54578929
44136736
43007354
21172290
12225559
51982853
22624303
10518546
33939070
34352069
4635342
34057814
2939579
28248191
49584609
28635339
36206349
447842
55285257
12575603
3623539
500998
19009
12817220
21881
4209079
34017095
33941153
34351960
309812
13072345
219878
58711272
9502
690842
594386
28341403
28341466
40390498
160420
1183294
88284
11553912
5597523
31642145
25490436
22694540
2036080
36134078
37463753
24756797
11191489
57719361
7621464
32759787
25437026
26203820
27919989
52760151
53679177
30305220
30371259
46728242
46727979
4674058
56213619
34475131
22544085
24783829
33902461
24591420
3659649
1246035
25394139
9202249
40163687
5195182
1134
175596
25351850
58840133
50217757
29900123
37264795
27222803
2599760
12836378
21447748
18654276
35201597
1404417
20238890
8814172
43559056
58151566
22031754
1697378
1557623
41080854
50613744
15984410
47296524
7415870
346563
19892268
57740853
1550515
993971
2819542
30930441
8340340
9460402
163180
7806345
57590074
15232016
26685
426205
53458550
6956596
38532142
400772
13984801
2576205
45684490
49412547
9905605
48268726
26697065
4355205
12081629
1333335
10917819
929970
32523742
48963212
1347945
634216
43271399
44111304
62204
2958015
7452926
1567800
25220
29248
146062
29824
19245906
478091
713497
19742887
52638047
40748267
40519627
53623399
18622733
5924260
27254400
1256327
21205531
49607455
57664986
44406607
47203681
53247133
27237768
6494264
43127500
50564835
53083326
20785778
56835749
47074486
39241111
52252646
18665029
327801
40679416
50093614
11142047
387904
10079442
9787557
383540
50549990
35845845
57685748
24456791
590407
37782673
40896593
37408632
6487479
18226967
33914408
44145355
1245135
4323107
54610791
15984030
30408720
28105864
25128072
57899033
48231632
3148426
13792554
25446625
42457467
13572669
42630360
26407659
8160882
268343
2668560
24502933
7117540
55809493
8957
3928108
3568143
26642110
8603776
12193070
44081062
50830497
52502988
42744942
40816606
8255950
2287686
19523304
3807786
347832
48919235
54319174
51365411
46876683
435023
32401187
44086673
287817
6534078
7206612
1770354
879369
11378462
23591181
2531815
22760871
3811299
9722048
13666834
32711093
25089370
22233981
22786037
28803763
28072082
8756520
39011211
261362
26623806
43466124
45311415
19701580
28541774
13001159
235810
32647883
2224150
4567287
33400984
5088154
41622293
36711519
35026878
36874094
20057246
11736014
4086673
15445422
40440471
57504521
58416689
14345328
53887100
18789405
45472925
40644564
24456809
3323405
55334434
32326682
42435212
43444201
8533371
497430
3986605
1520009
5503576
27951572
42393289
42217551
33180836
695010
20666149
36003019
8138285
34858344
39523982
33229131
31822065
27786714
39181419
15945948
6031238
16064155
25015061
882289
5638040
13536160
35300495
55571161
7838980
51559936
42406424
43891438
37798147
54420371
29343131
51354085
14668858
32384383
42544174
19131969
9830185
49375855
34866867
25266259
1922004
2104649
23140355
53468592
30441468
11960841
1085993
23277149
24413040
7255094
29723106
37260719
40768912
8547338
32411778
46757220
8967576
34004632
50489666
23364375
24351081
39430585
664167
58615229
4890712
34421851
32220089
30696207
44942272
5201207
53823061
49041019
52559319
30830288
33977176
15170825
15898944
21006524
53415616
54032417
48139051
45099113
58077748
43681059
30630072
38694007
10071084
54933695
36851414
28748278
19920264
50668886
56740957
25432211
47116440
48123829
41023487
26783593
21918364
44840342
58634900
33567730
46284915
45225380
30717591
8325276
48814803
9542150
21163118
58554479
56659625
3515058
35986993
43374621
56796863
4745434
9592099
57825991
6167610
51500671
27420854
42403060
37796968
19694222
26242624
5551387
42251645
26401118
32878737
14922874
12149549
56022757
17327417
34148331
27590325
43088203
22382381
37701203
38245248
11566420
43432542
31969160
57050539
50667915
21154613
27430053
50487390
39116581
58346189
19507003
56058170
30557939
38538513
47512564
22516665
25789394
41448158
40251660
22355902
32490499
34999450
21784990
42362243
49701193
48256033
7455325
53799798
54179148
15589521
54401004
26616190
46617123
16938645
48614796
29720349
37833332
55794161
19973035
8556186
52455835
56349936
8639774
177891
23499848
1007243
26334944
46407896
33702231
33487458
40849944
17878314
33447383
2636884
4159251
40789317
6228251
40489234
28341301
6891830
37713822
45234106
52551878
39151817
27109599
31695440
21689101
49043045
27616865
198136
18129881
47408913
477050
27015910
6929272
1104922
73615
29844152
50949211
24897936
41332608
53465035
1342072
49239358
18820886
10269492
15144310
55565455
1384073
198139
46402668
7726320
12236730
50627287
22099483
12091162
54571711
5777298
36443256
3962513
42735080
31458333
33838184
39172130
8195175
41944206
35107608
21745622
20935801
49166662
34784718
791114
36417265
23937135
18614570
1933413
8498
21607296
11113
1309220
573770
15459
508557
8263841
41363409
10263082
2927722
1126135
33499996
14596731
8237631
1098722
31251748
27606416
26907990
51511242
21541913
1329553
15095375
31414907
1311263
15734925
10421755
52669922
15470157
2201810
29289201
11857285
23223328
555177
1384625
17969013
2846227
28357940
20865515
56212951
19793829
28402366
51606692
2082324
26446535
2193464
990577
5692191
41103339
31147613
41684043
6730013
1431131
22133332
18575245
28165033
20264496
19793189
55383005
13294262
53748226
2096333
49123579
2026812
674486
40011790
2692913
19715825
26356059
16989968
1770478
39607151
22127786
17326023
6577179
2843181
19794766
78204
21024906
1441959
48565888
55875044
2109753
1474033
20725154
40437203
473944
49140738
31000879
51794642
49232512
29387560
42004427
42029258
1277426
42886643
20825573
25608681
32924575
32574728
16577671
15088879
20952989
50063891
42673261
6940738
41032286
955078
3463507
13016205
15442288
15471263
21210204
52451093
35754776
23059671
22636673
38924410
2602512
42125815
24458002
5098643
15742937
52379796
487224
58786054
53586660
57924405
51713213
40103800
25067736
12418866
24993340
39242563
45023593
56976878
21250025
52547912
19114702
51495660
38685110
38216440
4386161
37400794
52724515
38250354
39284743
43890794
40828051
21675170
604283
2488993
2046242
56091357
14210361
1274618
1490533
50961535
49729810
615793
47366760
48131020
1490649
1490657
28333573
478741
54674995
4150331
18617552
13676100
47581493
48311903
31529523
32601452
4888719
31359857
623243
38177623
38567205
48128792
46204124
46381111
1683741
26480
37587366
41470965
18816321
18364406
31685801
35694874
1455450
18190226
6440284
41673861
19152504
41720368
2907702
2956219
35555339
26410912
17947371
2645852
25197816
26710029
9206763
43332292
14371693
23934077
11548616
1328375
543002
18492366
27876461
3648817
23145438
41789047
12187937
27238264
51338048
2899838
53955644
52524173
19456631
4708228
321040
21526392
19866710
32088843
16374851
22356949
12505201
33740159
47039771
33914831
52909000
39226714
46535654
45527564
41113159
32061397
9487048
33636892
33653552
49550577
46595527
33855541
49607537
3482223
32250999
54665672
13293966
1926954
29612815
18084511
27554402
40973486
8639734
17717940
21486420
6195793
31735987
6821648
80077
409830
30177701
2402277
50907630
37563086
39338947
689975
36840339
476437
482651
37514688
52399697
11275122
56939346
34473820
862481
30174096
430890
7611815
7306013
19978374
50150073
6252669
50980476
38739810
46532573
5853570
9268401
43239696
31066642
47722970
46234009
40721376
22496989
10937123
7909073
1263455
1042185
14597503
50574702
46602192
28108383
17604837
11161698
28498675
4475135
17893688
185753
5022384
8492581
11347455
3505907
34578594
50185803
24982
36689101
38740974
19269621
27036625
31756882
7302331
26952610
37153043
44349584
43440286
5211371
27011702
9091662
31622840
31742530
2122657
2567281
14510126
22877948
48483266
11802351
53066523
22090661
49407336
44797478
46811356
2790692
43825684
40171309
42248988
1752785
12438341
29359289
47556865
40946130
41103814
41405317
42926921
30874268
56071248
26796464
47480994
8052378
32578479
21687875
15276048
32947227
23063198
549159
794026
24387355
30861106
4877755
11982653
42681022
18548164
24456760
47134148
2489169
16438
3470813
423369
830933
3286331
21533032
48689859
6408906
25785891
1487987
1032221
35007649
2268393
41327944
44399186
595899
25952974
2466468
12682883
779664
29384692
40133546
1841309
40550996
4857593
27306142
12223156
39419396
46335828
23388403
1471689
23100954
27150031
2343174
19771103
48878328
50976534
28939533
29472059
1726106
36055163
25384450
57857420
17893852
11329244
505966
14760591
7936484
17910885
17511328
254675
13437947
27006902
27066693
595099
11326804
17909855
647561
8079046
37017178
39606746
14809246
23639320
29538206
11926825
17132034
1946773
153149
14164028
766
12915049
6392819
2207522
861237
29292343
463084
483236
404772
2446647
19172122
22526900
18057708
4027423
6528254
31489430
28216370
218636
22521907
51246211
28064884
2790556
6204991
35885391
3115098
33474082
57218722
33086308
27787509
7698767
12680144
54207037
700750
2207614
1771912
1651761
2176159
1963923
24997830
984160
50301396
10929239
32664797
634370
46726520
46716047
3676230
336076
18297971
669850
40394645
3426802
21481114
12697866
33098415
31239248
23398375
1833117
1556589
48402608
41473544
50888430
3762577
4186271
23568425
6941375
35581016
26783
483256
1975049
220011
483210
4868366
248151
2746499
44444836
951824
52164878
46259914
14570613
6847449
1156283
20767200
32191538
3852913
40277
46446887
15896065
31854984
4744726
53804356
39717451
50761119
25167933
4238818
12724426
14624106
22302452
4126432
29253816
43695590
16360989
535248
31870683
3644751
5667767
5750245
51495200
25056605
19757398
2898829
43563308
31266428
38890522
31238416
29547984
54292120
5289626
36749242
46831254
2245783
47275104
35349626
46868324
31149053
30916247
48644210
45224286
58408632
1232091
788661
241717
11087233
24003020
1557627
16818407
20613255
46174
2946860
38014079
14905844
16941667
14069120
2994579
12950703
3816147
3522173
29821
5640964
3606570
1587691
1572008
57562153
43433837
3028673
769984
42043
1337886
44412988
5191394
53438629
309968
606173
1108330
57422127
53814671
665323
35389998
1999552
653532
36514507
560394
2955363
473083
18445203
33977766
21301794
36351667
49056978
46995126
23456457
1015863
3002785
9970
28432924
4360694
35592017
35321329
51132224
6029406
10349604
51158471
639389
41315495
10412265
33076751
29461666
619350
26179632
5630993
39281626
1956359
12552292
35590780
17701730
373212
30805061
37908412
37713215
530786
5947372
54302152
25480179
38169567
7991854
9267027
12559579
21790698
9995176
28682259
55090800
287627
1983847
52637542
5797669
2649330
23244381
36747956
1708862
3709199
1212705
738199
15673722
2735792
11864322
15164242
11724224
8028037
11139657
10374609
770661
11259783
4145703
4145667
4792160
44065428
30423282
42180168
11944163
25285928
52035284
39183674
7820379
1612994
25679105
41710616
53684203
50630127
25578271
7437933
39926400
41759167
55768386
355882
48765158
50725046
30040763
2477469
28374801
1642893
37396916
408044
381889
2994766
27057211
2929826
28103969
23811667
44161148
366338
27072290
26298067
16016954
4347645
582610
233885
2482771
66772
9766421
381892
2165703
2811196
418377
34426957
4321101
46836302
27226465
1659660
11485440
5531689
4827238
57465515
42166505
9347026
517208
23769768
152534
1094664
2726813
40668394
9706226
505760
53195819
730450
729783
245678
313570
9220580
435331
19527
14050778
103123
21494
851927
373917
52459571
49403508
1107345
37189417
47156854
2421203
1274640
54012290
35245110
54876824
2920499
5674401
19714893
16796463
54821799
34375198
13826888
39469016
30094514
22910426
51801762
41889305
44525813
41857353
45186250
22721352
17732911
16384304
17896832
51010024
17857098
11912900
9352156
13796465
50562985
19103985
25272820
39184506
28672757
16587658
45718525
25699490
16329575
26198554
14000930
8838408
36306221
44942860
12346796
11614417
30846203
9519753
36245595
48520881
43040461
55985867
23875871
52280477
11611082
30920065
5674701
50555006
25908518
51301084
51158586
54428859
46460707
41896414
35221133
37870730
22318852
38034988
2121860
44857653
52928352
5058645
51911702
45402495
26985865
49078161
39846096
11674624
7197430
21047959
57030804
8865790
984662
51160243
41507148
40409802
13508122
43590826
18635428
47391667
37944386
18448330
38371701
12965439
46364558
5676904
41082372
36494971
39513392
8789558
45656725
31487351
2841279
24702350
8837522
5769933
46433643
10012359
30939480
52062569
16941443
27898066
47004694
3732805
30850925
25006970
55312569
49636931
44739748
20842244
1533342
23525789
35992087
42114583
39729769
10608807
50809337
19936393
12413257
29777138
35090132
22419367
41732962
5195706
34899581
52198315
84449
32362385
12310331
326653
56498414
33158412
43408793
511115
44407149
47647187
34682580
7152596
2837377
285662
3853971
12894414
30857339
32676152
11736363
12102187
1654347
46596963
5339017
17435751
7648004
41631841
46590042
40774741
46589055
46584869
3093305
337921
1739642
1396834
2431422
9975393
7441117
5206743
22810417
22490
17356007
577577
295144
56794983
28096558
4872539
69322
53747728
217643
5390576
14924067
54251016
242710
48919032
42256038
21207536
10795015
19583453
9634115
40351046
489145
7378
50139713
19455353
8741613
55797400
45633
64919
1195462
22900852
34488928
2104181
39800770
16366
46273308
221742
10945255
5993039
43087033
9332763
23193
21704563
424562
34878046
36071642
354220
18023463
26781
146717
31745558
29501
41500402
48947550
669120
43473064
12902253
980151
33223160
41241218
9693869
38200348
19027983
8214855
4691737
16070714
12414897
50388178
23086620
12414059
41028296
43100014
50678475
48091100
3993703
42970621
30155196
42786431
41260788
26513686
53169305
17033652
45649799
17189968
3754615
1958651
31582884
5689
12498801
2517168
38400327
50042289
47328860
55008943
29266520
1885260
16945076
39344682
42043257
30338536
14345140
33545224
41794077
8861950
30121772
52023202
46443658
2400074
54617573
6374812
14423
23955475
49881992
1073964
30806773
17974170
13398680
38320285
31325487
11699892
57999503
53504353
620985
45541620
31675294
39685873
30984135
53840641
32362461
428966
36258109
57382201
56721411
1074009
45574570
12704017
2311983
51540636
18348660
32304228
153981
17873167
24367237
1148604
39475189
28682955
40761919
1076499
28814703
1863144
26489524
16763898
20113952
33018681
892603
29024304
52602528
29591685
21693936
54519146
715837
2800542
24286842
19725260
5689246
47261195
668610
23643360
31490293
22234954
6098122
6081704
16886145
33561186
86344
1410488
3281064
424984
54948386
460615
2681197
185793
4855818
20173592
493992
569080
3101851
569079
487164
47627273
17976287
28380542
12578528
54589730
17335512
28514541
6528112
3133026
28517338
29214088
53464560
32223748
57967617
7918493
36192674
32544571
38918528
24960516
42651880
41330484
3471424
47051500
20169429
17561829
45713400
54673886
41900768
23602339
57749321
10895170
15852487
49393615
1574408
22204995
422947
26060285
30307883
54959178
21349543
43155498
29263402
3123405
36831399
22105675
26801546
2684046
19675815
21229591
21395141
8865641
2561418
4004087
45710527
4701794
56111067
43043670
23496908
39624890
375151
22196394
23513859
49331770
23163170
42711758
23670841
32412360
33853973
48735070
52643965
51249043
7550768
24284679
33349080
48859841
49628456
22058949
36731040
36746396
1430665
8583246
355905
29769334
39520438
32689370
1847603
28364627
27705562
25653804
52673644
15238346
38433640
34299473
28092485
36213146
38899657
27142678
5087951
5101167
13757437
5732083
41910465
13649645
54057028
41778900
28826610
19352541
37427409
15935893
42587764
40701755
44647924
36314836
32010377
11435236
40277510
37016142
6906424
4735110
58156026
21262624
38253859
27249094
497231
23244114
3299927
24614533
1166250
26727003
35415520
34300445
39074994
2501424
17903600
28312702
19910086
32368768
41148800
19015436
17658947
32965951
50138788
23397182
45656760
31916563
57288645
4138279
689881
242819
27389289
52669302
50862029
2616927
52248880
7560597
53249224
56732133
23638252
57065700
52732406
20926301
50948088
57200616
56256476
16335898
20959122
2069923
50781907
324546
49410790
3202914
531186
57598490
1327658
9997079
384236
23083185
11709
3990062
80249
5541655
20528261
929709
229661
10160405
32131559
47695603
4420535
81520
861713
630584
324570
556400
324572
18387720
35943703
3410311
3410605
20603277
45317855
10690408
51115077
33634252
3444569
41201395
41400146
2245608
38507907
47480354
17343505
2240494
35019188
15661133
1626752
14567369
46895767
38188634
5047350
16380678
54083241
423362
52406649
32710383
1578785
35912730
56975991
44990267
38857196
34626918
41510108
8215683
42813835
10806718
26964279
12468027
34782320
422994
11025173
31500839
7251426
29302533
38023969
22641287
1005736
6560125
8230234
7392532
41722507
46988816
33741189
61981
39723804
9905395
9444698
24029782
24029666
3604693
42425338
5542744
43102992
15524018
48324219
48405470
41518696
555466
36695581
32813232
10920903
12890728
4673093
41953380
9137495
3089877
10416781
15643547
216262
44059767
18744851
30819777
5077931
48849351
40626674
1005923
39957824
35581210
2644957
56730913
44823474
17766152
43959571
32998490
653841
8490267
380334
44290517
48747269
57848608
47066581
57094768
28169960
381219
30871775
83306
8051999
6277878
25464184
22773013
53534175
58476783
56680418
55286039
44770854
3578992
158945
36778352
41751262
6606638
36264521
39316452
541992
8049742
2658988
44095473
47777931
42315004
41515869
22841508
41872647
46624507
10710502
582691
54185963
13666328
42897194
10848413
39604728
10989658
53393522
48077208
22631667
26762483
172828
1741558
24429136
7174439
29410674
58803879
41588425
44255416
29660037
4734265
10849474
31269312
3012337
56637979
31395019
46680782
58437825
58464407
52635591
32834692
10370512
27410343
323321
2210239
44438811
44438883
44438822
42550070
44438903
12764579
44438923
30435834
39935010
20556839
26838799
39327850
40107286
54028064
48805366
9260446
19652122
38823405
56332928
46394359
42380964
41933520
36536119
16702779
1501245
48598824
49931371
18950432
51026047
52600012
26161273
970788
3430362
652248
47218758
17424187
173908
41543854
274487
34349914
385822
3361801
42022855
55121665
4145458
21543926
1196902
58713610
53541164
41474822
1962277
53985560
336335
10918796
2396555
31080004
30461514
12993825
38258813
1241055
42983328
41787575
3782219
42153967
56223
34185241
49010389
51209292
21922259
27014368
449532
13660595
38955147
275597
3472237
8444007
8784196
28547
3088217
21679345
23159447
33055034
34378053
3765577
14676686
140453
23642502
3019986
19990546
17285456
46759922
24926041
647811
36704035
1664306
13636704
18225495
50886475
24189956
891117
2925542
2952354
1066030
59017687
59017741
11319901
11541500
24486058
2361573
33548869
10436843
1314371
17856477
4456905
58830224
22829226
21038865
3129303
9499387
10367850
7118266
36352733
156984
48418561
58730890
177470
13804103
2507654
11029259
24069615
1222155
339779
155526
22424194
5777246
11458358
2333211
11655925
34357584
2038222
44979089
3153225
314951
7075436
1778340
3816051
35719725
18951412
26090979
1915666
1933754
5953919
531744
9840058
551132
3697277
17684930
4930291
4444054
2777708
56972098
31768118
50031641
651421
4978332
26091443
449357
3400233
7486167
652707
20744670
670497
3697087
369917
2930259
49312554
45470166
3124337
15232107
36679215
384883
19680771
5245672
220540
6158798
20608160
4713795
26937033
29004927
677000
371222
3680555
4764743
20961437
2930225
6815271
16122960
6274974
16133973
8353437
5367328
5368420
1092083
7849161
8085485
16245061
58091875
3553206
37515839
1672354
12498132
4377467
19819041
1689858
9473804
465183
43723914
1073267
335126
333887
515482
247805
42873203
49472681
19228038
21593884
40829037
23438448
33303497
16740757
3233460
7645093
25382047
18525745
10966420
30865249
1885888
12504609
29024509
17617249
28103848
15554016
2417757
2463359
217289
540943
47217931
1473211
350451
3053466
13255653
5010891
1695906
1203541
7851105
2936900
4137222
4812970
343947
47072628
53951357
3852887
1995204
4887255
457547
8039874
20120454
22988547
2795669
47721921
52869832
32284895
745675
24471939
950069
158451
50399438
6707383
14609028
23945703
23945888
551666
23971410
10646465
1901399
691486
22547370
8096690
4248818
23967222
16958969
2163522
43351269
22039743
51483978
45300774
30866932
47040254
24984405
16404984
47012923
47295462
1141972
36066679
24948740
351499
42858610
22056917
72718
52032623
56248178
54349974
13480873
58028753
46952496
56822492
52584796
10579736
49466458
54277715
970198
29005947
7127409
24023788
195113
55796083
43683079
3889704
13706125
18689198
46186824
46186742
38091302
35420542
7452748
58549401
35529669
58543408
2804563
12875193
43331625
16910665
33986971
33531454
50355
13431291
17319116
58013819
25212610
58482940
1603749
15381320
45581702
26240598
57257947
60043
1032206
55050113
25548831
46355760
56343506
34294835
57242304
52109128
12316697
47156922
20632674
27662703
56303927
4545084
36758088
12027162
17369281
1180038
17020605
246843
8148
9787607
37534614
70602
7080086
11919358
622746
7375831
5635
18079465
20306750
7464272
45592
23279015
189733
52447
9660501
4467178
16225974
44990478
7080454
45080
6922674
4425025
19395694
56206039
44631
55360088
44014
7717190
2792706
2269838
6908877
37462359
19914843
25851077
1833996
38678459
14092
25711447
143913
15184962
28429667
817963
5266298
1052431
143363
11143471
14346997
15710065
27556949
12489165
40786249
29492025
44611182
24096963
35171243
18888996
10047141
17286057
12468190
28655252
10528111
506548
1697326
30353884
56214179
4424627
17018101
56206672
25168000
3703995
24134693
21052842
5918060
315598
3431555
3841204
144571
42737
43281
2185764
42914169
78566
55883335
594329
58126720
552927
5473205
3595931
20378555
22146136
31864333
378374
83109
74234
878486
878460
246701
11291747
642982
397870
33944493
47138210
7566194
51745385
33751974
15536310
11864626
35940793
79286
10571781
1516960
35848274
19392820
29038227
54116362
54115574
54092871
17958861
25850335
5208803
7409722
19219339
2121332
53176618
614302
58053625
37493759
18007827
27747987
14433507
32605133
960761
15128330
11832700
9066328
55784948
57474053
6491017
25437008
15184577
13125720
312510
33634442
39395613
26700274
479158
479372
11441057
953291
55876820
33634815
31166741
1790979
30012487
24115094
13559119
13558884
2750719
13565179
14836077
878537
1550957
8364672
57294929
1120826
57653260
2293646
196705
29689233
13565851
492721
21475237
185684
4088337
20506945
14678881
1289465
9618962
4231718
2037472
2717623
55255005
23163812
1987270
4630959
17933710
34633105
1141139
7868915
23099091
37715432
1100228
57804993
1141140
274584
13568245
29689143
11076910
669466
1141137
23234494
21410765
919480
40963715
28277639
23176330
4859904
21087196
1967428
211539
7953545
34632940
1048994
44969111
28431
5610322
7531185
3748263
56768571
23351896
55351756
743972
53290292
84237
32100
23328673
36239824
309358
4841845
647886
1372502
10926568
54284284
21223135
1164713
9182455
5427486
43127190
51103000
18717761
842214
5898736
4761602
47435668
24554383
1363992
41626425
31529393
1813957
36327002
303839
977502
47996579
50525160
23450634
48736959
50190422
41741349
51354468
36586916
53560287
45655595
38241142
20096694
49219299
41864054
45512828
57692277
48476253
40044058
53908624
42165075
56880407
54239619
57907584
38097022
37920930
42326605
51560307
56075200
52924170
38473147
43607831
9950217
1665718
862425
36034784
13129401
22558006
59050951
24652345
27814833
1099545
40432762
2150812
37137049
32693815
38563777
25454608
53862975
2495244
20811122
42381107
41836525
11668713
620667
2379141
2633923
25203704
4161087
34904238
30835995
12936739
10061279
10553982
7667352
2557305
19129716
31419238
46532634
5283351
2574632
22122214
56573146
17140101
19688
53218499
25153936
30570598
1776393
18063628
23497542
31111521
48536309
1101984
23407868
6606262
1626167
47923142
52769308
2372575
389564
46418093
52048718
17799577
473317
42906439
9541
45233993
43558650
54571114
20583034
27433214
15151281
27676486
10046650
48674029
2644613
27426169
274035
371317
3067624
44808017
2672144
2474014
272134
27888401
32190610
39983499
57571211
57258458
36815777
31062930
23348504
23057896
37384857
58307936
318374
3459152
46533177
6471621
307139
26297705
5710651
20772368
28620941
15943873
54477794
240105
14907107
3750731
23647133
7657737
229913
985636
4027892
52044774
17165130
1219664
44155493
1719952
5277007
433475
21416606
22022792
1586226
4845678
10698035
27145862
4118642
34312509
10469004
5442449
16920054
10748658
1198071
1441076
57448874
57177883
55988621
45391945
46902242
28168154
36557329
47978056
42320214
5239868
237721
54110782
240766
8733599
18660824
11394359
15233213
62329
24426070
35028896
15962973
13359015
9348311
4046579
43051635
23611145
57588368
56907580
23005420
22939829
53706532
44614933
4599300
22860458
1663053
53482446
5464478
9668598
4592542
1844230
1707603
4701859
58103238
58841118
12830638
18448556
43679190
42627137
3704916
35692796
49973132
12830378
54497735
3450450
56392989
43845347
48678774
58927151
57326415
26167757
2865864
1101069
4122187
41960512
4847167
183091
48846633
1391133
3052977
183089
15433382
864274
12306449
54352664
47264505
57192138
718355
406185
58263785
52990301
58360742
46457090
1034225
58080546
2628197
73331
47200271
58478423
58718161
18793578
55734545
44841202
44956117
42193576
42730287
58707291
44841351
355478
46193474
44755783
44956033
58790947
1473113
58912747
44731549
47224947
31501334
58829044
9567516
47292217
44841325
3506905
47174344
43524822
44962928
58407548
47280443
44956098
11088492
47225153
44840979
32823274
26678256
9270894
55312655
55417629
44842085
34385157
26035
47241190
47360677
1164302
4648476
54521945
1467819
49532900
10595787
39378128
41708748
42624095
58868970
47470590
48044320
43437482
44956149
8204301
47221254
47221113
44841928
43958667
44226684
255722
47225072
754010
37396824
41642017
44956161
26010
10492648
44760018
50838040
58308095
1580022
39814311
42753122
18947942
47174208
8927248
47178104
47220992
47178105
47216921
47174413
44841527
3959533
47059427
8492660
52100983
50726008
58829003
44841279
7272471
13217972
384368
44956060
47360467
44962666
45552894
46695405
17747429
43409227
43555591
58610659
1181693
44841459
22742
44956092
47292022
44907993
44338818
70600
44918849
44731622
44956127
47216815
45178303
856958
36934223
58876305
40564364
43455727
47171918
1632070
52786511
45683734
59022520
18036482
47216868
44956051
44841382
37583392
17564955
80646
47156115
53303907
47173997
15641
10177677
19729624
43967054
58064879
453864
24863208
53130350
44675661
49271852
42698824
47178229
44841429
44956107
47229441
28562025
77390
3666043
457455
17247973
1398966
14290091
14408484
44199529
8967691
14311702
1021521
20586918
14280089
19285391
24283314
14323856
17975655
48205282
19062219
30700822
20485169
21073209
725226
56976577
2536187
6308558
301719
7973428
2579958
189429
34774421
3872553
5069503
18504221
5705
52973918
61345
5198024
24106558
37237272
1982545
58887918
1273107
32974036
33827596
41730066
54049566
54137111
2659806
44815546
12660556
41085587
28267409
42704558
855980
36951734
300543
15503838
50164239
26915
70543
58256225
21599341
2466610
41182878
4330353
18640324
4207801
28142506
4206403
56823600
827792
19344125
1022321
36496309
9912495
54345099
28982
2255858
34388536
5066368
26912942
14277527
57165508
53578608
41417189
11636453
23848777
1337152
11137542
33110904
38911962
34134778
1081446
31351422
416787
465426
42402138
1160100
30873666
2372399
31220971
314812
2383086
35739066
620396
40675399
56206502
3783711
42148664
31276033
27682217
881233
25979603
30104
11306
47921
26885650
5550461
5454132
246176
7257902
177456
369040
20347
11081176
4459160
2122523
44083145
590177
30263
1564475
4788296
1043618
4829036
5767788
42598658
53866273
30249
23474
2052891
41681462
7664848
57028478
4080
5911373
55201277
53865181
9448373
8729
25523
54133307
53640241
11518586
57077997
537479
51647821
55569888
55409066
14461309
49837457
55836870
632489
55194325
55193623
28676005
892803
55351593
54511709
2137644
38602386
54452801
25280
25284
55836896
1729951
56073671
5045759
48710592
23708860
4224324
27509740
11679191
40911325
483211
56343660
2219785
3007735
449424
37753913
2847386
449485
38771545
456619
44104804
33688695
31336045
45845
40261769
255195
2100829
1897646
1211562
20610449
37521522
8412858
1145054
37521544
408092
35941055
37521554
37522249
37521579
74547
37521601
37521615
37521621
4141794
7135063
16945353
163523
4326668
58913343
878867
18697593
25633084
19156399
18926528
337539
1227183
396241
54518180
848564
44852808
49638327
26451557
32550233
40126399
21452117
4374491
24684297
57227437
38984739
24852739
23894231
45420895
2859410
58944705
46843278
19762047
51458579
1760994
50063718
26800831
2299039
18247458
13068141
53927461
57511881
4416125
11199486
31625302
46753122
30861349
33166240
3334410
33097539
51154324
476217
44703382
40135459
172472
2435951
55158684
10539458
32820833
4362966
8183511
2435723
32256363
49267198
35501723
34548199
30239633
2393748
401437
5297538
40223314
1100460
52681132
2038823
342616
18650908
2671490
261396
49105037
772097
11512075
3340395
40326838
1012731
30128660
52994907
2197566
43601516
41022129
58559948
420961
1262155
277135
2828717
1687971
54162850
4488551
3340088
357200
14889718
30629
9881948
38939018
41427330
51266951
24969971
228535
1223646
705401
42359827
24076840
34240053
32731886
42350304
365574
931899
2390633
12608136
266939
26575483
198661
451927
49160020
26233804
2853
3574141
3524756
58172816
6301529
26079216
2213057
4054848
619079
11014153
35441908
31671342
23416782
3833
35916479
23277715
392807
158534
7881283
7759595
24940263
1681935
7743001
838750
42148918
4419531
9422189
41841533
1541642
41190833
1028623
17911860
23660492
2808548
4864730
44796450
38528801
32577425
6700389
25073444
5658566
197849
642502
1999112
36393447
9901
16923210
8012146
5881115
1052396
48593183
44713
912004
1572609
26370297
51549394
37502002
28833
26803161
143245
254493
1349762
993560
34824098
3826544
34593863
29477858
232367
24982510
39074477
48233734
6517341
1460060
2343859
43163611
589936
405001
23563531
15106162
335708
32343376
113620
39421529
55801071
16360183
18484548
9734782
1244539
8569325
24767690
22314123
22546070
30991369
18038867
5134369
85818
40349318
1480918
6005649
52576206
1696574
5412942
1464200
6257988
146028
421008
14327899
4949090
31364
32586535
19349705
24494208
1866773
1572761
37672146
1908669
8513936
10315930
956941
1337682
9482611
2929435
14512083
226080
32047852
54463103
30875467
25601367
1469254
35388817
39456349
8574
1936452
37953668
25031320
1692813
38350945
38890691
18171971
8822216
32833124
5439725
80666
310720
173592
57400845
907924
9577996
3802031
921727
1122786
32052431
916664
11484487
1238951
7103070
14924026
2185458
31849146
198126
34903799
7033645
51763062
17321174
42715151
56671045
31342112
49039208
2201790
4368628
37655101
1253269
662399
162468
33714634
20616469
27719417
10212618
21691693
56902560
26331217
5959875
2416901
23467149
2397174
12905808
15987733
40662884
9792866
20313880
39975065
149307
22049784
42256877
12593908
1666393
12643287
7256112
15367013
2210273
44428974
24762731
24091875
31620373
33879721
5659976
31653264
3840121
1828854
45537732
42344621
18559817
16403515
39848784
42063265
18586618
27700881
41602531
22689366
35745756
34857133
1923488
9799456
19349498
10529429
44383541
40690130
20370598
47144806
9096236
29992087
49550476
30008503
31942390
2222150
3283783
24677681
24432532
24985139
6517795
2725261
14479214
12594048
2355047
2887549
41571783
16591877
1518706
22160435
1616551
9814285
14605607
30062754
32610748
30558664
2454708
28201395
43619832
1984610
883877
36406509
22672945
26264509
51275567
28332251
25049328
32169774
4484746
29262271
10477911
36393507
6324689
6621771
23514268
39053245
8111183
4400526
23561689
40932806
11849563
53866847
481262
43347395
55191186
15626644
20160294
7335007
5937987
13462018
52207315
4433929
18005168
34062943
7581994
157427
46868488
20805445
56102405
56804460
3077308
13775827
2862757
49653195
50553735
51707369
55426419
48824557
55260593
54262469
51208913
54147200
52587818
58685192
57581345
58565905
54364879
51810619
19796251
5156781
57494138
45644762
25336691
18603631
1442963
46289972
15388047
20013571
45502924
25645715
9937445
26839535
43673106
44395096
12426445
12311405
490906
53653891
2646130
29458388
14632736
18167517
36295362
31812801
11234085
21013351
22837767
955286
929983
51459657
3694359
255521
14762055
19633701
36250356
5732145
6332278
35916736
20792196
37113611
14708800
2257180
12297557
2999361
261099
45281960
26107456
44623179
17335075
10124637
19271678
3832773
31344951
8705289
18944081
21212370
1627160
33332824
38723979
759522
13609405
40626481
20760214
18622831
2413677
45648959
13632098
29576763
32150420
3606871
70667
18765401
23642000
796059
42637138
23643492
5156876
51218419
12426075
27722991
17966035
295743
35621499
47840074
5785194
1259859
10510074
30716252
12650052
12584334
25983098
44751384
5335796
45361700
394878
8934845
12975369
23140708
9563830
18063848
9097277
57494451
39661513
4130387
21832158
13791318
13859061
1470520
600087
1233444
6072431
7409806
54601982
40689742
3025402
36986132
23643333
27124328
34330145
45495364
1263741
408290
39522333
44163677
1703483
4705945
25782765
23211414
5605130
10861443
554512
46267815
10403760
36805709
52248949
27730118
36412364
1494213
14516771
945077
4062959
5914140
38294017
533398
30506271
36950334
51163264
27594086
2341527
8840278
15356182
57526209
50847268
56504720
56784475
11253805
39740560
57478939
2240467
15667702
54605715
54605709
34706719
2241822
29391159
26112299
50508771
38617311
33510652
48294469
56523545
50412163
45345040
6971733
53708683
55204913
58632640
48306484
43017814
57868390
39168178
41116042
56148659
28462966
56504013
55910824
57978854
56821883
16927210
48799322
39282948
57241949
51549933
34303509
55207151
55213488
49738760
58346527
56005999
48322065
48305383
40845893
48323528
34602579
40357990
45239300
34330709
4513858
52696206
58968
57537760
54892449
37101
240234
52835031
57769321
54399968
54022131
27802606
41339548
50409269
52884674
46341110
57885867
58107549
57751001
43796242
930482
216932
6798615
13325164
6947
42689819
1431179
31306690
693567
57821202
58580570
17214425
54001211
25373711
12123465
53992744
55717528
37413241
31274670
58707656
57250328
13636411
2298653
28312214
2467463
2798554
19983878
165760
38678932
11848572
1413999
41777477
216967
9864321
51461878
8085880
48855713
40760213
31229081
7152227
38680886
4901873
14736
198184
14791
445618
14735
15067044
4143271
14016589
3678005
41213317
15030
40825773
36780225
1059935
209806
20055
7919170
365555
2421159
34424014
2730899
16475726
142349
165881
56464031
5077884
1978126
226636
5076304
56109895
46469839
49222617
179849
14747267
9640530
2637606
19645563
26686403
29388721
27108158
184819
28008373
39965010
45396428
4324903
991257
18139559
623686
15949970
46572604
36910299
54655090
43809043
40525032
13512435
23439886
33243946
14410179
58689553
21992478
38823385
21076368
28730260
30285715
43232663
41121740
28327260
56284478
56284003
50084689
30292887
52424268
41433557
40514015
23495170
30906179
1663537
11180149
1574457
1572794
1917862
973877
216362
367158
1579633
216410
7222298
1781619
1072746
2673813
9971
28815488
6849736
7840300
2667663
2237008
22644230
1690683
11391608
9673008
275896
11051988
480747
11419428
8553898
5063129
26893816
24075281
5923029
8038191
22805340
21131243
35025496
21665334
34880353
30703778
14293114
30865207
52471270
8322349
43195736
55366814
58520127
27633983
54753991
32252134
47204683
6751229
757588
901272
40617207
47648608
41434317
58166121
27075748
54241461
37921101
47878019
6646507
21958052
53155326
1648607
31025193
39915354
38467001
54049848
544258
33526284
24206119
44661845
12114122
31715697
11872169
1728799
32545826
26954932
1330218
11211918
38780056
4617057
23875217
29764286
6652823
10122924
241817
30472972
40941033
29359133
4170748
2192894
5935410
10652407
1733468
813041
15989226
37688819
323792
38036756
9543833
39868995
14665670
43446183
48455844
26412304
9321064
22553105
31742920
2717130
19484382
41170351
56490922
20649407
14408410
21323317
33608087
43446181
31153460
10106114
2995237
8093428
3811707
40641489
27752237
6690048
52344551
40613126
15330149
27708701
52300160
303101
34560555
1020318
1065128
2051553
2052052
527165
1618066
1437476
21950576
10972867
75095
3214651
10127312
8783558
7680741
18077896
50413563
26025844
41811202
56411482
449677
1032031
4138124
33087709
51691171
42525544
5190315
7105786
483039
25204309
12696229
36146362
19926164
51325959
321017
56912601
17849783
20017656
29176704
55283033
7137408
56498399
53647399
11272657
56484559
20260582
11661976
10091189
21417849
22442208
32800266
25277457
37283433
2728692
9851460
7221768
2736877
44390974
7539196
17580856
36369112
34643983
35818658
1359001
39286974
16513319
20081863
7350883
7832834
154331
2725772
145810
1134592
2970896
186234
32349940
261226
46521076
21607395
15963644
258221
21566
9125234
54584469
12771889
11461
647962
30053816
8756
25525
11863585
23005
952926
16426
192746
49519970
177650
41341997
33698655
194093
427994
19220693
6514992
42620077
8334668
2334130
389524
9019363
297817
2400008
45598197
24135647
1276142
628
16488
6383644
5415830
45586787
1041998
18950939
47210172
20130028
3891855
46135
332887
3820051
23664506
31088
42438141
2029298
265004
417031
9638061
18116330
632230
316840
387853
34310849
859663
19639
192793
1193655
699415
287300
54098441
26193
95274
28349473
16623
297810
32365238
31630617
212776
51840381
3421369
311102
881920
53843437
147079
102958
9525687
1157602
450976
17651946
1584178
17422735
76989
816362
1354920
183652
4886780
3450950
26056
1344918
7463343
98051
23688689
2154844
2102279
23688703
10570925
63183
40321354
1393524
23688818
53382603
1728416
40585698
9556687
98654
2101527
28878842
31035571
2343116
84789
45812
3650167
23689319
1645283
39691147
45211279
47449167
9521588
57980333
24771414
18021043
23689462
9522347
23689479
1976330
23689498
954842
37907395
23689742
19452781
9487578
1667649
728069
32732710
26293316
13247141
22107573
1526075
31046718
45204668
391422
10275810
20607968
98052
44780696
23690119
11097671
16045278
12891302
23690198
3661547
2132885
30860719
50788674
7162550
98055
18036927
2492141
9897302
20314244
4310789
4008882
15483776
53292830
20688926
50890274
21984070
25556064
20689455
20840456
12842355
23829401
854797
312689
9817748
22072215
5286984
24644429
113135
10222097
8243661
8758610
4185948
2490422
20140688
2360645
23829761
954797
2889584
1034007
28256994
1910482
23129906
8502856
13427432
911310
876246
321543
2227866
23084683
11744355
27177682
32004102
23514544
22219471
8994343
2334473
11492361
17982285
32086688
3729833
470897
9293179
4497012
26163939
4024246
27272999
1707718
988696
6523741
16289
24759537
16619070
6700514
188736
12298138
12169791
44993509
19609848
4627815
6927875
56968983
30485023
42925961
57214851
21076936
38646433
42688262
50554911
58568429
4311032
20276822
14694800
42184163
55828905
55441551
28687852
25115339
18993527
41471101
1356223
22146510
2905011
50401457
24260507
47443521
19163925
42184092
39131982
2030114
18879424
5855810
53967676
29788945
56397605
33145339
47706151
40210849
34079374
7250340
50403190
2021770
48372853
48373219
28925430
1860017
5354048
13592333
48298090
56402607
49418812
44262023
7501329
5438127
1741060
56164329
15110996
24541682
32743011
48366831
14426207
19908497
40222521
33847889
3450683
37204333
10395626
31628651
33189044
55986708
8374474
40743286
1144363
35458120
22852567
10289951
3991297
12688251
44541334
44806166
48444809
45273647
45433716
45281762
18578839
41460692
13693345
20124373
49092273
47746686
53924881
49634292
46219084
46314687
45158369
10494337
41822656
8263176
2086384
48451077
319657
9424422
46725597
4939651
45543696
10054027
46828815
44114049
47190882
25337146
2996290
44619797
7763496
16063325
22431956
13950435
16158197
13503456
3578468
56518591
22298687
1658929
53026672
55379019
50593277
17086273
46354160
37107961
28095997
28519282
18887796
51803125
5089448
40229697
1145010
1024131
2741338
4909283
10816081
18329570
50489556
2070173
44966903
44556344
26171620
41819073
22247302
1798741
7343761
44591227
15953239
48549913
19080931
44138955
48511199
1990771
45386658
25689054
1988234
45486853
54266497
47807909
7903579
22563861
1873661
2082783
65467
24666301
22790978
52277763
976305
649298
7250868
46800169
53882423
3649845
47748291
601284
58921903
58979053
2790063
47956663
33740154
44843492
28465086
4255239
36910700
54563599
44517406
13092179
20131074
7913127
40118247
36615992
7716518
47346770
44583000
19685973
15949753
5138967
34005099
45318661
700942
40721426
44794112
14618796
771562
13137979
6749235
20340671
53257253
48377242
57585216
10011004
45002483
1040193
43839647
11880202
45357390
780457
710187
23970909
20900378
58462358
9338319
57548250
58079626
40436097
42202721
48573534
26296115
4242410
22036471
4697697
2166557
1162259
5376124
44227447
8838494
9261337
48603806
51025469
25114520
21864151
42623157
18434623
39413584
486365
22145851
26643100
31316105
49233663
49204567
55774300
46425352
182075
28755276
3735500
1270068
48454273
1623938
48507869
22754130
46295934
2789856
678255
56736105
47569234
23295125
29897718
24494126
6164105
49226762
15570754
11740023
44860429
41955369
39307871
40877912
44648518
3682591
3761950
47319062
57544988
48462181
1814725
3855845
15700550
51847031
9894534
45114771
25832974
14711228
3008100
41963132
25967261
48460273
53096632
42974638
38701458
42969158
2451474
1282400
47574883
1238064
40200384
58689745
48442950
435519
55818690
22673923
19064809
19642269
44336432
21236725
44341690
56658191
26300644
48412054
45468572
7790659
25781518
40966728
58299531
7791033
47874134
4444301
3155399
1368665
14856862
7717848
48396782
43195272
45064232
15188419
331211
14171328
22519985
31678398
7785395
3132357
41287558
4097065
53465504
44558006
1423170
22064260
11272394
58508006
2803355
418073
25557440
39374409
13372518
49754811
46221342
2613188
56188914
7812016
32172234
7349608
38365236
45054151
6071706
11091583
23635344
20904268
7460839
1742595
46528390
45661500
983011
18814639
55918423
1092440
53465382
11289862
14906206
44527368
46807188
7187724
48552829
7484754
7344764
46432754
26298695
45190011
7024814
50524551
54894
45284186
48581802
51498564
44993837
5173277
303137
641019
40439449
19871585
48606881
4126306
5282768
21716253
8101988
31439495
370936
24950744
15027792
7723840
9876470
2989461
4714713
4715234
4593326
41244376
217346
236473
24110438
5294215
4398447
575113
34038049
2169993
5973865
48984784
377332
15270337
223203
25957335
2555204
5664483
28276468
7723841
5294302
3204629
928354
2202827
755363
1210885
754540
460360
15409523
599356
4868303
41863204
22115551
21486951
1723963
5294136
41270290
5040698
65521
38282259
3544739
2076484
41750141
33199038
212948
8121408
23914037
4773744
16077
25877035
24047152
8231465
44678940
30853394
59025527
56939237
316723
54603387
54213814
55002181
57141754
5067265
56945455
50610494
990224
43565007
43950188
44191914
52484639
47550062
2393289
51022234
54863661
44673036
8235415
39925767
4265866
36518920
4170455
11195385
58673182
215403
23004
56995713
52745679
46993356
38132270
57474793
48887541
161228
2189256
50231576
3955851
3871309
24208696
16345871
3512414
21384217
24331087
478167
14395146
2701134
3778
29364933
36458974
26325113
27383712
28444939
43862173
39053889
33629609
27990764
12512562
300595
346772
18025626
1250251
26704422
33083586
24310774
416677
40010366
5262858
13073319
1221228
1111563
6744835
43766722
425002
573752
169179
27155649
3960329
34753814
18969691
45234439
12907808
45353841
32008836
39003363
22585894
8128943
36863830
25452964
1050798
54071918
40767316
2842268
1275862
16567321
18123396
54224675
24708120
4087550
976531
14211376
5655064
17405110
1866206
44723
59060858
50061647
3173112
17905412
38570790
97845
16089485
4692150
16567286
233068
337353
20211917
1269346
27079141
650909
4319538
17096980
16909238
17116069
478970
20612397
18934904
2246544
28536765
4256520
12070179
1949450
23718280
2796354
37585
58758813
226691
2115122
7570437
46389417
49686904
57265072
1168956
17181879
58175679
353859
461561
16761739
34445568
4518012
3414859
1353590
2643048
31620608
28730792
1818846
931888
304097
21753513
8216055
4516801
1873555
39442575
673805
930136
668894
28502454
10495396
21379316
30803214
36337116
16410115
3349049
10846359
54798805
12180536
5268289
799518
2075372
8077922
25593956
1567146
10842601
2202918
14115547
21209412
10841935
27741659
41329869
8562270
5647369
367565
5618289
42729028
14442849
8383321
19742696
5051989
6422242
6422526
19763920
1468306
17834948
19763017
42772498
42773967
42761752
42790107
42750753
55273216
42762474
7362907
43049184
55273067
42744585
42752006
24034240
1770304
48305702
40435323
21774012
346550
58484437
221644
26350822
26349126
28913732
2744180
11856696
15095123
28168648
1682628
4581786
34116509
28928577
28936794
42197074
1853662
42207743
4372632
29070950
10020870
32546193
3532776
29333755
1343484
14590946
19625282
3913850
19626021
28494739
9073372
29553711
2510574
14057655
11181540
15094391
43751428
1853705
3810577
29399784
52309958
8555544
1115387
34920277
29433453
29433559
2717592
44211076
198138
28013217
183743
20870712
24766658
57287282
1179056
990702
8139430
29513198
7826387
618837
53165275
13232272
53930141
28012271
1211800
49957036
4653168
699855
1128302
51268111
8581533
14174933
344907
35921681
29576882
3086151
1158197
53700592
6647413
33266702
10020906
21004077
19624647
46199116
29719087
3211656
28778185
5783050
21294025
47192918
4661909
4492883
1128780
2808181
10649136
2801874
773108
28491873
2202086
8925026
36081258
209471
34116527
49495570
58726614
2757483
4091668
15095239
1445288
16924707
2773399
15094456
21642144
29409450
14157348
2756869
4491322
29401013
1842124
29405370
624117
13136039
11102618
14571558
29535510
959319
26270740
52836122
29516200
14960896
4491383
1522780
5132659
29529338
29516512
4269593
9407399
15094619
8431600
16787394
58485518
34956015
34956019
34956026
29720351
34956033
28492441
2754274
1505896
4492991
20198891
28319909
4843514
1670114
18812136
318711
3676809
19625001
1338968
1853549
29629011
25881841
4697053
42231455
1806355
1777376
3898893
28700129
2756286
45476107
46199145
4772930
23322796
10386962
4688578
6802861
29762908
908765
14405379
29721931
4581468
424335
14594334
45476021
10696451
3317359
1012649
57287108
16804102
7248069
58634212
15083483
5671648
346511
20325140
57118360
12004655
714428
1226250
151196
482445
27783337
42275645
274193
303386
220465
262772
28800940
2593857
4501
3726299
304588
60575
166829
17484978
10293733
24946732
21353733
30271284
4486872
40065412
50435370
70802
155056
18978563
3367515
1955194
219367
70426
211889
238033
24810782
629600
17507532
3849909
29790329
44736909
37516188
10725984
34427828
14170
123451
75654
146879
3841210
3802867
54647816
604141
72331
647417
41793866
29538184
58397245
856149
20556798
29083159
29113313
517279
54647419
20761821
25971574
1393034
515534
788093
1908182
222836
24095982
2185341
1364433
740618
185887
10115233
146539
448010
146311
42049851
4085573
21759405
63199
33264696
215891
625404
4996440
29218703
65344
38656856
16831059
16740653
54268925
9697861
31542579
850969
47901201
3035321
19740545
29500777
2749587
183858
42843131
18560708
904825
44502784
18821679
31874573
43112262
384081
47525166
14900
222771
223179
223168
826484
222030
10749551
253123
457473
10749585
21015225
290006
17414128
21102968
290009
21158435
223358
21187891
290324
222544
21259037
26320371
290010
21290528
4839353
290011
222753
21375171
290013
10749647
223426
290014
21473532
21502049
17417736
1009248
30236416
222754
17417541
17417646
21618081
521371
290017
17417572
222564
21759532
290023
17417913
17417992
223403
10749733
21884135
896589
17417847
290024
521377
17418013
521352
896609
290026
30236341
22100601
2462855
290031
222556
3185740
896621
10749771
290037
8313238
222806
396551
17418591
22327572
290038
225944
225966
222758
17418688
22433942
17419627
22486037
290075
17418728
251237
10749802
223439
22601935
10749823
3185618
22711526
19792796
17418775
521387
22785990
4659502
868950
22844426
521388
22857337
13772790
17418820
1589886
23000023
9831749
458679
17418833
4014744
223452
2168232
5323672
10749830
225992
23151054
17043355
457354
868939
294802
10749842
5991322
17418957
222598
17418976
225928
225995
4839355
17417957
10749908
225998
345739
998042
23464639
226012
226014
1888899
23547016
10749948
17429319
3204546
17419287
17419434
453662
17419252
521500
521501
23725040
226016
10750010
23810658
17419455
17419676
10750421
17419472
17419583
896577
521503
23938234
23938381
17419494
23963967
22737034
226017
5991987
521505
222799
318039
17419520
17424433
24139657
15504048
24139846
521331
11613212
294078
222589
17424503
10750474
24266564
222548
17426468
17427550
10058157
24360589
17427762
2167193
17427402
521339
24385104
24385114
24385132
23755364
4640761
10750541
17427863
17428058
23865891
226018
10750743
521343
10750781
17428573
10750847
10750934
17429620
222581
17428787
17428104
226034
24896352
12407260
17428636
10750995
8118657
660209
12741255
32702348
3047701
3977462
30236368
17429946
17429732
20806565
10751064
21551811
17429982
249472
226036
25131617
226037
226038
523648
10751094
521344
6682101
286428
226040
9217291
4668160
3115896
13146629
222579
15337342
226041
25398242
10751150
226042
25398246
25398239
521347
17430037
25398251
17428156
226044
25398252
7233949
17430074
17430094
222666
58502940
508535
21916773
24458377
45152243
13042968
19413008
16830829
24467065
24432462
1721044
593949
24219359
593904
19591762
24218141
24306333
5499616
24217069
1724656
2238288
24306742
24432905
49727349
24306670
24432498
24467180
24306798
31532089
1725136
24217120
24409761
24444105
23901450
53533480
24457883
24457677
3710413
585710
23015203
24467223
732155
416507
48081155
245796
245797
245799
921582
11988990
328602
51102847
1139245
754409
35284514
43789986
408777
863161
57190122
743257
1324862
35284720
57210179
1461
58847965
9481400
805054
805180
805465
805617
1072096
1126794
36886266
36082139
331959
392759
394084
777552
776998
779599
380502
20650676
47479743
17126474
19991654
26128424
449531
5752529
46509336
37521295
5518088
5548975
29649750
36966166
1364633
3652107
1274309
445258
1274285
7743380
19050861
39271235
11467201
4435025
37258226
207232
391260
2235098
37522119
9299479
1300322
37349688
20524832
1874251
7096810
805674
3204489
37521458
13710682
1274313
1769486
46216367
23691501
4171640
5873785
2941214
1247115
4603794
86631
2240081
998172
18493301
46917936
24319071
44853890
392416
804784
32541155
4671299
57870343
572830
572843
654880
272021
11083533
9702322
654872
384959
386978
387979
391327
391618
551435
7259581
5882940
7260441
712662
7702855
9973744
39964781
38270988
11555582
29990881
28623094
9555814
85757
17671986
1260584
26270139
268462
40868618
51611818
1101149
12152530
17478709
4677415
56137180
503617
3935349
197200
195645
331454
638571
253111
1159513
4443293
21560040
4779286
57773765
2290843
49185383
361950
1625167
17084941
20550200
3433767
9587847
31010416
31245274
31225533
31512146
48581188
31226470
31244366
3568020
2012427
31373985
31238373
17727729
31426704
13942
1132278
271121
31768895
8008600
27646744
37898366
291973
346896
9495319
1803101
17174687
3341757
23758054
16167377
3255660
1786760
3255644
38067966
24894365
1142324
14152099
47058285
36380355
23758709
1191066
31117841
30862394
8027371
25455946
23758431
23658326
4478788
1363423
18222953
3255573
21471659
1191027
1336522
38068213
3255371
23317308
17174845
37063353
2435860
23741950
1142304
3255603
9783078
5193463
18944443
7311044
3255539
4857685
309768
3932501
3410567
31183690
6746813
3255612
7663689
44106728
9651556
1176517
43056101
523973
827611
12297887
2196050
2196176
2194699
1107058
227519
10621906
10897004
39000639
43816664
34471894
49887485
13020679
24298014
247904
5963240
12742523
55185240
315860
6056217
1505956
4150239
31842020
50852731
12101011
52814816
31027378
21772976
55190050
50444778
53943560
46931436
35997366
36716
2497185
2427945
2437976
406245
6261576
6261671
5816780
9912359
25336740
9467104
1497652
6956314
873844
58535501
44112995
6258404
1437551
7890833
2940447
873888
11246048
57267186
1269856
50998909
293128
44639789
2118060
57267117
2875199
57266870
4537794
2118100
37351
58430097
27756545
23541193
2384991
29252598
30515987
33892237
10701399
32386820
2431027
58018766
1077155
47960499
49124285
10915759
25137682
47278268
13379588
28994273
1285840
1264824
31761777
42189592
18079182
48304357
58626404
33139
15636326
23713857
25178069
1833232
23726959
2784459
29430342
2503909
33968433
26266522
24449130
54661104
6456832
2410832
6892736
36835516
230885
38332527
43022448
19937852
6264305
27288108
23661142
19106089
36658322
571621
4782884
1104121
28011505
39092307
780470
29603121
5686785
681596
4908033
5193812
286230
2067055
33968044
18559221
267869
2014452
50717091
7010754
20809912
1347601
2408269
27668418
4003020
7614316
46504
158874
43680930
21571745
18727507
30964384
38013240
3548726
2983480
1637259
563679
2476708
289702
14101554
14101612
14101678
26996233
37423155
7403950
2894219
2349099
2865003
5209123
54351634
3847864
452068
83222
532434
583263
12076308
187407
9274203
33930663
849815
48003438
612519
177323
451839
3622208
37537
47995848
49104054
187388
209561
649331
5924712
229634
825722
947674
649307
1193669
35313132
57980271
49720714
55326832
58034735
35285791
49777845
18323478
58006182
48732363
55456976
57968068
57954410
56018994
57961798
58138832
36763756
57966080
48944968
56479436
57994231
9917
17677003
48316762
1009525
5306982
57232345
33255509
57745144
3198504
17063366
186630
57734899
34870536
61536
871405
871453
148439
5497420
1022525
1283277
5793923
27742606
31821177
1205478
55312961
57641386
30698146
57641573
57641706
4517499
23578239
49062577
57642877
57643028
57643302
57645297
57650745
57650781
56174514
57096050
57126594
57651092
57651246
2094725
7663635
57699986
886300
57703499
57707115
57707269
57713603
57713994
57719900
57722295
57722636
7663554
57726544
57728764
4517782
19631083
57734130
57744882
8984536
939966
6300866
33255301
1529106
446976
39388728
23980804
27113103
333472
1090498
56477466
17113304
1529187
27717419
2233078
36284485
4142398
33254985
41341677
18336807
57722501
1190936
39051035
1583584
33255377
1190663
607233
57332518
28032910
28033632
57636300
57641154
49000224
16045065
16079015
10669005
13461595
42880549
57705944
57721944
57227015
50946940
11077605
57745199
5201544
1411865
20024409
29650154
526227
3913039
6390647
186468
54459290
15622903
882736
23462587
299033
750544
3102025
5597508
5335189
36168414
511797
46199897
3929095
54225599
42342536
15524101
841594
5920170
615373
1264904
22616314
948593
13251031
34536934
4048091
15761777
36744627
21887623
20840626
24374745
58457789
1569825
31455042
15324726
28129447
29098174
31549809
25393951
39586044
35337038
53136558
58072370
20311865
51857719
37375857
12917
1669332
14573061
18908
388755
388185
13456065
57931
797570
795886
39890268
402691
2500723
856832
856802
3551199
863173
3797340
861765
5562687
25025408
879815
198572
723993
217873
543428
17325025
40203
306755
51494628
40011280
48208479
6344374
54149496
36556313
39301183
12189392
28901854
5259286
5258927
953327
41358224
5260755
26023042
5259450
4319113
1471966
3306498
36936150
31028325
57014144
30797587
5257635
19838404
5259012
23208557
5258131
14479423
2099106
5258208
177098
23458976
29468127
29389753
30650220
29282822
57325059
14286585
50708946
5219699
47190810
15993881
17675263
2856256
8842207
24271780
28086460
11808249
20950467
205464
1141557
13620098
16359310
34861007
6627385
1547778
35629595
3782133
47337977
2183356
31661219
6556266
1048993
11259622
8944455
7655424
11848950
1769148
560962
6685314
3109206
1442123
51494119
33468860
17582548
52318072
51589397
51521375
653323
22315662
22319076
14193967
50800049
8698858
3120701
14129491
8522903
51513043
40046265
8376201
51542575
7831081
8359283
8517528
17929685
16407448
14279088
52193801
4348176
11097321
60004
51551743
50496591
14307661
14543376
52334399
9249450
14261909
4337970
6911037
2384812
3991802
43133368
3036860
2173797
357353
50660598
2575969
512256
44007927
245966
24469822
6219644
1285524
8953340
45038605
52926775
27255866
2601903
16814127
39039
7229349
22685246
1027276
145169
136764
7243928
1205315
40323
46293573
28285943
7362109
16775728
1834979
6657114
5524046
6239945
337301
2700382
7299171
9795767
4741467
21108304
34517181
2699552
55906840
8843067
2145977
998037
6818518
24787
4596302
3676802
4561204
175271
9347306
7224373
7243671
5309093
2700371
7299000
2697778
2699395
17615
765388
26837931
13896547
1565796
2884875
58077535
52918756
764884
48643715
1630130
18011091
1320131
13904404
5459889
1163473
1740104
411338
3899211
17908103
43984809
2152110
764072
9418063
39776736
36422436
1885139
93571
9444452
56425279
771033
5420058
5427913
31462289
8243614
2205096
34916325
43163207
4317451
8627029
28678181
32403385
9523495
765446
7141379
13995258
7263568
7365819
571226
31122905
764228
19603
2697091
41935018
4567536
12009413
43580325
24038372
15448406
2451331
39079019
4592501
48521254
27701630
7987684
26575694
4136119
5848040
3180746
527984
1674475
31743
19812
41929676
763880
5772401
728197
5692385
5692356
331379
30612838
47772287
1057884
30612842
49955849
846333
748074
748463
767127
653782
768177
768520
768492
768163
4054350
34818316
725945
5772118
728340
750654
728329
747033
383405
213238
213240
213242
213243
726391
491782
729193
729264
735303
213233
213236
735306
22448503
747329
5335049
57853356
213457
4229230
13921852
15343376
113442
7628698
44172835
4470525
478364
590308
1018482
16607288
16597027
16606924
16607022
264355
948587
16595601
16596945
16607172
263324
265311
16639136
16607102
16594009
16594054
16606798
253170
1107059
47939619
16597114
262765
30860737
264438
16596011
255020
254921
16592477
1004956
16583322
30598480
30598594
30598593
621925
649320
16618942
16597072
1599683
254958
7025186
649712
253166
16606849
16596223
6318589
649348
31333376
19112408
39543636
5399476
19112464
1828092
255479
4044625
1978851
390905
31883732
40133941
44172467
46658825
46648870
46642228
44163394
58833146
5619266
8753482
47253892
56351815
48813195
58862125
58759507
3763072
57256823
56935372
58832789
58725707
58833318
47176237
8985161
3946940
58752602
1617461
53974986
58742599
255090
56622450
11786129
33783
7897913
48857575
48784674
22824006
11984401
16913870
420909
5472952
4762777
30105480
658464
13440693
25905068
19892026
32089236
38959347
3012984
30046055
10918014
33132361
5146819
362207
5048374
1676066
259389
14412302
4023246
51887625
104879
6895134
33234061
33295381
14923774
752751
20584918
24780215
4985607
30045329
5204415
6818394
2435955
11814042
604602
22290501
16556356
10759350
32786
16864949
17356921
21500178
4088563
9721414
33190128
41590669
5517979
6640441
33768385
36641570
41391511
50493439
58808396
7701863
10613828
27327761
38310558
47633979
31368179
25134
5976704
30202494
1869246
415677
34011935
2433416
7452845
312953
6008627
30127701
38710607
422006
13344206
1426688
25040
81983
81986
81984
81989
82010
376851
376854
38198
24981
723872
980666
2100352
2888489
82243
82246
82249
73357
723859
73355
236268
2657931
56640763
1648694
32149868
48502346
29511950
10096050
48502966
39364055
3522314
41787889
739327
739331
654028
739334
739330
407982
743565
743574
743576
741153
838519
863060
56065871
28153
13168320
24891124
1966411
2531417
1317000
159191
2453751
5230911
3575605
348257
47289377
47288651
868221
566520
1072751
18598148
9571879
1446835
181622
21657889
20833517
1197382
35233688
19273581
3579261
8912
54360
8586
28937856
9763
9588
11579
7647575
15286717
14071965
51085842
4967481
13178499
49320014
30872878
203883
51456706
140271
274590
48217770
5559281
6122598
2693649
1000060
18591
54084997
21938890
5974618
39718245
4063055
315426
29580620
1741545
56067657
1397054
28798783
38302866
1723528
649539
565356
6824
11746064
6578500
617552
36357056
36101753
28798763
38179259
952930
483214
725090
617534
39919360
1820752
53727277
144386
54390625
5439710
1211349
42716127
10323612
14014329
19880944
52009929
2290139
2290593
2290181
2290205
2290211
2290361
6697249
1179070
2290387
36135035
340934
2285713
2290404
8017181
65791
869459
869796
869812
869878
340927
357847
1305528
2892459
3073159
3073185
43800804
36275564
17130480
29609279
2290448
340917
2285636
2290498
2256142
54431373
41356379
53539
178181
3463650
27814031
13987130
1065238
1065280
16776222
1065451
1065472
1065492
44400805
3935006
3935306
29545246
3949416
3949483
30104339
14535363
51040618
12162942
7048553
2568333
22434789
178182
177976
9605424
12162839
12162827
12162818
47130200
12162850
12162956
39673820
12173000
848763
50358904
39675023
3935450
3935475
12162794
23437949
8688666
43817287
12171632
1802289
12171843
2434154
20833901
23441891
47145126
6129965
38458
28189
3910120
1855958
6239203
1528864
739891
7580037
1074436
597280
8793093
36660308
1263431
6385634
3128218
3656208
8617294
12279653
14118521
679937
17478366
15258654
561369
15257111
21653817
31132699
6503450
5864367
23558519
2159638
17634320
17478310
36741888
5450573
24331628
19874811
680000
6598198
21609004
1161816
423750
2415632
2227921
1532418
12427658
23943695
18952422
6817421
2317943
966220
1353514
2419256
5618550
2835546
5837134
20293599
23307031
23161639
23241098
5576664
520345
3711690
8701228
2225599
1838026
53137377
1517935
26496950
46788584
29838000
548862
2230989
179132
21210701
2313411
15121305
406348
13718304
8326115
26548210
31255544
23981414
3575579
1802096
591312
5837670
28493
33103292
28484
81978
612706
203452
376409
365303
18739
178643
746647
16840869
32752335
32754632
33140311
792246
25388296
11149908
43197174
43197163
43026600
48423609
12499955
165320
35784828
23446323
8868524
36545059
13800565
11281115
13800609
9683659
6077632
16903748
5259037
823954
14357505
5211755
1170051
3861711
5264603
11454027
5592570
1055612
13203462
1409766
32168409
32187715
2338399
1812292
34946913
20025685
40129809
39023314
51072585
51144813
32821
26491446
624976
195100
50123105
394121
195218
195223
393922
33562411
393892
57521623
2952443
876948
876984
877005
365310
393911
32363
192926
193418
194314
194318
194321
22421276
22421015
47795
32781
32782
1782155
27164415
52858556
10070899
2033068
1786902
14728882
1131151
23927905
262355
262356
36818728
37375797
1004014
11544358
1506230
997387
16649763
57663798
3836694
1968690
35326347
39681342
57898182
33768164
1027466
28839390
7329655
6404397
1027460
31774747
28838375
221315
1065874
847731
21247
748827
970600
503116
970672
1065526
1065807
1065575
972076
741575
1065634
30857361
852708
852743
53751793
50555722
3725756
45426846
50741686
11335436
4162196
12961
32433438
40801217
2897035
25838982
39850629
10378
47824051
8313327
40038536
20554257
55562359
33878958
54588384
49816081
52052308
6272743
6075231
42651617
12611284
55573586
908088
4423382
30542797
20901304
22499768
25046983
27708281
13962129
5116939
50042386
33032599
52193988
12756486
52459023
32851383
43924544
45594832
9499281
2343299
50397000
9810425
55197165
50913662
2167105
58720234
51484732
53772545
41282372
4165986
42765912
41972150
14350883
4181767
30496217
14591365
11168538
14562016
4162649
3358311
1082613
3630719
33207362
2750251
40722891
4160792
446755
14294467
1451634
2644321
14133796
2649588
21496371
24915959
10182721
2324384
21032687
42780302
8336941
20168295
8559748
8423780
21188869
839100
14043328
22775590
4450698
2739646
21958222
21685036
1655223
14670171
14681002
3204006
16879087
45153360
1019069
3159557
12389604
4204718
1776497
2368729
452050
40167858
17700269
47770094
43400463
53296445
2334541
2265601
11632
26122757
9654094
39522555
23746968
2312560
10830607
711604
22378695
1340774
27323812
25854803
50732180
11257311
644263
43815417
47717504
24042996
49985241
55056932
42452243
46702056
6580964
48216716
37059161
47078429
636280
18247233
22845470
49107323
33906646
45681846
36332758
40351928
24246230
49353893
33545263
7012433
36958208
43400353
5880160
14685173
10751694
43313619
20756040
47075812
23521471
52703958
23155626
34665749
28428688
44292544
8084600
8482557
15478527
39323970
37504906
5100865
14732786
15680092
15680535
11943899
15681531
14368725
27484109
15680963
35917242
30723757
14242734
15654358
14100985
58950797
15682872
5396268
14311513
14256156
15654471
15654561
34759516
14260881
15654670
58127806
24609039
2282169
40754414
41176739
2664697
51604685
27908263
37069544
15341969
46832704
44182443
43809380
52239626
34782787
40373067
21478597
42277447
55258279
41957579
16976480
33311378
43495852
32001633
2598108
9894873
14723179
14920625
48774285
3636810
33483656
5120759
23466159
2066927
9026333
39120089
39119955
39119014
46258832
20047082
22404992
36808747
1444212
55140468
6946822
2354162
53538325
1616712
50907683
33220780
42327981
42680200
49483110
37412138
17660874
47721491
12326825
4251484
758905
45198537
6904247
13910852
1886371
1352836
22546608
28777163
50847639
49856219
1633844
41641994
34154
62304
13046049
32176851
31585163
24381207
5762568
55249
31939524
30764083
38501698
1780852
38395838
2109654
39717986
2660024
28188775
5053550
35229211
13755028
23618630
38213645
1116822
7089418
33033374
54507572
42971397
22795783
29334418
25391912
34335120
30554996
23190940
33872317
2056296
21143207
26880731
1063960
1424678
7159603
32720892
541491
24776618
40046975
15375136
5481576
50880883
20741711
38222625
3800886
24148652
2678958
2474172
10513595
7651212
5668325
7651408
19722454
7651507
7645817
26335766
4192379
5976313
1116814
2817039
4194183
19053636
1301759
53785146
2634430
3114294
15672113
15121193
1826969
355313
15293699
614716
1116830
724925
44180423
2263256
31691296
1044151
1169026
4301727
7667435
9390434
57096437
23191089
2185288
1368669
31505032
58590386
23884656
31949462
25850972
19326228
45574491
46846877
42181961
55629067
25029133
8908943
4989808
37101827
25524586
4310780
42580130
36884985
33385321
1740608
8563626
9227425
11974724
12260613
683374
47516715
2576553
9182871
5976190
2758614
236385
38000207
42681352
24014873
18662682
17123774
37991431
54733882
54732950
54733639
41473353
27247873
2596736
31997774
43371075
7149429
12261846
13113155
18903354
40829559
39088107
26707177
1455630
23077867
23503369
27731519
1950415
3687071
15189974
15190263
3712844
14600136
14073367
19611768
53926217
26887148
4143115
2631422
51726917
23623750
32837089
58366515
57178148
9163506
23423534
17517331
47670289
4849355
14344543
35175912
53235408
2460089
2457220
4538295
49277519
31553392
25030738
19871205
38601326
58489648
288262
1211171
23856318
31797370
58080987
37686393
13336906
2952423
27904250
34645700
54290686
50095077
57714944
27961204
29048077
40273844
100991
57693942
13855312
5556637
2380982
28662051
53838188
23281446
2518384
1426481
58768976
10255700
31023820
31490372
37326977
59063389
21332004
46542792
2999410
18069542
22758871
13276833
30440240
13159501
33703049
4889731
36100690
50952279
24610351
39622800
28725937
36972869
20977519
56216519
33966019
20081029
14766445
36167150
19638303
48648074
19873235
23968430
15020270
28299265
38994971
4411168
13585676
50432507
14513864
50435498
24107661
49596807
31067764
53812486
23968401
29152434
31151514
29152426
54531363
47890158
37964475
45274146
48231188
8696322
25506685
24592721
23687859
27064350
36115501
54531115
4026592
21367287
56039536
56054555
56053762
57317268
37992931
56096684
52314180
57932740
56129155
20781133
56054950
55941794
24486653
51861450
55963731
42590737
56038989
6699255
52406229
33367334
42590232
15177413
53895737
51876040
51878031
56053348
52409511
52103570
4145541
55938325
53858696
51998587
43237193
56186639
56095565
54971082
55514052
55969632
56337914
56812366
53787685
7590878
53893494
37928730
52342325
55145569
39697147
56043754
33367597
56089693
42589894
51758695
33855368
57299201
53838706
53860076
53669998
55941078
53860891
56183922
52114182
56809272
1580045
52314451
56177685
1468867
52343331
56173449
12055652
38289268
57944211
50774030
16824719
16034432
17337559
2677524
11377768
23216647
50124776
35195691
8049019
16034578
32272579
8478901
9650141
27555250
18344001
8051124
18147220
31914416
17769149
4750018
57896867
1584239
11306905
8031769
521787
385877
11661821
11934162
23772284
20334457
31670145
6979188
47530226
4261861
47262827
42160066
52775553
2877923
34919625
1082978
30238839
1371761
27558288
1640673
49176060
45301566
29357708
1526073
27885476
3648584
1372732
8315028
20361709
2334708
2865794
22516289
48837067
3647951
51872478
1860091
30875637
3200848
2287212
39499886
50145611
20030240
21910632
8149711
6654606
7811604
37126254
5433969
56094888
19508591
11559696
25400526
11361828
12203539
30156071
33911906
19063172
33754199
19923765
11882107
35267176
12252413
49589716
18009713
1024467
746640
11585767
36209342
533874
17598221
6176673
42525378
1108664
12988023
17371892
19298710
6961285
3505436
7924472
58093445
48728769
42232977
44971583
611043
50522600
16919279
48233961
5956200
660250
33527298
58930997
2495768
21444573
37323336
6165852
13193553
37615210
29136815
52323826
19336147
7952833
4832804
25187504
44545527
653126
48578447
4166248
17622078
16266461
20533017
37628504
3602968
1772649
17371671
42765310
13219793
4166058
30612265
1965807
31484216
34978739
563466
17642941
5047113
558395
16939158
5136520
4032789
31477369
28462
2053847
36705726
14470448
23933693
35545803
541100
25686449
576994
4320685
30924019
19358368
2809179
14330362
22847720
20859079
454760
24272023
17016904
17870611
20859117
17293357
52226963
2488549
13380271
54539180
17553728
48573843
54050924
32319844
38602468
4253959
19101067
47883296
21778140
380229
9348251
57239691
28308090
39311150
47577971
12609701
49751030
12492801
42799123
5369820
46879503
16332700
20157412
14202989
3265794
23988102
11704263
43297794
2875725
20155430
20156602
3017492
56956514
18114731
25584679
58004863
19134261
29500962
57765647
24370231
25263782
21554720
32462416
23925170
20157116
20157575
28468303
14990791
29557324
29549283
28508232
43460988
37952042
45205382
15243311
10041199
10605546
4763329
28066072
4241352
31490550
22382061
31287978
31593887
32861936
24467464
29661407
18523004
27139110
49154410
41502085
54011532
48698111
14688238
51982334
51386
1549588
4930232
34492330
1904128
26614149
3087933
8867750
1384087
589040
51001278
5898652
53296
52341749
958286
23701287
3087475
647611
30865837
44156847
18731009
41862072
19679083
43232426
47611603
43232176
43274469
18606047
46595620
46609733
20613113
54173134
34283923
25477771
26834311
6169457
21772551
349287
2203490
47598817
1809534
31890488
20482834
20962582
38086246
7622251
12925585
14631238
37192530
2879510
41699350
58205098
55655936
55558130
5664108
21943354
17402744
12258321
2014760
45061673
43510290
7860030
2878579
45624807
7352472
6520355
14542452
19602815
13927859
14824881
23084087
33842890
41629310
2125904
50242380
37047864
17049030
34653183
28226187
53920302
54959315
18657580
27048215
20371027
14209825
28247021
38196034
51512017
517369
21236931
36976009
4661339
2845986
43840431
24529922
9308451
50994810
5391024
1399393
10649039
34694085
41422843
54697848
2796232
29784676
30456528
11974643
3112241
7839164
3599995
57642956
40008101
858276
45284202
2289394
37115523
12218563
14527
21257488
50726813
3054423
265085
29254862
1375506
9359843
27783873
19505365
44298681
11115652
45164505
10543241
259022
29057997
18328581
36793767
53903009
31834919
5271833
4950751
53920633
41951673
49480630
53911039
33020862
4909696
24825105
9629218
47119024
24162778
2567355
47775000
416830
42196987
41910525
41067364
1970501
3439744
49492946
2925061
7044573
40887134
47523221
42964626
3561236
32521101
11188300
44109275
58458136
23811793
15583715
5919086
9033439
48652981
21161872
18360608
18019534
43042367
16031716
12163656
4120631
26515891
2073312
4544290
25573060
9009428
16936266
33345600
34337773
53401576
2803510
53297
1924211
31464718
33623680
25023123
31254132
39468060
52041413
45389396
20973616
10136041
22886885
15668398
49277006
47899779
6612429
47453475
17674550
3666198
32481645
647619
6116695
3110395
6745960
13306447
12528241
52137
42257595
9019001
46673093
33275036
34804552
40478796
23690221
37367048
13738017
39953847
49157274
21284666
25371217
33162271
42973632
43015494
8714823
41791120
42984699
24630351
33803593
29446830
57525289
22774324
5535962
12458808
11929989
43245546
29246617
25432546
34543043
36324574
26609184
49323158
33031917
28635598
29606730
50736028
1290851
9615635
4608742
1091669
9018644
27077035
19553124
26238220
19590514
42845378
43033146
25815458
51032671
42989268
51158778
6246242
39333054
5192554
16468534
11969823
3109958
34195662
336112
37293416
32798000
29947484
34564856
15481512
1336565
18260971
36585679
30969028
18589473
6127976
36078889
13127149
19749087
34455214
49533941
12716706
493872
36910698
25033120
1062391
55564545
32061770
32061750
37366405
25839680
13968816
11335036
43842576
13650247
2696935
56829042
41747232
52280606
6277593
29909187
3392451
32091211
5182005
9499890
33520696
11239269
21940128
24660865
17782130
25469310
23949345
31714670
27866979
30865370
55146089
44636436
39102450
34529975
17195812
710975
29152229
46465242
31933470
54147130
5665853
12689262
43080675
30708307
50301173
32154137
52923006
43710862
15429532
17563859
35790823
37504529
33288340
42152592
7535321
7495771
42695259
26016253
7786306
50091049
44865828
1370845
34565495
50951934
55181072
28260560
49470816
39747224
14411641
32404381
49040836
11250469
18311730
29565562
4623243
2593416
12459619
56251054
1299267
1674057
2593267
43496654
20361954
3718940
17714713
25362213
11960731
26921161
41311931
54909807
49276889
55900888
42033001
25443123
51195815
29214529
44143143
38506943
12343059
12274595
222755
33286678
51493338
51732721
33387949
2985683
3973089
12755871
18039954
31505077
1036581
24735250
33775636
857353
5650682
32018239
26205968
32304660
31037351
521509
20848852
351524
36234794
33314056
46213694
12502767
29953411
229168
20852662
21045342
33904037
26666568
2592714
38834433
7106265
22944230
25777612
57404952
43190597
47131080
30957475
15019640
5168261
4508303
3221433
33303389
161784
161402
20936410
10990552
428545
36061702
31664664
22137484
33872320
52050147
772870
11001169
48392771
44654065
11241428
20436650
7091771
41768680
22978221
5381007
26158687
14290987
35742582
33148455
12695579
20431324
7615647
43035773
43675194
29806100
24686025
33149567
24970886
3263863
37549420
21967348
34249626
7034473
51152035
8659126
38955919
21041042
44634979
5802270
45654427
4184819
24492495
52130116
3077984
5312657
27150585
23981191
33811595
15617828
49912780
10746150
16847241
14508250
13246733
1781326
4744135
19355977
2304695
34678508
12144929
31043566
49328304
5944240
16428299
34880544
1155466
41766847
11927786
53772811
3531500
43529270
20229193
3620695
3173246
14389407
16849377
41389289
1448147
15696195
40777299
1978962
13253133
9004300
56077606
17405817
28464
1888982
14716732
432607
3523903
20274660
12343369
4821140
37823937
8642108
31227351
25335999
38343035
45301831
6154201
48152872
13252567
20768356
4007751
11025638
9206224
25659737
8902517
15671653
8904829
47870296
9076322
34890736
17177821
58108523
41637839
46362430
7951526
24099545
30024182
16925581
4264079
4263930
42821867
5654441
3092726
6387447
45328566
29420326
44045490
52221599
8938616
58234137
20084283
1631822
24627130
35630414
25362963
47588037
3080883
5269125
30858914
1949935
39831650
39327519
20888880
17953561
14371981
23146957
39338202
7344614
10068769
14738173
21169951
2225423
546160
3002252
39278945
699734
5875235
22116199
32656130
506063
40487869
1746481
29699305
40639643
14789155
55902950
32623616
25112512
10343711
20254243
41991301
28746504
44017960
29293528
40636711
8208723
2458009
21480766
1351034
10391895
11412722
45302595
14030909
4243165
17683842
29168621
47245559
5897116
502320
21529241
35043626
31293873
11864805
50968182
19452057
404540
56485626
23466124
21718271
1746926
25495415
1448370
4179425
40507261
26016331
16426798
28882096
17210785
17944535
8065463
3740340
6137620
52728470
50743424
15410140
1178368
24723466
4316831
36688301
51336895
21739632
21877580
38343828
43325205
26638632
28851067
52842274
52873305
1964509
507777
34013404
13089633
5653752
14688422
20445347
43373671
4387845
524292
1152076
4395827
20708066
24141773
14226861
19215515
16191090
41908800
20012409
1576240
40947883
35126083
10484426
20961347
20083499
20083462
19934515
22991819
2994084
2383878
20037754
20083498
22688451
20037688
20479730
25802828
19543809
42842335
21921818
20479963
32233277
1017812
17248833
35452786
1645377
51778222
1129765
54489848
6647125
43569526
35517057
20939761
51662336
5676618
3232208
44367315
25760796
5020943
14192720
3659337
42285136
5027448
7792255
29214577
41763890
18005341
32168542
24639851
4772722
40368919
4022877
11216978
3351744
42552366
30504756
2148877
4792747
20361676
35937106
3156517
30668611
2530143
2108007
8953057
12285438
22019502
16524222
47498859
35768222
50415359
17745912
18091350
6026255
24734550
18523806
50776006
10643646
11089964
28674372
18642703
12313670
38809166
55820010
54423769
37525655
34681504
28832151
42333384
15672247
21163834
17668001
32682043
39185258
27916446
44945533
3491039
28856940
3191246
12056628
7731442
8039074
13013298
18060166
7731242
29055956
3126769
23560312
47717506
24214634
38789129
20156829
51408178
34584783
42830944
50771727
53459481
54623737
57937871
54629159
54619545
54624524
58577231
40922459
16349511
6110462
8853649
4463417
56059117
54626316
50497539
6065953
698187
49768693
408739
18283216
56685554
21442322
24073816
15729796
12296159
44490933
15968309
9000990
829515
8022419
49493996
54633265
12277966
49354710
43971988
28196464
11130776
54682450
54632390
42809646
23736766
39070970
18631087
871107
34345534
53463097
29870342
44330126
35959683
2164583
984494
3034318
47248509
2026779
6888117
18713916
520720
42042824
26458466
54296155
36323012
31033296
40426060
31125248
28150695
11797041
55540777
38904907
50415279
1845432
35215277
20812831
20540283
24298638
38036815
22653506
962739
50186948
18265117
962714
1857431
30288287
1627082
525062
21341363
31890765
1575286
951653
6495785
9390363
984856
23443825
23192016
23191832
5824364
31825004
1904148
44317435
6865318
6655049
33927717
22561391
41379268
4078848
32196725
4565624
9051520
2205324
10415374
14862973
6718278
31329392
17146733
45599898
31189178
15287343
24715091
24739572
19245438
41572514
42389430
5014863
22492924
16984
28766446
27837855
2175813
13951708
30481373
25209466
13951705
42875044
19242092
35493284
57642278
47567153
52771134
24150629
31685704
4525054
28982857
1215337
9590055
54624137
18985970
5977216
14556061
54631313
4708753
6363623
15058321
10496650
56544687
53638889
51149390
10815113
9100669
50565099
47115188
2116834
52507062
944018
15062488
20573730
984473
27528308
1167477
2810116
1584230
701200
1041739
696353
21865833
58499764
18187203
54631600
50250282
8223772
8015104
18688753
29949856
38905145
4206701
10685359
3536834
29824893
7062798
7178011
45121685
54632122
6842051
10366081
16031996
24070105
1847288
31531822
16994096
34881558
51718889
14420816
24528811
20480442
25479804
414364
49361392
26469612
37219461
28811270
39062333
7770282
317558
20816836
20028515
26992228
51218889
14212635
30457275
46856944
23164868
46303955
54963902
4703809
39223687
1819242
52954119
24676479
43813777
5355810
27406242
47236844
11002651
22861949
23130183
42368276
44037270
56448184
10096452
23184451
47495975
32552139
40502254
11781811
32040383
24187427
10094422
19622050
14231345
1127085
21207767
53904097
3658246
21377090
29964419
11262128
2672495
608737
47445506
21671198
18537936
12507548
24746200
58574299
27563612
40925363
51616117
42007033
4103607
37271264
12674719
29430852
31218644
10031718
14922816
58052458
14744053
2933613
33084376
28804270
7539338
56320916
1053016
19470176
26184398
39091682
25544927
21607396
27965622
917460
43028645
11220178
58452994
39692563
57123411
10190118
12376217
13291472
51873719
38418669
46424443
53762596
29620678
15039085
5690429
16199538
42313911
48637943
8380746
15208376
2977199
30854359
52338114
15038996
42915564
42865077
43729010
51902442
49185083
40165485
37236301
7752394
50741092
27944385
1416359
562113
2242864
2221365
5459797
7189622
7269589
1749378
46819887
554371
5135764
1396301
9198086
56283920
36057380
36026013
9330907
53835460
6849743
12709075
24772530
36018530
31565976
39403363
39419051
39417383
27546303
6419748
3013083
44496085
24497844
14523562
25436763
35106455
52233271
30734845
45352003
50113747
33775431
9168065
26069007
35838835
25222401
2281470
34197380
1281069
22161364
52064970
30842673
50572044
56766481
5790302
25554993
10951723
46815055
1280789
36806498
830651
30282022
41958365
47643062
11464575
31950461
34509145
22536696
26954199
24843639
48085847
21397397
27817581
32390666
49512744
40381230
39052399
1516575
31037037
16959725
29393030
8298904
36254757
13970758
13707402
7647939
43497778
6145204
39665995
50881404
42761588
1184900
44804916
33756359
30495758
20727502
35805252
42903555
10895090
24459550
29434769
4861023
8572024
9199394
33746744
6773512
2747426
47477
26327982
7579471
35371343
41239918
23625216
40975446
26684187
532208
32626342
32185469
3712
19329947
26789041
701315
38256785
1493799
1863839
43346410
45462166
25363961
20375390
9710417
41960662
6485533
15777401
479317
5350732
19815986
3165658
24796911
25161943
49673341
39552728
45151468
16997303
30863298
19132579
22270217
15023928
31746484
27672026
36188621
50917021
24506669
3587170
23000045
44735339
6976943
24005281
42043962
28157901
7040448
24053541
53401318
43432523
2981495
12529962
1900581
7655
5692004
441300
34761738
24068565
13561040
5612009
2108032
2107907
2108104
2108156
2108191
2108241
11063189
42509266
2108610
2559332
2732346
4243442
947310
29647899
3301316
29400716
29388543
5583081
10426386
2103226
9254701
733038
6371524
11634423
31631357
3163381
13491870
53465215
7745106
21313292
14967110
6527795
8249031
12070379
11484980
2348251
7196487
1666404
57040601
32705237
18436197
10194017
4321378
6048432
19439226
7851087
369671
10014156
11575848
57217524
54238399
45260667
4621341
6202324
17216470
4510372
12990736
352809
50035982
19556602
34410311
33659712
2832774
692133
13376433
31112547
4206616
30931040
7161526
9864780
10324088
46181426
12023558
56044925
23268183
10053482
20015958
10264747
13097877
5224163
39765668
11949661
11544916
5820298
13633936
1363920
2804240
6873192
48893276
1959573
31745845
1972518
4151339
17173057
3943886
2109192
2109283
8935386
2109295
31726460
58390942
4212105
1041473
21739376
34122231
2227943
11888123
48591777
30017104
30508801
5820292
2319140
5158847
12846514
39696460
19540451
4393099
30862721
33153324
401367
267376
10168483
2520054
16523050
29176399
12717553
23682424
11732979
16757475
17860625
18663315
8423005
1277228
1123028
897777
4014614
32088983
27659167
14088854
49439764
14988566
24438031
2285280
7807858
5274235
318484
1711590
451571
37210492
325996
5787434
3172753
56617071
29071511
36608144
42549895
10905526
5264270
511796
283853
46492478
28248352
572396
17498945
17643753
14836958
9230291
8878177
48795986
13412741
11545402
2518177
49650276
51496198
11007310
33562655
54457821
6326343
25324761
3979786
23972215
4112410
