162456
58809
2661
911842
47740110
48622224
1510939
1060279
19361526
7210930
1115806
2667092
3182668
26266653
42121081
169409
80381
166213
4744384
14337
10836019
170586
10144073
3466353
190041
154147
792644
17547
189043
50024
163131
25876897
55223808
2674316
37234316
23080327
219599
24575786
9518556
2292485
1845896
230027
40659495
234796
4875080
948956
251714
14437712
558722
56893797
4392610
34104355
206583
2421010
168328
48656448
43047687
20903181
38696146
35415442
26344410
3694874
25326113
12295847
22901859
7795332
467066
7757808
15602282
53802984
73242
17891889
1878656
33508629
6237
1876176
14712915
3240218
610670
4015445
33993397
25724516
35287550
20711479
1080712
3588933
56609319
4406235
1285650
37920173
5680331
41011706
13864705
646200
3287314
30876673
26257372
2830004
4123531
54242
228956
54508175
50010076
8068094
240151
30178155
228540
21517407
13588294
15847948
1781075
16799301
862496
1412482
41939123
23814275
2552509
41508250
9207453
14892293
13924520
818329
12239996
13635966
8226620
693567
28849291
35786690
4357658
10943394
1857117
38137115
20270864
106501
333088
10789878
14862505
38979747
27837922
2211075
15188422
6126073
959928
23892201
5594704
50124181
10285381
18515032
52960731
30781760
9812146
20832383
2790287
153159
14137325
12699391
28849081
113221
40733000
11386857
985959
157780
32583559
27119432
20062
27583028
13982958
1823340
19166059
23956541
18949237
1131652
158464
5542455
3609555
22730654
228062
23587135
1666896
5113681
10240501
26154544
10008223
3421321
20534734
156766
7532615
3460422
47978099
50411261
34971715
8000738
2567188
249903
12026951
236387
11752492
4405405
29156471
4585349
146075
160962
42438407
1469817
3053533
34402185
40695525
153499
15403778
8599174
55835685
11062213
35610473
14508753
55458532
6934129
2072393
9594342
36493171
314993
58504114
36487460
20723531
41514429
2231925
1025410
2106334
27322107
29044196
4060384
42318857
34151341
900660
16888425
2798091
245481
2266706
23445375
13909464
5234361
7129127
2326978
8433460
6423239
1956968
23464409
404571
661641
33481841
318784
14542540
2849450
1121332
53952031
1114703
22889096
5234518
30691539
786944
9262
9988
511640
12753408
31604229
4071454
57708596
211997
2042178
7566837
339806
2605599
35970102
13845737
1564246
712514
6231
35694818
9955923
1017350
1494233
20913753
217777
9367761
8957966
2625993
1151595
2529054
21555729
4599624
1803617
15977991
2247943
24506048
2199811
2164767
39184350
43121106
18839
39455287
718763
25984459
56337347
6607106
2955100
490309
5669042
6451027
4214394
166518
156593
43488
13252351
13688961
181885
3447151
1137997
31613084
2518059
16998086
25445767
1981875
162707
272955
57168807
542704
363786
911372
9883694
3720589
7984
212818
56686863
2053494
258979
509632
37483782
246544
43569192
5976304
10203857
36684332
9218826
630795
154076
189616
11563109
437772
1376899
46433
23234495
2325729
1433722
23443467
7257476
27555228
44379717
28753616
2828828
20192650
18679103
6597670
185918
4348501
29605965
332733
6848104
51801172
3092778
31564169
32053787
47789
34558159
343177
12325586
23664942
51586709
31086918
150497
25779828
37362851
40248244
54125110
13287
31257416
2829763
35484701
579830
63557
2937920
145372
15399684
322091
369453
146560
26444702
13612929
380490
8246
3818247
2495244
945299
14389003
12533
17956789
43104833
5138823
163526
54207970
34711417
311886
8136685
1024008
41701207
57074346
12952982
17654
142763
18497003
52903626
165015
905274
5375614
26895671
1252897
37758978
13542819
37397201
3060222
175973
55460327
4062622
187584
1466438
1526274
4428815
5245417
2636493
873760
40389594
1393365
36511902
32100
18153740
4577333
1165848
23265824
249429
33445405
1142476
4711370
1111491
49402
2344016
2365188
34967599
83942
2817032
79425
1770095
2920176
48597
3022392
3116131
29657021
4162136
5252915
143176
7477578
50649
5152971
1181974
37061023
1392564
326546
13590
247643
1390765
1031396
2053455
536993
13603
52360724
1793107
4429350
18978563
39007
23095761
174158
920487
16851108
1870880
234393
14174684
13510524
8808746
22970660
9437868
1043494
324559
934323
31552371
16973885
254204
1638697
283329
176292
394328
14613600
35123560
17022392
30201993
25265755
55083483
42181592
5768514
3616612
2429051
25001010
1486716
1839854
3389268
3100470
4398814
15096209
35774706
19109098
1545584
3830367
18932705
9938600
19685901
283269
51175231
290112
22964708
2830456
46274583
4952814
648383
176271
30859335
17841938
479337
22085107
12251030
1977760
1166011
43992753
1740394
5719656
21898556
4973673
35590843
28818461
29345392
12273064
4837531
9883303
17059757
12754645
1327902
35145313
48889420
6043592
646788
5057765
161744
21209791
5997020
2214225
5343419
6131623
336
23001801
41717027
55034900
5761650
5761568
5761692
884589
17421236
1986432
14585748
8733398
19347033
45477835
42411202
20934639
19981527
11444067
40859735
243659
36980738
50937578
34967585
2046760
26282065
31607500
228665
9955624
1143143
57834314
5260658
17268791
26921023
670359
3191808
412676
35933568
35330140
27062681
37022
411659
21099870
4977310
1119672
22305311
1299607
804964
16784920
7972928
1710634
13075744
3027218
41066719
2678638
11184991
16643486
385241
37746017
12835695
23814548
20087534
302319
2426628
31592149
46460495
8770941
52167327
15514744
33884873
7754858
31560336
1591846
26977104
41443085
1912360
5936786
40857101
8634709
37876147
8094825
8837864
31776562
3092841
1641483
10504258
8301203
797698
58387731
171488
49313485
2280897
48968
956730
1928747
20288830
30459584
20860611
14084
18756845
4906780
1411415
5488304
1036008
3829592
3563367
1105355
25102044
357125
5143567
8534246
21844112
54746
634932
33931444
57430974
36037791
50375
1052154
5615546
19647869
33234902
39690802
45689762
11381427
7273911
1056700
13412910
14764119
50399
41953539
37653394
1840378
23301912
233050
11193608
22529331
801682
384893
1009651
965390
13746790
35262022
26241241
25508252
13880341
17255878
49682154
2116022
9875832
31384378
10969921
50875640
50923302
30046841
16963753
20222724
40643899
14062957
8097692
1749997
4310291
8275235
7670972
33133848
23477694
37406475
48923961
32789261
822164
20601507
3101343
24591
1656497
32324913
33390815
28678606
2621705
243390
14758602
21509462
311214
3072928
1213355
2466490
25090526
39793846
57430521
5712947
53468850
6169231
6169271
364338
522822
25531
317034
2487723
7802744
39583493
14504931
6603869
27546
22146466
29252
38951939
32096033
208305
22409572
25268804
232643
35973111
1169017
19089110
33623974
8614958
4039440
5197799
5028523
9769425
33126028
3006497
1967785
38749548
7299728
2672144
926994
398255
90910
53515492
231353
806023
5115061
11367572
850663
20615565
26830137
28830402
37928741
26979533
48057222
33407069
5164858
19996292
33335503
48450078
6233953
16039536
251281
6240027
2382908
6142015
17503
52530112
2777558
56587464
35737159
9171174
7419828
42659816
33606303
247616
9372096
40510551
26684539
27884892
562270
21394297
40825774
3629053
96009
733886
26694387
17476149
35099461
47826069
13098263
33295056
23853148
24482368
3735409
2550255
89008
53686204
1437812
54977651
985939
14496480
39250041
36656264
42289961
26537491
55912299
55051316
56034911
2438941
41994788
57733147
39593409
2604638
40080096
8512558
36527
28540612
23448740
207009
29055038
999521
27148727
46939774
247274
51512556
6839210
710419
7362957
36081816
14740426
193132
29090677
1785729
43638222
1634245
1927308
226109
962509
2088945
45602053
40288582
6499187
3720891
10561486
26213536
4318932
21378368
12198880
32783112
245992
48589972
45706781
24738938
31270532
4297913
11312592
1573379
50245797
3592645
9255882
5160010
718116
23105459
127589
1525643
2741013
250548
1141178
13674692
713059
19328052
34952352
40350924
9161477
26098867
3157572
23714702
16961349
45087773
29215898
6886172
30668489
17183218
20543811
10178819
25014312
23771843
21135972
19596586
3505150
1698170
17091424
34323303
34346358
38703043
238996
56538683
2488021
1920169
1060643
19441490
8496628
40509310
1461015
2925885
1895008
2224291
18748916
44079413
29039822
14200559
31190978
23209509
4301759
286012
57989
481335
4318837
51413253
285141
1047205
42583287
889841
668335
39382736
3633905
226230
6917154
21115465
182462
1838699
44553917
34782405
42699519
1174268
4237652
2090541
35828467
14081905
8375279
21525046
2437836
10423510
12094051
8488050
16245947
7279347
23633930
9256803
14187933
14937093
19491685
30385971
39425142
25614536
25021824
10045895
42908740
9082469
23560639
11078534
49051581
15028384
25079
53492300
23887081
30873441
5160376
213070
55835548
634140
58174083
49123213
1096840
55862581
51511707
30873505
40913626
7084939
26352303
42558938
23465119
2015214
42576120
258700
22460905
1321047
22361940
20991027
3469437
58047686
1033182
21517214
18696754
18610870
46838350
35525435
45631626
37196157
32155138
34607289
24685621
1583130
2729179
1702955
35588111
15500143
25216449
18722789
25009
58506487
10544228
53139687
326572
33696818
303890
2785223
6709424
1639135
29854384
442603
180472
52883778
21286946
41680785
50417566
41681290
41684966
55521836
32632788
31265421
30854993
12110212
24242621
3948207
18613279
46597469
52980074
11241718
12229900
3691948
50948826
46363680
11358882
40576276
36206349
55604987
50934497
511459
237536
1990178
41776814
11056386
55639999
36916753
41698769
42828242
5222720
50114266
1849137
19142892
2152233
52618454
39771519
39771306
2841658
47626304
35574165
14389259
53368524
20538184
13442065
3569067
48563218
2539819
169320
34017095
21036142
921274
5151535
50084266
3758730
49680984
87231
53135263
47511501
41677521
42854294
477269
7480157
17998869
92171
4024849
17666338
20336620
236137
48270077
40159185
4586751
40617207
18621022
9545865
11296
54537018
93827
18421797
399978
15034861
26793028
30322189
21525
8438558
49408003
13039200
2040912
14894552
42043844
1268981
18950641
215864
1483944
10927059
58232927
39995353
43529715
1717420
52010701
1137166
31017328
25327122
53770851
51804625
146700
215861
37968451
23619868
51850803
56420329
16563466
12337040
51851542
3015921
14804163
405414
2036899
19395600
970471
26441929
19501
2217545
11901400
52017691
2990715
5360793
18273077
51803825
51802942
157302
41940007
7725096
34799990
39424913
39474331
3418403
42717045
146342
17857610
8472808
3749079
3736836
3736929
3736878
37759956
2829677
51806625
1981417
1155141
15179951
34521588
45108666
25225226
11159595
22138684
7794998
3114847
951407
53729207
5612336
4489
13947297
1764695
1321828
18721790
2198995
50262104
400051
2043980
39230876
41438927
54662741
52721820
31554165
344269
35411581
9301
52357
9521942
8276401
49182508
49451268
2829558
37880271
23328162
2651610
10174019
7723496
21591347
314428
20014929
3845894
55769090
285249
31094752
220255
11984730
57543775
57379245
19248675
5577094
15530283
38662702
36283978
44926804
52361537
27774331
591031
29054097
3779011
150389
17902329
14393232
22546
1053447
224495
411888
22253822
60094
15157915
164953
8390103
35158738
189087
23890494
46518076
762804
7694809
6898298
1836322
231033
235224
689491
7023870
50226436
236648
632922
1350961
26862
45261375
38304
25328407
3346716
33095314
23796563
411851
1558322
4693569
276949
12836374
26339274
200977
15404618
18490868
26789
18885237
403653
21619765
11413276
244207
477804
647279
6126579
24169694
42438881
7941353
46838285
66304
29564070
41310078
54975167
149223
327443
232428
8702
4279706
49083018
622537
49970297
19471895
1215598
24373
51837768
477125
36173953
18544049
1344849
9027784
31092
409457
11901467
50863385
41089
8141786
68833
34538263
1932495
41948238
47796
23304
149973
37919026
2468312
53645258
28359586
4941851
1330819
49931215
49976857
2045242
6069126
26282334
2399787
1673722
46427235
5944784
250302
3329031
58875370
22858322
1909898
2536771
34327179
50762887
56557753
21241606
56355789
56358168
657897
29777620
20870694
40441499
51758138
274364
1519742
4390289
26562203
1780756
29872873
2296313
23268886
7156760
53111156
23290419
10263958
10265577
6269314
10326367
10326605
10326897
10327922
10328897
10361927
10361200
10379841
10397286
10397668
10409601
10409881
10431742
10432836
10449449
10449532
10449782
10467420
10467679
10468459
10485228
10486020
10486399
10487868
10488730
10503676
10506297
6119574
6133628
6148972
6164077
6289220
6290515
6324467
6324685
6338147
6359896
6381275
6404879
6424347
6425226
6445495
6460915
6466141
6490150
6499796
6582228
6584581
6585213
6593222
6603572
6611292
6614394
6615545
6616483
6620863
6640334
6656470
7962333
7974600
7977206
8005771
8009149
8011803
8027030
8032565
8040831
8043059
8059884
8079394
8080643
8092718
8114449
8141032
8142438
8157303
8173191
8193985
6269368
8225299
8252056
8290126
8309948
6269348
8337459
8379725
8424585
8436057
8437352
7414818
9180014
9192421
9211727
9233829
9268528
9273370
9310545
9311705
9338215
9349779
9372449
9372844
9378161
9378416
9395274
9443815
9444412
9484589
9488648
9505541
9534360
9570059
9570180
9570840
9585612
9611382
9612374
8462179
8465424
8488376
8519134
8561413
8564847
8567479
8587733
8588719
8592587
8596739
8637765
8666102
8705054
8723146
8732713
8737341
8738671
8744521
8758375
8776782
8798178
8805432
8841631
8845309
8860894
8892382
8959560
9044003
9046222
9057436
3831233
5711843
5711908
5723931
5738211
5753668
5766980
5780948
5790585
5804863
5819026
5832671
5848081
5861422
5876192
5887167
5900114
5915368
5929286
5943734
5957320
5970771
5982251
5986419
6008702
6022536
6042705
6042424
6070395
6077553
6090058
6104918
11111468
11111678
11112052
11112331
11112527
11143068
11143741
11148592
11162756
11163478
11198935
11199277
11203753
11204522
5673405
7019899
11231676
10849628
11232105
10537461
5680648
5675121
5678521
5692844
5698083
5705662
5705801
5705911
5705931
9652556
9677542
9724167
9724474
9725680
9736367
9760236
9782293
9802818
9803054
9809848
9844832
9860567
9864448
9881258
9925073
9928805
9955109
9982638
9983186
9989206
10042269
10061043
10061897
10110349
10147010
10190876
10191187
10191505
10224106
10226056
10536351
10586865
10606707
10607698
10674240
10684756
10685233
10685872
10739584
10740356
10763914
10786508
10837769
10881073
10881632
10882806
10894202
10901309
10902291
10968277
10992327
10992974
11011802
11029434
11077767
11078033
11084560
11087022
11087752
11090098
11110951
31717267
10223635
7560188
7608583
7640342
7657721
7674422
6269321
7679532
7705504
7751739
7752894
7785422
7811246
7815293
7831524
7833540
7844078
7849117
7864002
7865505
7882118
7890000
7896628
7907646
7911887
7926482
7929274
7944452
7945045
7955665
7956894
7071087
7098954
7101690
7117063
7130431
7141080
7183063
7187099
7199886
7201917
7215672
7216885
7227461
7233738
7249228
7263859
7279990
7295667
7311719
7312580
7328142
7360735
7375774
7432299
7434147
7448145
7479819
7491643
7494386
7495096
7523458
6666504
6667520
6690140
6694954
6709068
6790348
6790531
6792687
6818337
6833247
6847191
6892765
6892402
6899139
6906434
6922236
6937782
6939006
6946453
6950121
6968781
6983726
6997453
7007120
7022377
7024855
7042394
7047251
6269386
7055004
49447276
46599442
494310
6226599
24104048
682330
1390280
30819660
73137
27424078
197241
229112
45687070
7617470
5653871
26265041
2831530
39865431
36903454
18815659
22719474
8976943
904502
10978811
9215260
3183795
8710633
38780956
24632473
25500805
54139154
1432410
52540185
8679316
1855239
10794231
594857
6992211
984789
1699840
32383745
31599830
30322163
3055879
24924567
11885169
27465176
24189956
5345332
44318934
29303703
4747614
10617466
13993280
6575773
27604284
2841721
11578674
648685
13148350
52508819
11388002
2267876
30594829
12516496
1121222
7427293
251487
25569540
234798
13256757
51093705
29054399
3331089
36128779
47962975
1670091
8195468
5098387
44303487
37918086
13139134
36156441
50019371
33453847
44629958
6393112
144147
8868358
10951171
2632136
34805463
2278666
52888220
22801842
23990317
2837235
6706723
36130807
6527160
2312819
9413191
788091
2657156
23127968
5097411
6935884
14290682
30324643
40924371
43437293
42327606
44693413
4737824
3064671
1894059
2854417
625914
1686266
16399962
13810078
13861843
24953689
2349801
26772312
26300734
1630583
10763613
215350
30216638
35538058
11154884
188436
8692010
11541470
1800818
5593007
5295615
427718
628
9594347
29351510
50495942
25589416
386232
8573854
10817801
11355577
106368
10666173
1546058
52971518
113183
22027794
11139749
153486
113335
36926
7202879
46833492
7486354
46319976
3991823
33287428
12038276
341987
7216437
12758998
2938666
857766
12351629
3740294
22852793
13424675
39402339
43392691
5096175
52605926
4196298
1195271
900337
3663768
54388629
6111837
40584946
26325113
2804087
27624067
39696452
14270341
4198742
522934
38151875
8366494
679864
24519532
1476274
9132917
7087243
3842655
462448
4459797
8922991
5210194
4868451
11691801
1728254
2942704
4267820
2335667
368361
3479028
10211
25783646
19643737
626139
4388676
1801260
263906
786961
10055589
10240721
26682943
24472446
24007476
6019343
3274612
50506504
2276218
11691676
743068
8444757
21379657
32241844
2662518
2278944
18270950
58842560
3641079
34369182
422023
16375131
8420739
69268
2919683
53973730
18057569
19613312
13466284
25126927
26224991
1662156
25181063
33648059
4607950
53615175
19778097
17520953
32595633
20933252
6440162
22270645
44171579
2077085
405981
18490928
26825143
56632008
47899996
43613
44377517
630803
42229505
3151307
3178024
1436843
423953
31047055
160688
12868778
1006501
20912106
3106860
50899461
41671690
610631
2301687
10052888
23195101
613753
473707
28325331
65228
4213088
21323120
28805200
206509
2107718
51608211
39778463
464990
10043800
41631414
5675444
766597
2164856
19220905
56140253
1011242
37965404
52752713
179948
46298840
16150918
6692852
2973525
44798929
2430449
42551317
42327240
27374899
42599874
34155657
17188187
564387
1180710
32871335
10921740
30529507
31929137
29077318
42551894
54169309
47487156
30666854
16856484
27135557
35696873
990505
2432280
509648
3045014
19471586
31597238
17439110
17179765
31615916
42551122
11460017
31462743
904644
1297132
35177195
33861351
27136410
22578538
54301172
30454498
27097736
51334978
2502916
32062758
52607174
13535090
46960699
34695191
39269246
34802820
18039835
24946156
43734743
15748732
26528768
30159728
30405304
38862546
57178799
57541579
9569734
5847561
39066
28387
3090959
405816
12080770
41757248
2493
100542
409394
51993117
31882387
38744849
14085792
1986739
1442889
8328810
33908012
3586182
1379331
4457559
14372442
23740963
5186688
26237839
24704855
440260
261899
14356241
246042
19220693
46661717
8671831
1865924
12471
4238641
52785478
7582544
3410269
7372153
5289926
13110480
95809
22511881
40712928
30113688
33614155
19974664
24385757
51993532
51993812
51992974
57222564
37941373
16864
16141174
1628055
40305296
31569689
53362793
95601
10607472
27483544
20347
17785513
1780638
4620505
862696
2190718
705313
29174999
1548703
33544044
21742
22154200
34898033
27294113
39364533
21702085
122329
150463
22013063
2399976
49895
37922403
2900869
261596
25042
408309
841441
16982621
15182945
21359736
42132
13117787
25414
178311
1468653
699261
9507907
8455379
3469019
6413973
22393091
31831926
29359248
36360645
1439959
26861
51260309
33738116
48757955
28260824
92792
24386230
561681
14331724
1638128
1472988
11879346
28066897
46664289
56027621
24090930
47925953
3734595
1047465
1621152
42222494
26875658
28408
19636662
146062
31480
528543
5451657
266899
21411121
303408
28867511
164646
6947162
31398
5646927
51319444
1914387
31587930
22891499
13419874
31023476
8928365
7917158
24852306
5706712
6975461
4346065
5781887
137896
13909387
11408166
8857168
4345802
3851016
22312942
11425657
29186321
4864797
18589546
27560517
11691207
2047
25966126
14061365
5106881
11705577
976310
41700062
11691368
5926031
21891491
24066320
24072257
11692351
32351696
29568644
30888721
8961969
5084026
11691735
255404
8841281
13270091
18310373
11684015
3940386
18653757
25881060
8600080
2899019
497935
11691824
11691968
14712954
531229
11691572
44146912
13252592
12119815
23139908
331008
17136547
17029643
55996548
11029259
48916181
5117300
51879638
51275928
54553729
24430684
52372106
11893651
21212484
48246969
46826328
4190593
4186291
24796142
885845
35473118
4405514
41287190
38735355
47159354
43336622
31716596
50576934
35006803
3083999
23167941
21092413
35312751
22696309
246816
15374420
3207276
24058876
25451895
385732
42953849
1792931
22999082
54530744
54051589
14194836
7855907
484030
1798797
31603136
2194289
12771442
14300289
12306064
38476629
36305341
11051943
15586447
789973
4448772
979202
30543997
9211747
19389176
33259490
42974596
264046
1981818
42954738
4413234
55822704
50191397
1798796
4251983
13084878
2424922
2086925
10387939
1798471
35037016
1060644
945919
609093
4291419
47545688
33576220
1051985
10538169
1554529
787561
45017279
16845153
441390
246818
44295664
26516881
4685264
1391675
42129781
55032052
2096863
53706
2811532
48809425
48698787
28114726
28500463
7372773
543719
14193110
4922510
8370485
637623
684686
53890922
54118501
33351165
36626737
42877977
4631194
17065226
40818461
37325133
34637056
14556668
45570799
51290728
50046421
10382853
28359484
3784533
7372803
25154381
2032735
57160030
48871297
54561571
48729747
47988234
49733681
5694046
46197541
2618117
20474901
708453
44339109
4666217
44226082
2116409
42227079
35443087
34208511
25281484
22711632
24709447
49168546
2353571
3957416
9445932
6254740
36404390
1605241
329473
410321
2954365
55509763
907874
31111521
10406906
4737947
11199726
26709567
1608868
31676180
2041555
11519693
50262607
20979701
14630820
44637470
24558802
32675698
46583685
632129
7647733
9798975
13372801
41917720
38763672
806069
29354893
1023078
46053
28037159
32389578
1762176
230542
502476
4306459
7686115
7049105
15700416
19885271
1059931
22116573
18538028
10214818
56293410
1149320
30263275
4014772
28927392
28927405
28968983
28915981
28968927
28929039
9379726
20006584
36862865
3261508
26120386
297243
18595797
1502499
24339409
28682747
12210793
33289249
44552311
25673342
26422056
20964343
26739838
22222183
12749678
17787746
22074723
12383932
10641780
1441088
44646448
45417426
599082
36982819
1168398
18573525
27976545
29605959
50049326
14554252
648777
50736890
37978698
49304399
2306731
12471392
29349515
46714421
45804
231255
17116610
25349792
48708998
3795462
27966163
11171275
12815454
12440910
14390456
16806409
3745079
1684212
1723083
1664750
27655523
34058663
241694
3252980
991337
11918371
20000400
858391
39548479
39080104
227108
2578889
8142629
10170144
47428824
20242881
23205672
227112
20769
33768770
51885
13295598
43053059
43851237
9074749
8365274
22672118
11397922
12388223
2181466
16492198
1392776
228059
18060507
13411927
22596624
43473025
11171340
12113153
6636828
23971661
41270726
24163152
10315867
4505916
42230806
31913011
35537678
24083268
1637972
43067931
37927653
2374703
32403760
37386795
11554492
610452
48834423
30776756
282641
4319538
7152596
407464
36374631
4709561
41829142
53684854
28969089
227361
27886170
15587631
19516750
33108342
21142963
985631
1972579
23923445
4476674
47923142
37423001
29304421
19842905
13540337
5575327
19994824
46333675
23849077
1086289
23310488
23725157
11154407
12185069
48085
1070215
8177848
47005037
22420601
56247492
29418665
2840555
23902114
50515193
5017159
24790449
1582519
42612951
298221
34779273
35243786
2947017
55022274
26289163
445944
49868249
30684151
21513454
1710902
46409333
30608495
43657322
34157748
8555174
8993010
17291739
7441528
28824020
545473
13387305
581421
28821884
35283370
24460
12466673
1049
1367052
8868099
2937529
36777541
3652506
145092
55621601
31560050
5006318
49029311
22937058
47671806
189274
101354
50660792
279684
10503329
26342741
24879844
39170846
480750
3919424
5943097
5123496
1121461
45283443
1589860
748731
54324208
1555279
17825607
17671371
6003729
39556989
196141
5320522
23279720
10608547
4169791
16914868
22835358
22320226
323246
24338755
21384653
15201
24777686
52287870
17481048
48441167
38532131
17541
366338
32273821
35921971
19982167
1983864
420977
4937332
50407641
4093369
31379451
58964257
22642115
219353
5784485
48916
23298856
9033432
53024754
18714221
14546141
14554184
4748598
4884817
3252994
276150
17869802
41867992
2609259
5277276
33689104
2625722
7065636
46825274
3269334
239068
62125
290809
23970211
20302094
156592
11053564
4377103
11504981
1486096
11474827
19925425
26574131
4566410
796650
6584388
12860125
2192002
323245
845832
89777
36892151
158974
205075
34173648
26031935
2593384
5692758
2395710
12141950
3121665
928336
12431148
50653781
11409912
417622
34076322
33118
38822734
241965
619079
38854960
21777295
106444
46438
39214128
1618922
11366114
15207
11285382
46889488
978130
1323831
3350246
5890081
15857442
3272050
15889648
40051566
14610880
8443376
6876579
3439167
2624548
3037472
20447574
5179573
28760970
48301237
18838179
56840147
7884464
3961762
3457884
760646
47692588
528180
1580269
46906567
2154490
184603
783318
43446037
58857567
55392632
13567923
3883186
392198
46195973
46195960
51781811
4845095
6431020
250879
4637600
57292292
44763911
36197290
2437670
2120830
3458806
882485
4331915
42659676
31741
5744349
6812129
29826999
43344078
22705087
34696808
5660960
4403679
12324333
12323644
12882572
38466074
1594108
252650
1435689
24580729
34881375
5539423
6684516
27974748
13979734
1725826
16809636
32854306
9124894
1057575
28180745
20583034
507285
42492203
25087791
3313376
41721777
19287594
570703
627957
4613830
6195361
153390
25382
24590229
3410660
43849927
28944728
12073594
49089401
26818
42545615
1441686
33336961
32040137
24750948
4167467
4168474
4195988
2007726
18585354
52087661
54571091
2175385
52061384
50818111
31934154
3797839
35648070
47455990
32336672
232680
15651210
17654471
20638697
417849
641428
683
51223930
2851400
14061862
3091859
219878
9933
35984958
36167144
22531485
47203148
137327
13054153
4161194
143746
35444923
14938664
26549598
2176556
32839434
1848395
29284756
36048595
31074616
8438987
56924335
52687214
54487160
31982402
49968582
1160872
2991575
4585364
47417785
2853487
43832008
17896753
2753498
53512557
45451026
2854621
23882825
37497815
58755654
53151279
5845673
49312892
23875703
29253836
33333601
1983509
17329235
1416324
884209
28485759
19696772
2342881
5636533
41051481
24957841
10956431
48846096
39670586
11728939
13610984
1579964
1797969
1572108
39826349
10837569
2093702
10284346
238908
5012700
6749
21251331
14099483
16970115
17122120
52227417
55609830
20297319
4015846
1462983
9728283
4154464
771217
5943910
4707206
19504157
48692499
25161168
7469134
8173934
48635352
19158788
1706988
20482741
21312446
2740474
7527173
1201602
8073739
30864060
40949254
53781950
35354859
20889424
28155171
17601604
22609071
18083223
6638857
20390869
483292
28368786
20914042
12076927
3207937
1130838
2231643
58192248
2226891
58318425
16164694
1414389
4381000
14921027
5928
179375
3966065
103075
7290107
3418642
911884
13607556
39902863
690708
313034
505966
14923927
35727998
573889
47884159
75810
42517321
2064181
16663203
17966467
5607329
53476847
1895156
658833
3990044
9556155
32209793
630966
27884838
23005329
15041
19441749
600805
51316845
21514028
25430653
10332988
61710
74185
161095
11560543
5067325
22447334
1003029
517874
22417121
143284
1856564
254607
10833078
2851778
83491
236424
37091206
5271201
89889
53348917
145443
3853355
25151891
51533753
52207996
57845462
20079665
462675
55353315
19614230
46312939
45142174
31631748
2635831
32158739
22003955
37683560
53366398
53381574
2290164
36993148
63342
7885
59071154
26744396
1261305
17702049
3329308
23850523
649720
6406401
1227744
1069085
8786784
5365061
5365334
14201791
76749
30740
1061223
13644493
619815
2916480
11226549
8129235
39432198
659324
13375341
155890
21947169
29729362
11568843
2067118
964422
36683470
2320803
1376711
47634986
5162826
843837
1299072
329625
44427162
38124
14697012
22348
1317694
726909
20576463
3931478
1099564
33899820
23013
9025700
3105326
1037487
7479199
581695
4346924
65782
903896
543095
10787339
1509004
14354334
28989035
10171550
1061167
1853097
337426
49020733
15270345
56242460
51909982
2719363
637882
11087006
3157248
14232920
56531485
386112
7881441
169549
627360
25360231
1074424
692709
142412
232599
19971458
8948747
927060
30874108
55516959
4349650
37669357
27379210
2620844
540784
21290934
195718
48177658
20224395
54182196
6002033
17046772
5711479
954079
54239128
183370
248784
7727099
55902604
4674463
2895199
53101173
16296242
83597
17530743
18611039
58408704
747985
34297826
11921
58506357
5215
7804447
6424364
23482172
47653
59048281
32411985
29100218
48648089
182053
29089099
42057983
31729867
51105589
18102622
9914431
43928848
1607942
21494
46709961
5560177
35915686
53522703
30745326
58414604
42648401
49059417
55778162
4390143
2730202
47139816
1247005
24161847
105776
3314970
2658392
6715404
18339791
5481088
768817
1697456
13329292
2914831
3556316
59053111
28634992
359443
118365
11554561
4491426
21499519
4961866
30505906
6067794
48659435
41122131
52820020
1628088
5459290
49620198
1524656
162729
35879953
342036
54508
9231892
54235922
909774
2231830
6754242
189586
30864886
2936522
9980550
1786165
34764275
209926
980188
38407
44089260
216613
41829032
40584421
16267
6148343
2653158
45448630
34732018
6429209
254364
6764624
4925070
20038
2493388
27724306
1408922
17886894
22677
25330949
8869864
20194611
24832681
14551867
30834503
19593964
14972344
26791
858507
15826297
28270
34844048
542746
6792617
28543
30874913
4219147
1592244
38219
515346
3232376
50746193
21000608
27480647
44036722
7159081
2222324
946619
2261475
19810565
380286
2016081
44166425
6828927
28226
54816781
22331044
34202871
17675471
33727382
58607445
1946204
6708037
1603046
372478
333003
39557721
57421852
47186067
7325112
56860529
13034320
4931387
40283053
3379039
46441336
47619787
55871563
18909133
16698569
30537303
528107
46705503
37176881
40825899
670344
53013449
47716435
21511194
28566776
855350
13191181
30537295
42649214
56024026
56683038
31572332
37603549
30578904
3079225
30537307
521402
6090017
16398564
53450191
44093646
4608805
1585377
39679736
46640653
25526150
57455205
37666296
47702742
5172258
6729234
32317912
216003
7958565
1817390
7777352
45341172
32439778
25731260
225178
27359524
29524057
2652721
6349814
6765968
5928787
33625535
2182302
13992585
6331207
49257739
3887228
54138640
12501707
23945539
28009496
52201450
28140868
343012
39551224
45545188
632582
23900299
14956021
4957820
370864
39138346
37512586
19049020
25152964
2904759
41520977
10419395
3559097
43548543
26592149
17971787
170362
38646444
12421555
83893
2190281
33666369
27799734
2901271
7718527
39115042
607759
53224
19292770
2187161
3725622
2485912
13477068
14533445
35511175
37579176
37578611
1101500
3152058
18080565
34184847
3310572
2370017
14128884
996395
17947306
2020234
18085010
8816881
9991483
50554261
1593191
19641
6169246
48315392
34903115
34768888
6139861
53723
35720979
7861415
1957258
53817376
29995239
49228295
55966147
36791036
54681275
3313367
26943774
35226408
2490371
3538425
35369684
55013970
28783280
10671765
16637103
31967388
52412294
53294594
1101552
640369
33375023
32380102
39124817
47917
50217872
6076115
698374
53069992
7580342
24297671
7670949
899386
41792410
41118442
50493521
5897742
59035422
59035193
59036988
26318952
72554
51594410
4463773
50113632
27156802
37767093
1585777
3592846
52484018
41142175
18501470
23698861
3823822
30206264
4254044
47163602
31113163
23903477
2101
29160333
31773051
52770909
58492819
56040218
99053
143196
42060013
400449
56178964
857516
46721093
46903563
15604
375022
580496
64968
1032668
11155395
534617
48214249
51431386
37480908
14102828
52193351
47836561
32967110
10819266
3991996
50600697
37322450
47786614
54677648
41907
14805508
8835
6083658
8209
22364401
11091078
40973063
24234812
232863
5982921
50494675
38097973
4416127
39019176
37626002
40396751
13022
12744042
49247732
15131007
4726468
7216989
32423318
50709
44687795
11750751
54295
4002834
19958663
1739149
47243530
31186643
29040446
23416020
681410
57712092
27877368
2241587
44201391
40849374
53627777
20397237
2379091
47925710
288001
40484879
47308456
3681919
54049667
53194202
6806800
46793468
46644915
52114811
1339298
52033631
56636825
14390726
53136523
49010379
285203
36571471
43471725
24002254
48372965
376228
44557417
35068985
56902573
18152644
44251501
34883018
37079468
31139912
16736415
20303
44555475
13085666
39752430
42092385
296558
8242097
58514551
23745
550464
140614
33914023
52021232
4902297
43315581
14962535
700605
52603933
47276532
49275846
48900344
4637301
468458
1520139
13534451
9801343
27766
54438400
52799523
37287
1312587
44885235
37481041
390676
22423628
32211739
56649770
2655089
17157886
48014947
762849
57063406
26271368
5171532
33840714
4804980
2886821
634116
33270508
35906174
29006980
12438767
31242
246363
38242664
370701
46963125
41660623
24428397
21130778
20800509
8276718
26429281
2005810
5073563
4100932
45583475
56085780
37566530
51941659
47904417
57746048
37420575
33884
26777382
59001197
23765634
11891433
6771282
635382
415264
160026
27361159
11521670
2326325
44737911
1059946
27171975
58832225
1474047
255991
3520025
1937861
1840675
881842
2633667
340336
588564
18400732
15021638
16249324
6519975
68868
3516048
197055
19024647
2910007
20177296
2390192
353663
1460069
1148117
658994
5899
659073
401963
48748780
19759799
276728
3451484
351909
28266663
5159014
16078207
766049
24633353
4861797
8874566
43251161
10011
795780
1961883
1548677
13756994
11429
476499
57494486
3480573
13381953
65974
2167095
8341465
8850003
10600
659824
44706
1071653
3106522
1280581
301456
22524591
1430935
2566880
5980245
54278890
31428210
674787
28885249
1888307
39730622
12854042
53974
17406217
8745590
65761
61082
7232405
292910
4088298
13766578
10373080
70174
7174542
1499717
17186338
565176
21008177
1039975
5175110
4751502
37850057
2234191
553888
886895
13097936
34017712
46768799
2711130
15185735
50833294
3053620
461415
983079
171435
7999309
1942806
885730
484540
397064
451981
8753282
983541
6267826
48673469
3420992
48609379
1528526
188949
3829597
2653427
2653043
11181082
25447
4644634
3665145
3446046
52831478
401969
1303713
3564116
18934997
3450523
3552803
7697521
98352
529844
41183842
32745919
379153
38243
1244283
8829465
348511
18945331
10076158
2446233
27125272
22834191
22733383
13878013
2224553
4552987
5218457
951578
2210730
13582676
46836010
269067
37260127
36707928
36472390
39370213
33368084
27813268
34249254
7241043
6310912
13222299
5634296
28107310
21504235
3802632
1536254
4981478
3798951
5114469
262807
47249681
1667927
6171989
161227
7417700
711938
28752080
46413
21554680
211405
1234342
2094013
18617998
38341
413066
630869
23558839
78135
1832507
377436
30863133
2094451
2228958
3600390
1217327
631061
32653042
20960357
38284
10331462
5268665
17322723
631080
6853320
11972619
2770307
3786139
5980866
1214442
11237801
2906657
267831
14087101
18585789
1680551
2544948
426479
3978958
313832
2067198
1739871
5811774
699158
2350364
12835568
1225116
35189349
27340225
564661
311632
95673
26891160
44466138
13675908
13675865
1027711
24273529
14228570
5275821
54444569
29055451
37748179
29106671
188307
22938
6556808
1480241
58491497
207038
15056593
4074399
36009933
46456126
20712577
2880009
8235647
275882
1428218
181181
43026383
156999
4790902
3938188
8564058
8763022
1835000
2738515
29200595
859160
54033073
15104305
24135873
14612945
23477542
1187769
10163154
9470846
14905081
28885900
602219
37769237
37769260
9670764
3365514
21938624
9807360
224515
149281
2528209
5976008
6332549
911430
751455
28828
14316100
7713728
24864
25084
21468429
2711394
271025
242222
4985419
55673890
56517069
1421479
227135
19151214
4367800
47309
1560690
9754214
17480620
29831
20913771
9947692
10701087
27346884
12278232
4100740
4029918
7476563
156007
2130
16779649
2090445
56919832
14102700
2491812
10043493
1451221
196510
2974898
5602636
12511864
5380942
21612212
22349
1138011
4525900
1684824
28968944
35937111
43355214
56887321
39212688
56857210
20583577
592806
49482281
5376630
172839
275510
5681193
29560406
28512458
18531909
1639065
5329562
3447
4305591
1461511
3817946
438454
323696
393278
4748774
10687
13275850
40775357
255589
32905757
7599696
5115704
813519
17648172
7005781
5856472
30562230
1896986
639018
33398711
53233893
20501187
5061901
27457063
804032
51881334
633988
15547733
39531197
766904
2248446
3278506
6720119
21168229
38047549
75779
679469
27441769
4538166
364093
1831585
809210
4919602
4919393
7288429
7288221
1826771
961949
1654279
2246789
56824235
18212630
2714921
30664453
421616
1431671
19760595
494010
6190030
34137
104524
23513760
50666259
6222524
530640
34550648
4194800
54285124
4186760
50400981
52376811
8387128
615209
49222774
50509737
14155024
14346471
50226584
18769420
4300450
26758980
49119805
49202633
47759760
47697124
31001
4474785
58128778
32183572
11185917
696946
47430577
29773536
3301146
58458281
36095645
22648979
15711838
17216986
31867257
33513826
936112
360921
844633
4619460
1596101
88772
47261442
39719742
20768038
54542037
59495
13481165
15315906
20295168
3017141
20782736
1598786
900222
2335981
2403354
54273
53653272
852862
38444587
11581710
47104732
170593
416735
1087492
7758160
3451820
42774816
55060343
3664940
180233
33998230
65771
15298023
20301554
299309
21512200
10723743
299859
47257480
4468597
58673182
20299758
4444344
58743686
7199911
53569931
234828
22192152
15179176
14573357
7523694
4640253
759763
1834493
20619668
11110006
1075989
149920
52808644
54644056
52508969
48560508
11878894
50571328
48879761
48702623
55971094
53779670
17070725
14124014
57993
104952
22370628
50706211
44605927
53476644
26269752
2542546
3840046
4961790
10029167
39310528
28479795
306424
40813392
1690736
1254339
16421553
50856
13846674
40465540
326433
53864550
6204566
39230833
15431412
56440812
42484105
53221144
33700537
35027378
16823643
38941899
1744011
41935811
41003044
25448337
52437784
1867960
33729175
26822729
58174744
53689093
61194
51437369
25733189
34840725
57043480
6203276
56736102
56646460
47802713
35948329
7479133
1213844
24775353
30913166
37750583
1259444
1423888
51323955
43726531
20505097
42765403
4149658
28133770
13348208
33953744
41031613
55780745
48836
5534374
9853119
36492686
57631881
33887165
4559113
39164260
10646
4474778
1277062
9440651
57565979
5111481
51267644
58830921
58069691
58074049
52578232
18555654
53709218
1769393
39488286
31423499
39488608
294770
39488410
18900075
5290678
31320936
3209485
43674629
55502135
265366
39466243
37534432
5937505
496925
47093186
524762
39488476
2904651
2401051
44796268
36599083
39843334
34826192
40248538
40073977
58822345
46815837
41078970
12347905
9284937
496929
36180638
45397625
56616593
32032690
627
156339
2437974
33289870
55032
58887793
1699025
45290184
18506917
29597863
1166525
5111982
8329836
3240142
26308930
22395556
56630559
1464343
23589291
20646507
25595552
23589354
37109629
48101601
52992201
56272105
48680511
36541350
216211
216861
13561260
3710354
46383767
219640
55967427
3792782
23589593
39892656
36968
6100577
53489278
21185721
39892795
24697657
27754145
57257793
32707364
2995171
26759952
46178340
50409454
41400785
1569523
23599125
39091628
39951036
32731011
39743767
239032
30685801
39418468
17911075
55824030
46695467
1491529
44582444
40932009
23830527
711157
24515769
18459359
35463875
241376
5564520
22847209
29726014
14778022
51235653
23814785
1769038
3377107
52242549
15829359
51307532
47863633
19748350
23662784
31952935
23658163
43834932
152772
20256463
30481435
32539540
32248891
2509547
51295378
3786865
22375457
23647425
1922978
29738253
12344832
30830098
5853960
19958112
54192700
23618866
39646001
2420322
18555116
17200325
54076293
966760
23617720
51388795
51886508
39984881
23617596
57169737
757240
6300466
40693962
325663
39516295
2831333
144068
23617176
15910867
23616435
33775893
27323228
47623288
39927370
44915117
27812799
9031507
23379024
4613509
48429203
37975023
572
423063
25673677
227500
39348721
2645309
217119
23819678
262712
2270878
2765707
32539378
4303882
1754403
40341018
323964
23610099
55858998
3627004
3721610
33238388
1121399
1338096
47867895
3384753
34004632
19728384
39892531
795651
37694784
22441988
2786645
4125179
52876222
36562827
50402783
13683732
21336496
27289310
231059
1252139
1241465
3512505
2085758
45234451
32753255
45544699
8948452
42671553
1045978
49628760
30880895
53325844
32865182
38032263
37643654
25755219
21511156
39585619
21339283
10254044
39518024
1600389
23654078
47041382
43821304
57365707
26585793
11304669
32391700
48856987
54186989
2036409
39095510
47180654
36607320
26176168
17216741
23843956
21511759
22360638
39228613
1054286
1880677
6656
37989246
48870371
57766788
19208999
11102649
32302631
334079
1606342
41031835
1299938
11644740
41232267
523496
46355870
48928874
32601
38249023
51793268
49965092
35058184
39235309
1289883
990772
6286707
39255130
1071756
54686588
38711825
26183155
40023871
40848531
4448258
13994442
15760517
8713459
56793108
53631891
52921598
56228
11972010
53988907
42307510
12850316
26122833
6524650
53847012
24366977
2035329
729782
1200020
54097060
24542769
56671606
205500
41040003
49963233
2463218
53396625
732066
1581831
20028168
24103547
245407
31207598
52872292
235548
52243894
43529895
1256165
21410579
2284563
30274709
7720
5600605
723067
6405285
23730626
3166154
36989786
42528326
12634029
53855904
2541868
35689039
187886
42194964
2135947
23388403
447986
1238868
23481302
1847013
35633282
31099545
31736744
34969514
56020154
49839242
46215453
50629021
25739229
7404294
461462
2029638
24036991
24036286
192184
846845
17931940
15076859
6171868
55825273
5591986
3193759
19263206
50629034
14511835
382970
213731
37537790
25340705
681283
1862468
36392650
22033122
12571217
338082
28351160
1227310
5317805
53281102
24082675
21521697
2732241
1995630
216361
20548520
48515699
31815994
35668691
16075581
13641917
52763276
15588468
31047767
52018725
49085532
3148461
16492832
39698645
3365721
41149314
48562838
11875666
52849389
21282070
12465661
2121098
2050894
34591824
3219138
46294636
9474540
9431902
6132240
32816698
13178917
2832638
205156
10115352
8736698
42707047
56039834
8423005
54000061
12126172
48822230
25003876
1415022
1781797
35706725
11890889
10936364
16941343
9876049
20981929
62462
27535150
19719473
21955305
1676383
2701591
46709230
22459546
40396185
39060718
41225652
30515136
24701812
3949800
5612891
48696061
34156730
38736209
49504891
27884195
1555251
23292008
43398753
35722648
40483571
50577743
53643113
5671742
52703649
52703647
27709502
8630409
5659119
3519778
35828513
17837671
52085224
16984755
1683017
21548158
49801251
12639357
31110630
25190904
39631587
1995536
20962627
43239753
24097511
24009825
37265058
36924117
20504907
58404680
51844251
38434833
40914116
215891
36296602
38791
3672921
6520040
36502503
9288150
571478
22531588
3698189
90016
6065207
2368441
6446
1602860
22382060
52076724
40774741
21939984
31778378
4205756
1179643
21810610
47721676
17069844
47981125
23580290
55961060
569398
8925435
2657094
43935749
5091961
771717
384000
52262886
4143670
46195176
23120242
2092535
12596750
50178403
37322379
46353964
28620682
50694446
5809131
797738
10429922
27292060
16886629
3541975
6992131
6459677
46720456
21613021
46344833
47373041
36831148
25946967
2561683
53475752
57166820
39596990
29068932
301008
1973781
26947190
9898130
11071948
1481009
185166
1553293
47193639
176732
31074444
341486
179240
56201908
1913249
1235701
26555908
3599795
33609941
75482
39046087
54608917
33913872
1616827
733141
42043691
26038097
35438992
2246651
24734729
1309860
25658287
13990030
28036384
56057622
855850
44549133
508257
1515853
36442869
41286907
51892405
42203959
39916066
50745280
602960
24391644
2192496
216102
6537051
53117514
5251119
3343853
8788317
1925618
47059196
30443935
28280299
24133911
32006111
52190997
216150
20627012
8510553
145023
4106274
20633211
5340045
9039717
52951647
33526001
6855250
39272608
23566024
1217686
5470621
26353784
57315371
57783862
18481477
1151939
11933276
393473
17258587
40674659
38991156
3220692
25017612
43145728
29072952
1271173
55728
39028704
4175612
15771891
1950212
20726599
9806397
30255935
58391294
416493
13023736
811905
414855
26481449
83945
488613
26053873
7017756
42611
1984280
32974502
19162414
1584188
24301504
3426093
21762341
6265065
42569373
284741
1170023
55729
56232732
22494373
7594365
4701565
2826681
14552822
13072075
24361621
1828689
10598764
2646522
2929176
3635464
402577
654179
329277
28336009
13666130
16238003
4289470
2359872
22123875
1584992
2110723
604034
4468780
1025490
1840098
19558874
39052181
53452227
22849760
4468040
4465009
25042426
1264640
27702479
165754
463443
1259992
1355457
22722838
144704
36961387
264000
6286814
10410811
53311358
42057006
30228894
42595735
15059260
9624478
55365859
55361387
16814488
16811046
7371778
3088926
936557
43318121
35807581
24917445
3444669
15057209
19880333
19556816
50607069
48739272
18761393
13826991
17275317
18638007
54430823
4330820
973095
56053348
53905642
6503821
14066715
9125999
3937909
322276
27303975
39219551
24707867
19291858
5932
43330956
27559105
15807148
50164726
6437
31837766
28866774
5978246
30989859
42173597
9422422
52533
28789704
10588046
66554
15558462
235195
396054
21199616
50500819
51391626
18463049
40265974
2230412
23613099
842910
102213
6646507
28701828
11042
10975
47917565
292346
292340
2429234
48369072
37429992
12376746
182303
696369
2953473
32714132
50337
25249846
1014424
54084147
56527
14020590
12950
2607178
13152
404226
1074264
168986
1843625
16235048
20304049
27767967
30515764
34900600
808818
50560634
31974016
15430615
48888279
5816458
9057034
9226972
39437404
20479854
1598497
3043713
20033448
34655089
31974159
31276566
18675046
25734471
20089405
5470358
1148672
25841464
1051404
32161137
9185785
17628664
23810211
7247837
32601258
1221381
66575
5007230
48897472
917280
30932051
19142174
34730803
29829829
3055427
30643499
48779270
37161190
13295189
16063653
29718054
18023995
1843196
27024757
13115986
51616259
9670604
771326
56435
13649448
501376
3065711
32458568
2613847
2832162
28147113
261773
11058727
5708805
4053538
1479978
472231
912933
1610513
3321981
53912950
31452433
29297150
6531493
7092020
50611106
1940039
11960698
50500706
427499
3232045
51597941
5953219
267488
42600384
4566207
29825613
7802803
38770486
8031008
264746
30602617
4150495
35954442
29984881
45591420
14020163
2892792
22025300
6112487
27711
1764060
3426171
49389033
44987488
61983
1620415
49421690
263487
10289579
11212543
264748
18132527
1074205
32512
9651482
47903162
51518828
30401546
3187173
26042345
21376157
4290270
1526027
31243149
17818804
3681865
40790752
23820600
33236555
28349919
46245308
50880707
37571549
37578669
31342131
8561733
40815289
40815929
12679833
49531784
50172792
1015678
36915530
11423322
43477812
36886555
6025934
44123864
37198018
1216924
158604
21207028
26226234
47155656
2088866
46871463
24660810
1067627
4986141
1552902
45576043
17345999
37209649
14009121
40399359
48944880
24738157
28193791
56958014
31417367
10851210
53295302
48292731
242157
26560791
410942
16743478
46787895
15946878
9191248
50340318
7305586
620730
10950343
58127412
14633375
13429326
17914692
11107
21258249
51011714
39696782
39696368
1739803
43529270
14635210
28012410
52129320
7117870
1955249
3123184
1547414
23437447
18794707
18788575
5411507
5170775
767635
21318911
32932815
19492917
54976220
2875834
1547382
44745155
12997719
35520462
54981477
4099958
19577302
21703424
21663372
51225665
16013592
41683103
3867443
16764556
30292739
26971334
1116617
51678199
40364158
38162533
19612516
19773246
10632548
31820751
22721352
16797425
5763633
28149295
31464379
2094597
3862853
25488507
30327862
53806811
35807665
26064110
7815285
24717965
3766266
23817539
8053588
49227713
33214504
31304600
58263934
197435
18861246
47948609
21152359
16847635
2634430
30256789
13834434
29609794
233373
11307576
2858283
34200382
60857
23642173
1135920
25753228
1279880
33914831
8032176
35973887
10753032
36899155
188560
19108848
32836040
42761588
49151270
23610727
11593184
33532401
41428595
17867773
26975662
26976973
29569917
24807273
3380751
44468330
50547725
47654501
14326840
49404
306364
16371284
49513734
5260416
15361440
2503716
18472595
3186008
18168664
25686342
38919655
8766752
1231970
3106121
15660065
3661902
12439007
3473743
7332993
6273051
46685420
34296866
3847879
23666772
7003999
33350084
21839589
56614948
23588906
47766759
29997288
6821757
40446830
4697289
7468773
2179096
758017
2466187
34053897
12218108
8935636
17977991
4985830
2040308
16966700
21979304
14901502
1043263
47412303
19069079
254058
46824343
7073591
61953
27486969
13422600
31309377
10744166
531611
27531955
614085
316849
47779300
265229
33264130
16345498
10650891
54650904
13328566
6018713
15234661
23618260
21835582
46774332
16756345
4168346
5195694
7362920
8713557
1362038
18668378
5600440
46636963
13914029
600368
44828764
17488630
39058673
32452436
10053076
1129005
1333512
24188886
5909481
8163503
4040200
13144608
23607668
26294691
56275153
27783337
17348660
3668047
1395311
55820145
56873
1286863
40341841
9562130
56677459
879384
48694676
3608144
43158315
667797
2530489
40148358
44738
7784862
600451
3454486
52979687
27916147
6322264
20789412
22758228
40442433
649100
26744324
43173137
18948043
1833646
1128227
22614622
2504
104526
52244085
45343262
1257861
779848
38310
1481886
2154325
1014590
703651
609980
610188
55038237
185896
1435243
7701
14638076
471852
1243797
9158914
234806
49584006
765457
3307839
25566420
52133355
1422685
37408593
141915
37576359
14625399
43348559
23154203
14034
14413
9651517
317921
12962
23884289
15501
16563762
16948
6879620
25344462
4884363
46987861
10024
20962
11038318
290174
28872395
48250160
3768013
692929
23559034
30711066
9120802
14650105
2580476
205878
249270
875202
1972522
40841279
20613
34760961
9157858
37441
49575179
22713
22799
881753
617611
24733
1883395
381184
5442632
2276394
1704222
3748200
2245149
1101054
698717
48160352
60920
2475030
30699
250858
46478160
7872153
6251000
31885991
6160174
42576223
13905477
5019188
4601064
2954163
940764
3796468
8160777
1816937
4437316
36035765
1782238
1390782
1823541
905385
1716030
58137868
29434246
56819564
16092635
1701355
21959370
24188609
44291152
18881301
41170737
31886719
6010390
3837259
57891873
1124712
2253635
9268893
177706
7219388
35143836
54400552
8365468
42696946
3740004
11740103
20376273
146788
1273025
152640
10042003
3755654
19360156
14982924
24548445
31968920
21210612
44867853
33955359
21046220
12380839
221432
4408111
5763817
15998119
5620565
26367526
47757610
40538028
706019
25024858
39301
19771001
1272919
182894
34931089
2541825
29717620
4398692
609466
48542438
31300528
1197758
827110
172997
2412460
5274976
7501337
2234766
2712580
8688574
3542933
30842991
22716689
23272484
4644691
6723152
5377774
1735557
47082013
466174
1225237
2417187
20712705
20896514
4426490
1956546
7483011
74969
39841030
23512
52589420
14073356
18960158
30187735
29553412
11590434
13563384
33123754
4182183
51104111
28589835
10606903
42095885
29384308
43236876
24030521
38072748
3695593
17177802
27903559
54171300
1560437
45810
2464296
24727969
10297907
38280637
42409652
2539440
351249
31274932
36044993
24718621
5815972
7761263
6035154
27656485
1641329
78983
39202660
12337650
1291577
54014012
8424261
3094284
2220450
9321064
223508
39352566
318412
50527999
27114205
27114414
20263209
9019649
378958
1530795
13052409
30960084
38601326
223607
4451335
46848057
6376911
1397951
14032826
11469982
1388536
13488008
7115566
57556485
9490319
4777101
222937
7147282
979064
46683889
2253670
29686744
822082
8425111
2623700
20890512
320092
43232791
36510772
284842
4722531
23642587
1412894
1749178
56964774
14361
58261
378636
432932
13270830
1717272
1467468
14226941
52785853
58258
233159
49226394
387528
10791051
444387
5454538
12995626
3040711
20087570
1689669
1469440
5840200
1498475
9385445
34243730
55564332
47910775
13049019
13025666
57816596
394777
1342945
36755797
1401183
1386469
47696028
522690
1429257
1403777
106084
343614
49394536
29810836
4540075
33589613
379029
44164736
29966316
8501423
674149
52083591
4922506
418151
1567258
3663656
2159756
2185572
40781149
3259602
1906811
1543107
4449253
57493037
18563933
41017715
1086244
18214141
863634
57458053
277014
36541578
1461800
26794896
22642656
22730943
1405849
40662673
25118211
29875074
15552022
14228285
22846611
159280
8838744
978064
46882024
26395091
4723480
34420439
2653664
31112497
31427159
15503306
19182454
12787737
1337432
6920510
25124436
18654098
4036008
57740256
27709997
156213
5466201
42681546
51235044
53545300
4364987
4082597
22727410
27773448
35682641
170323
782680
633365
5741219
16052374
45597481
10698707
8801791
797883
1948561
5914823
22040831
29911305
3723097
1720462
177267
45340216
58706
267933
200646
787748
1856571
17430515
367158
1464802
640846
11899236
1183979
46972570
12845111
12843792
40041053
34447327
646125
41244
1303530
379888
54743
2890996
13475603
31552410
3127574
16586994
53542326
9499590
8038191
44772528
54527395
12926591
682614
40097
753081
346477
3184582
13078710
3888551
7815323
7359319
14934857
2677379
1890639
4340832
1867159
2838357
6863400
57588
5413
60659
50214374
28567130
21873475
53643626
7988291
2235903
38569703
5895924
3616262
1975832
1130491
4134374
1951498
21223135
25686459
22379986
48990498
7695330
697452
24756897
2988312
27290321
861503
2330438
1239107
12169594
10081088
30862363
518089
3309716
477033
3683249
2118460
27759853
889726
37168652
31081604
41551118
1173575
1347800
25189353
28904554
2660885
38224428
1669780
87115
4004035
40191736
29475960
3176638
27199544
2272780
37767
7903382
740947
27570125
30373351
4576518
8535048
30203848
7223413
33594059
30199145
33213598
18323472
3037970
1182426
37177683
1967797
41531599
3332389
21068681
80849
44197493
38068501
485338
9998569
2406973
1836932
12359435
12714501
1317835
729885
9330997
30357002
984355
2943268
55401299
21071500
39915658
8025168
28193824
31532800
37178389
5355
4091592
1330188
10136221
47849814
764830
246991
50071536
2617132
4410836
18445567
7089
41662441
3160436
14989040
44627338
52866
44783143
2597318
22397121
334546
44786655
3495688
53578411
53996884
57559593
42096014
2444708
56219599
49260854
97845
27235034
43102702
5390068
50068097
36065243
3655000
319298
32961
156267
51403743
1515368
1814942
47877912
18575311
51403910
36229444
47588803
9182820
10771302
3904857
30637859
53573354
6833638
1348524
12309515
722082
1189936
581319
40029017
54800419
51403854
5834396
56935447
37090613
56048048
51403994
1119555
12674764
23376629
25028071
47597281
18713588
50353343
337689
6242467
53854268
26807174
33710060
1317383
42453796
844726
45295655
539541
50204706
49516413
45134
41994398
449691
449675
1637999
9808403
31617810
3947481
24239278
27032460
46800548
10780834
42743412
1343558
35050234
449680
1195669
1574561
4929519
2938955
23566641
1218917
804191
55501081
17081779
59039511
12310148
11179178
2838403
4940348
661970
722467
43511129
44422185
9860087
37097474
11504
49858541
58865705
800052
2699482
1195581
1200793
58835647
6849757
19884379
18254497
839756
46536040
1715567
643521
31773709
18949848
22770261
19870691
27956360
5497987
18935201
1066721
11400261
57570231
22722
43719599
18400571
737838
4207877
27424120
22706115
1242035
25026963
605714
17679626
26253494
3081088
9331759
31215369
5350917
38876633
2111743
10938727
19230351
9719511
11161239
12285309
45413337
12420585
5872282
99030
47576
1934204
55175
550066
7434725
3884937
12618059
6532966
37545351
4010348
8611364
536183
22078706
38991959
9972133
16120407
60900
623102
56230
45467252
30822183
11267683
19331506
1160028
2710603
12616138
1160558
8709847
5271033
12155419
4466721
30253263
9768862
33816021
62898
34184071
4076463
3481221
49632100
3767192
6769992
247144
5849825
7563715
7668121
38473065
4669681
10399667
331951
3138041
5387604
2264013
12867761
11329424
11752
4963905
18625077
5498029
549847
1885781
3115960
10485937
6888224
11258259
7390169
12615918
10571957
15018
12443979
1393252
1515155
14324290
3088678
4626807
5317027
6175661
24467993
9936537
34291473
30860126
12253347
11748
11753
20999
25875835
30860237
36084028
1374867
30813025
22409558
3823715
1440140
6244755
1163643
40837535
5499402
21432438
315139
28353009
11310092
13998284
38943327
22571238
36882665
26303820
169799
59414
3744318
1381787
3730692
12620357
5502489
8594833
2110720
18213654
25119
32378293
5018529
47480994
1158875
5328229
27815778
3277964
3919731
1158823
24744777
1158957
9819204
10637171
8624449
30256262
5907063
6181476
6718806
3965863
28285654
2599233
11313353
57279027
3456988
6183301
11349901
4908127
30823998
27128018
1924025
6631481
6180021
11257531
1714999
12025
55927181
17877040
45667444
45667572
48032454
48032533
4083089
157833
866026
24242210
2839278
7509273
376052
52442161
53371986
210286
7801511
4098495
29401087
26789633
1769438
5500855
791114
6889
1118256
31753161
547420
2013678
5411444
52414665
28325198
412395
1341151
2510815
708195
2874423
3418112
3167861
49863782
6761170
36616118
10814
1607322
169269
8110095
45558363
54349569
27855197
46733917
31539030
5898339
45639384
27812533
35632355
11036427
5286935
47228579
2421384
4312260
54603415
4083754
26575592
13170237
37653159
44383547
37797674
646660
13286041
42955281
472667
1853869
1853773
1852264
1851378
1850846
1491115
1491116
1490734
1490327
1487219
1485784
1855583
1858742
1864059
1120154
1034339
3554409
343261
691874
17937456
1536236
96628
2222518
3214812
52328268
13301952
27725112
1528776
1100499
37641052
2053831
56052591
33165502
52630923
3854242
3990952
22431691
44398243
4098466
2682840
2524765
13890291
14368223
6490247
72243
1183387
26120557
24306566
4101882
999909
318672
55030748
20080535
2141282
13533
27689271
50100314
51159417
18951353
44119867
58650142
56094745
41826546
56161377
13496226
17578625
441527
4318522
41660263
82921
22562859
484875
10268
1256074
58036940
385682
810178
57009523
48495076
43380964
1152457
9384730
57576556
1954315
44587896
551786
482654
14275
264288
3705524
29154943
23291485
29271614
768940
29155438
380140
18380041
29341946
51763366
46889739
162600
41398228
142058
53863791
7623313
44080609
20952693
332887
52572062
27938415
72221
51310158
50609885
12251172
12577491
1029281
45554350
46688209
24479641
42159637
25804369
33215847
5653999
1068174
54247838
45557080
52391799
1163729
11445343
24434737
1178683
3982609
1909864
29213
40905235
49941327
57288142
1039165
12640727
18601573
1362760
54386174
46451215
10825442
49690
33913971
4196017
35113714
40991492
13703124
22530529
569869
37836434
40450338
3398
23440143
24143380
1740011
7518266
912043
13109543
87539
1662092
41576826
49987511
3499847
6654270
2470711
4270750
17009946
743939
1632324
46185943
3403525
8714324
17419933
12577475
12438624
32080318
11158103
45505878
1440096
32624462
16622
42066395
331080
11176666
61309
718348
42279284
15751088
12355310
6827915
2635647
55867494
88378
380741
4047137
15576066
19698026
24363749
232031
52578233
44140826
1041456
2384650
10927547
92295
46882491
5050210
17222759
16934413
25272751
43298693
3659199
21358146
418119
11774990
24498121
1800310
7219847
15966417
18603071
13583510
146646
2290497
51466788
27482103
1932555
11063941
44425085
34830109
29425319
3179523
2296307
1447898
8318581
23396325
47676381
51452453
54729261
57969770
27315806
146649
9207268
8801086
900083
9281258
20558619
19181202
32480120
29589192
3606526
12347828
350095
30876873
721637
41081134
37264140
54022850
18982663
48455750
43093105
19640151
28553041
46823545
9580031
29576544
5078656
146918
421000
34348106
12425709
8428136
1804284
297038
6791456
13912564
1031040
2613258
13449686
2182002
4060731
35455364
3552607
2557334
979272
33131058
34351212
34350629
11984
7498241
216260
32713834
155660
35205047
777
1254336
289895
15305337
16657678
21765249
5552783
29769528
22791469
26186300
8157239
1926209
927985
3661977
464779
43110864
22807195
4619516
27978203
9605704
13285352
43608126
469300
42129873
1932702
232904
622746
2826867
3841372
50412658
47245027
7848908
6095380
5559192
17883200
29565262
2368371
7094834
34076480
8268079
6781181
57085125
2855027
6948626
3237738
29978467
4084112
14924747
533214
72239
23312277
980345
51176555
20170576
11450984
29139191
893280
44511992
41594465
27642756
925631
1469415
29640296
53320264
23624191
50484294
4786541
5422431
33657110
4277031
43608181
1822951
49584034
259162
86996
12490863
181407
2079855
13280577
1159362
5756465
432138
36886029
2119992
39298106
8362202
1135529
1720511
48026802
53207983
432134
36889164
332727
17851080
31853491
17867670
3209829
4365270
50979026
22584796
952429
22584389
4226137
18952362
27051968
605870
4635140
542316
23826243
17747808
7370764
43995666
26159612
588196
34848966
5227737
27091171
5283905
2064083
16921372
30011537
7916426
3576294
43719974
16436786
24321639
54641324
1263281
5699418
7938773
8253910
22086712
1935605
6575569
47501141
25920941
11108970
155875
9372603
48482493
168008
2413296
1696747
33937091
57441565
2635691
555750
78214
50502024
157664
435078
38954750
16993285
918082
46635764
233609
808986
1359960
26720883
3574291
34256590
3450872
471376
25476
8208376
361993
357314
31744069
29056876
23808445
2613688
32205436
55215417
2919623
23937771
23006744
67610
9620077
4100990
240852
45537504
29295556
2916199
5206437
12321263
37738
1704228
1251925
106001
411795
8444877
1546216
5377564
287843
53654669
1104478
227547
33686526
21355969
15539543
21995243
5285068
24142446
12084557
1034940
24398887
327068
525538
5402377
1251566
44933801
4428062
6830111
3497326
23454306
2487443
27427138
8763148
37249793
32405
17191332
2478366
857306
49396
3238953
23675005
216354
53497560
4006962
20191992
227584
36907131
6569214
3168076
46726705
35136691
23444818
18952530
25952503
42734486
11100
31306381
58270597
40682389
2795314
4794776
31181250
232102
23674519
16557620
9752073
1100646
255300
20569145
39562189
13754651
522920
5315193
41834038
57301663
11484504
11484745
51240441
84840
155264
15887153
2139138
523009
26187465
4887602
15869247
15905258
52046769
45349764
53638354
17503667
7705584
15898382
191863
4709824
7860187
37142384
16097144
42742979
25227555
13002829
522946
32546325
16654352
8718620
4451666
50344979
2194260
24208
256394
1031411
522890
252926
4404652
1639788
31964774
13888995
8907905
1612524
523487
179515
17419746
11710504
2198343
53873837
9339666
31832320
52911004
17560
26117419
24758540
13565181
26570305
13258060
770285
617323
31558112
10612157
19216225
5675898
19949593
1426386
4129404
3458214
19242440
4821829
1176015
971654
22766333
906807
14080332
4746249
19205178
4128693
26654489
3784298
6756575
1980096
44929452
235401
1178534
10841532
433355
19816655
26013515
55844581
21961274
3220719
42827406
4723180
12010446
19763032
19242428
30583260
53151094
8823105
22842274
335013
5157303
24873755
2466769
8757300
1135566
8830574
35568518
17658954
7484670
46463345
9215384
8593112
6260005
286789
26233119
13280060
2841081
10534129
33562861
31184330
13976201
14353595
7712975
15055641
13435645
25151011
3579362
22692212
10675091
25211566
8375608
18490942
29055314
6514963
335033
5347091
51304033
6934307
2656294
19446764
2830927
27063897
15104395
16084372
2987302
45420825
14847180
1135455
15344815
1860808
11628476
44389661
1825228
15749719
11687948
18682413
5553756
24899234
23997803
13434140
9605213
13281250
29190196
3590614
46780859
42436904
42601944
18552191
1460229
43199566
42598929
13975800
16043136
7084079
154459
26139770
9407830
13436912
42577490
979708
20014106
6435831
5126202
53798248
15334733
897968
28696922
7946
32130555
2954706
41041655
51227137
693285
2615448
52739517
3154475
835394
982578
669801
23397764
839210
37474531
14894500
252653
3638643
32312231
6007951
4338531
35105667
28258455
2858
232014
1163771
14014124
28001670
1247143
28268871
21300405
11689840
15757169
1220570
426205
105432
13984801
36843915
3984907
6230543
9653646
13563665
20390789
20390787
11740436
44936586
3827585
2179651
4106665
18140662
13739316
48269693
40088094
3797905
70101
17604177
21483159
37288854
11580835
11551211
20896975
2668769
28800940
10539556
38983
47425
31078834
1951960
29152334
52360980
52361361
2592175
55483195
42936141
739042
7124271
4626934
13850
3731756
33277017
11665433
2144039
14042953
652760
29882060
8305339
6920978
28526183
16351633
1232655
18711859
1039392
10800577
223199
1406274
2436296
43579833
44992088
165698
12759897
27602395
40924851
48519350
1266475
20892221
2310488
1003722
42930501
12794501
18912447
10141235
18467813
40966464
679828
1789927
623908
1013817
2652262
18824506
38514205
1058920
665543
23604
7343214
30226226
25080
6556867
32775913
40101430
13621130
11424442
71925
58883563
7889855
362823
1243660
30438567
3636152
39553975
949725
49897369
24862923
30700888
3662221
969832
2573382
84303
14871469
2387715
7833632
7587495
33981034
324134
748931
20669547
57635105
2235511
19587346
189037
7623176
1443956
17452177
26351000
3212386
3906419
166394
53836551
4015896
36904919
18906408
45449589
18284675
1789835
1742971
36151626
12235163
53349949
1632473
18368400
11874234
42031171
45065219
22016518
189023
34775619
31180466
3751384
3930540
3821985
31300555
14018896
1879435
13872332
2262965
11568969
5931
28579986
53700777
12489103
38485157
1519026
217324
5004001
997680
6490834
41863605
59014515
33242198
53670711
1569145
2604726
1141675
1644698
21496931
27364911
25663854
21479645
4329772
52757304
2978833
47390498
245089
13225048
45705591
53307021
27340647
9481518
1763544
40476521
36708486
11022353
6230660
6057429
35605527
53155436
31493190
21463614
11209462
2064628
52076433
7191296
605111
7915674
14670246
1686300
672915
41978562
1519027
25288890
309216
15525857
410851
52715112
46610219
2433663
3381519
22622358
12646543
41725244
4673346
20023618
45417893
1751142
5375946
15787684
663765
13088437
3930560
58667546
10640543
29475492
27512025
49986510
53700734
8294978
1403831
432986
788074
24022
26592735
491936
56628617
1572175
19337262
632990
39671195
23758579
6140080
2180007
16732126
35197077
6704750
37002564
13531511
16759570
22589405
42901195
16752887
1095574
5303278
1028100
14126388
42335286
35620181
28243188
43401299
22702381
4161298
8581665
1274169
37744064
1240348
868983
4186400
35859796
23261720
15882816
29020782
3737971
43062065
8194266
8933822
828050
3549164
44574
4441182
12661386
30331394
44980566
2354452
34258
47066384
28230819
10440884
12446850
25145023
1119820
34161990
20877929
23540555
2322434
44207350
3821864
3527381
20504088
16868086
11117031
418188
6449908
28196452
23880274
20430521
37708
11129469
36349692
2397535
8611776
56056501
28019629
18273210
51376512
48970140
55104779
265044
3881557
690340
3404105
27076837
2486197
4759545
30873089
720367
440462
853610
40277999
38094824
27593472
408239
28443539
1198185
444949
84705
275715
2104998
346036
8033728
9208160
1738644
3031874
29264198
912292
5454816
3090397
1035562
31868914
253491
1748163
78427
31877720
3582033
25579338
4240712
11049946
11379229
7159290
3577392
44047833
5103196
12670159
6589339
8262226
3456713
3546689
4789103
3621492
1833515
2285008
13612261
8357528
58583821
3765797
1189706
3797130
13612177
3393770
1479819
7760643
10992666
8380171
3137080
19099316
693383
846521
296248
3999644
1189692
25433628
18581264
15348203
5488986
12781630
17681439
58403719
57398836
49304088
970458
58104180
11786241
6444831
13904064
29052246
351429
14966101
38302433
17556423
36200405
19522141
8438361
37549630
8305
23033439
1198465
31483317
38306797
739147
21533922
8128722
8128856
8292896
3488651
36159060
35067930
1255319
10132819
29119780
5597581
14891
7894462
23456179
178923
30520849
12161724
1102483
1289792
41113085
15865449
39145661
32561841
18456
6895783
1160651
2491897
19688
8666821
36314598
36314892
54309238
1604015
36363856
35063433
22154031
13611524
3349073
9389420
11630765
1440020
24488251
2138419
38785237
355291
1639193
49783
1246414
2924618
1260116
445786
23864677
31482725
27201347
11876633
7706414
23633964
45353932
357777
13063808
17533266
10260572
378914
2956358
28854735
23264998
3791822
1324735
1441216
1739229
20372326
104108
2201459
19905212
1331269
42324
53402674
8266405
33951834
4157871
1227905
1853272
1853177
21743408
705225
223418
40773669
40902865
3377219
10977703
525221
2368447
490901
30641813
1521326
6527774
2039186
1713838
7723284
6541883
3282500
764520
45524881
218754
8827391
1545806
13605642
8853784
1202784
8044378
6224320
19255240
1459316
25095519
4655069
444136
956854
1697928
31131174
34267486
19647572
22612853
13344971
3769450
5844145
50577184
37793328
22609526
2640920
306254
8195298
13007571
9921781
4695399
47327
4310591
4015020
31164796
39322723
23032841
40951581
38582600
11655685
2560374
4596704
9021209
937890
18757683
9022198
1531103
297672
58835931
7773802
6183527
7742793
23452625
25235466
43971011
8997695
21574620
8568740
20000238
6756579
54249535
25277387
16731248
367681
1398772
610989
7381530
673011
53085159
7820792
2283810
34119149
52164329
46921420
3013789
15276142
40029332
804939
3262732
50415928
51404750
48905597
39168618
58060333
970936
29115716
25523633
8503850
944433
3767618
44216
928275
27287720
6916227
284670
35861790
222834
944440
7109264
1363915
944465
7836846
944439
25828713
2245058
31351992
60549
15096444
694147
15703409
22627785
585358
13684522
38797499
100482
43208774
5378000
2501818
9467708
37685680
5402671
2082837
24832971
715297
28888905
25394740
4586431
20086477
20096495
34639411
20096400
3589660
58561829
37463829
51275269
43569156
25016032
38621681
23188939
41792338
6132123
3573161
2151656
5590160
5822007
15996326
16586177
16587159
1102335
5801331
25778403
25806331
356978
56280864
59031571
143874
113612
3695222
2029668
7954365
1506867
55536463
1117900
297602
261722
11424
4030560
20208972
56238484
5047537
35694460
53293110
1070105
42042056
2013197
21471894
44346577
39039109
3696892
44053463
36125295
51275707
43613947
185982
185805
176883
176571
7221088
551777
326821
45700784
41780028
11460825
42113563
22008603
20881584
39141747
45231593
1054011
536197
881901
24365459
317900
8433568
515250
54307935
251975
25646869
81036
30873381
18704670
53773065
2760129
18382894
7156988
44775997
32457715
897603
3731512
963967
36751489
52322527
3615539
29720839
2026889
29397981
986413
908032
15448947
25122906
58028753
14679467
1246810
2920086
44079804
32276409
349632
21402762
7431328
14249287
3532369
49247746
52317476
343857
51388883
345756
1053960
8421759
31804393
543318
11625477
8039576
18457137
43176498
21600882
4750937
4770106
1036259
25503696
46728635
9488407
85012
1488382
30003
41620348
26856232
5270659
6485489
49105
172111
17925285
521801
2651201
4555540
184978
37023189
57079238
41264280
23179194
5882184
2930061
3070317
6808976
47332715
51616270
4686837
19596538
9234672
43857278
16091265
35674124
1521015
10367565
42181888
6303315
24911839
52802014
46711992
185863
36686871
3391379
54328982
10235356
518133
18596053
3014542
50231947
50884724
52724403
17183849
29639776
35368283
21562812
19438147
52247264
42699051
10029655
47252647
24352961
52455537
31886297
29640242
45052375
18650595
43618146
43325520
530016
37792009
185358
5761185
668552
42416
31602203
57438775
15721530
27390695
2685825
195337
892720
58430091
33731836
1259351
25756037
3639723
892714
8217922
1450596
17252648
47457980
29150815
32934243
4442658
57364273
37106035
4292926
23625413
807035
19158374
8717881
1476307
635972
19804003
45001188
47234586
17536769
15154882
8193565
25254792
38289330
22412048
239103
48957215
47168136
4293591
429437
26217881
26515049
253875
7836937
3919574
53810765
16854966
373677
29343046
32550532
1872297
9006854
18151616
29201097
38993353
14509284
44217023
31701664
12315477
9421673
530013
11506327
8494515
4237776
1840387
3746058
743937
43881386
53974686
3546462
52742
33219827
5911724
3747
19014978
28769705
888970
7412236
198584
3509706
38256800
4879132
36094802
9427239
167079
4182449
27848
1317246
348054
7506737
692857
10921599
4859674
2090685
24368541
2708396
3606341
42958589
2792334
4027140
42946536
33430481
1207185
1431711
670675
3296596
2682425
1694353
21705764
43531169
3303549
670658
8755514
57926428
45604539
31108393
55549720
609096
54205
197215
50071628
22101777
57492351
31250843
53738672
2086634
5220330
609079
10714509
1613869
780166
29479999
29479952
262663
2198678
772119
55909608
97334
32701954
86100
18951964
11353
810952
37104611
36745
8810731
312800
58595772
57021198
47210
2597366
26328591
1648534
183952
58463
37263123
350239
14643245
1182550
413522
59701
352453
264268
698858
80230
893432
2937476
520924
15378707
373775
13117577
916552
10974032
1867849
57260
469507
53806103
2894782
243718
572393
1168875
1901396
3659771
349636
14992556
49938148
37060345
884781
21938697
11727138
30516155
535805
1166229
193688
4241965
28238658
405614
75838
470488
974099
5020872
13481097
46996599
43512313
1774930
1149599
664494
23902228
467731
9110374
1151989
3982848
52309372
37993
147728
165767
1088008
653173
3329836
36251829
20963512
52338899
101350
56220935
2429941
37135
5011795
241247
187359
5397510
1727506
4231552
38260341
41065567
24070958
29115223
11395894
3783748
8126729
261106
11196255
227711
5933973
34110948
5817614
1169156
21904060
15278773
9348572
3083643
11057
447982
32399913
238150
28989511
1249752
1031521
13596520
1329631
191902
56518295
4060510
3545917
10375926
26896693
7062443
6031198
445536
237243
13442518
33836618
3502748
1261801
18844117
2599511
19453544
30875830
1429703
54109688
46421293
25174653
938705
31261088
7590761
172098
969975
35378820
52095802
32790043
6267677
12982310
4907609
706020
8646603
3172562
668628
5788503
55466999
34843874
13281058
39455923
1031711
827230
1144736
8463546
12766389
39453576
7764539
11240818
7627342
262346
13454001
20179023
44490414
12098142
3609568
4929533
44149694
1994147
51613322
1200509
21703150
11406348
2389983
7675110
961216
45439267
6800181
674969
55562717
42731755
262642
1139538
1252792
1653834
11870490
7713450
953711
33206989
45560521
19826930
4578282
464961
10074706
3854094
1963125
347518
1890510
8846258
8069383
2082608
28999129
15245727
342694
6107978
16153332
51742
297438
5162166
2276518
3204419
31151974
2144707
498099
3167304
1305468
12537650
1117384
14713689
9269044
29152133
13322429
1311345
13166330
31883460
46391729
24969166
41022888
3244622
2454057
4921530
29159801
25672641
23524335
2145737
3717865
4318300
12780833
26492080
8440563
27700483
43697683
29150445
2810508
8907566
31779376
53695751
1368771
30519041
417667
14839949
23680598
14202412
20669382
56555481
1845933
48834009
11445391
44928
28771274
441154
12387916
23292269
1182968
6992172
14231194
27071205
31520260
16085425
994402
52926700
411262
34310673
407847
7809745
39115796
4648028
1940864
43425279
22836400
3599560
46197187
15075360
18774101
2703758
23291901
18924211
26971
4687116
14353087
2526409
1683865
31307996
970063
508190
39050184
55501605
55443995
7732515
11405579
14202698
53226622
32935348
1511110
12388598
1147423
2592450
30888454
995666
4606248
10992586
2653832
1134910
30622791
21677860
2834473
268267
10114218
38641116
664462
2358399
4457545
5835281
10752598
10542070
27070776
18987332
2145996
2279816
2279802
2616214
8387718
11647590
33556373
377116
389615
2275212
54742270
54487
330727
502488
43768549
573174
813075
51624877
36601417
1673827
41966024
2295403
19916594
1795597
1365
1015599
562839
12873937
65560
2080887
22347293
5906
3441929
54536
345526
14924150
4478267
28284703
10048
143129
1930945
172732
12749651
14458100
14403
2887212
3596624
1633981
20888255
3850371
212330
241066
4344583
11640998
871170
656936
57639135
5808466
4295240
317087
292941
7836920
233089
228900
627468
265892
155725
155726
80207
57877
28962
14754966
2948513
27897407
16831007
14107396
1945917
3482688
2925736
151183
31734
51243234
3832017
32762
869868
147626
3122919
1859848
20857871
40164817
21491745
7105367
952459
11642339
46462874
872241
18686250
30758165
58810505
2499027
18271986
1407637
20110881
18676219
45180094
675308
1874591
20181219
19637950
5411217
39762270
2369175
10578011
2288581
10578490
8535692
66633
15435589
25516868
1874414
2690369
22515985
17435166
20094185
377245
18581424
17980321
45604343
54808
35819102
1925422
6811940
41067366
41355280
33233703
298328
5206032
41362343
27867584
1415513
15945403
10051247
32295143
33233851
38823057
15360658
37622210
57035412
1471541
20772897
55604208
1864040
42857030
18238970
28689141
25920006
30623433
22521019
41197227
232435
41230707
19394651
37252171
26966900
17319715
44561460
28851000
1478098
373968
13466989
3371392
6154375
55559462
33995445
7048545
23645246
39843868
16238455
543770
3680367
21311955
10420657
53086521
5391428
334977
41819834
1118718
14826889
14715850
56259473
2890325
11295077
6144367
4467300
4467828
34730865
37008108
31761911
2429030
48755595
8112996
52455939
1133571
18548403
3115056
7244377
9019736
2933079
402909
1000657
18261221
23054217
3142249
15333581
6311162
844525
5393483
769055
2820646
429484
1049187
1589736
2866190
2392652
3133920
47630505
30530147
7061508
27567125
766895
4606337
57918208
24199219
2236730
34468156
30474461
13917034
34688642
49804321
11700331
23608368
48655460
1688528
148414
584469
38096337
844877
22622050
1547993
1812163
16178482
29645102
36680706
37028949
58449878
22746423
22746418
52188389
12151420
55722549
21503475
30639625
8533657
22654055
23676224
6144171
41791650
10286049
8999824
29722995
7869184
894495
3166033
20207650
12178732
4393502
46754
351269
2088800
62062
1532873
27051743
698076
14100238
15691527
39402922
58441212
5944869
6182302
48266449
26821796
34632462
6583790
44527869
44603139
23742139
33240805
1149235
22062779
363039
26206268
53225559
39544054
10180622
42406639
10180648
25683059
10180421
12042756
3747405
33643107
10180499
7313194
57714484
30157065
24284552
29261417
11498900
10180534
3768454
340438
44300355
4058589
10180607
5066392
7314320
7314888
7915747
10180628
14170022
65837
171163
12528628
65734
5411161
90398
49899
18776523
4766869
23080605
23939901
251052
31172420
6779022
28095619
12079047
523125
48080665
24771011
5902124
1968575
418250
3673566
4200640
56971472
2859038
11499382
3180989
31595597
10377130
14069225
11130358
30691664
2775954
238966
6355293
1527836
145630
5033679
1509363
1444691
6916342
8138204
4806505
47811494
24317457
4541877
15620410
41332176
28472181
9127108
24026629
43405541
34896697
577317
51124598
11161016
26472153
4730032
54203094
44583014
26319205
288541
34295156
10613825
10538138
35604254
26953384
14135609
11984942
1311910
31208256
7476026
13120323
44962956
38579575
2909529
11035294
3420092
42382654
5270829
4696394
36033173
1948086
59045761
43134528
48753168
8939054
53208178
43703280
23947456
21807738
27929530
57388650
24041511
51137790
50793082
35997845
52011889
42901960
56481093
36830389
18495481
12552680
13316947
52730393
1204436
3513317
31785787
71996
35449083
28249487
28246199
32405139
17640775
419111
477073
301855
41836444
1029786
28835173
272576
56901229
7857807
10552816
41985407
3306639
22064583
6066467
23654794
13548898
1910122
1537638
45525318
662879
18527384
19622581
25808096
28519784
18598241
26466273
29193707
21858195
15954336
2861901
37545
14833208
4549316
4449406
26047362
693828
56462908
147996
34363513
34363489
34363471
46016
21425480
4708893
14089499
154054
154055
4931441
1110028
8605710
23392693
1198671
247137
53992402
42032995
28825877
9015451
32215368
33109
1248884
42298807
19412036
55566453
12124323
18582140
3049527
27656596
12141710
1787985
5887300
1846387
27565075
41069761
58434424
41207118
58757914
58751280
50765115
54335462
58710893
48480892
20189085
37420509
48756333
41202764
30235906
55298672
41128996
42803983
45486848
14440976
55015779
33104468
56485607
57676270
40400354
49607374
39386821
2536492
51509011
4081186
33832430
37797151
48005086
222300
868863
8260995
4851523
523763
31525486
1058983
28565245
40912579
33127264
8087746
48289513
199349
169305
26447770
17073876
3622099
53682272
35742489
2845583
38971074
2610792
22000113
16052633
57852261
22990907
7536073
2430604
11234681
56226456
38804381
1136479
33311895
228053
229719
25013400
40976066
225761
7702892
8268744
33932515
850579
40944296
6385965
309379
36119336
57591892
2661638
24747438
54863717
432459
42610931
38586462
4845933
33015310
8313535
15398744
12889077
42946330
15364252
355559
15206066
8246989
37846931
10032789
29084283
22726405
6984327
27936530
438443
52687491
10401954
58423557
3502563
11103068
18505697
7282253
32679983
478909
25985419
57231545
17148589
17511649
30208222
36199570
6949196
3407787
1244615
22570918
23690513
19091710
449913
36270079
3236800
24306493
36038184
7149734
220426
37884695
1490692
18256873
12817848
31965569
719365
16694307
1664680
3358295
57719703
9091287
7360955
42184815
1342406
33189882
3922934
1523424
17793587
10626141
1004097
13108881
36564536
31700563
1770350
83427
362410
951393
1689639
3273564
46322698
387721
376049
787971
23431927
41350524
4318352
2335682
327636
1424484
15771941
4322093
7280072
19728
83525
14795816
30048440
25416659
83430
99625
43228601
24573437
26068192
13894814
22783538
2028898
18564154
83441
527240
306053
23266996
4674692
57231550
3023660
1771587
6171963
59075164
24527227
50904125
352169
17116069
491335
17507803
43376012
2539563
293302
18899714
29298
1941393
3339988
223979
1083901
56063342
34183901
5142191
11009695
48835934
1611358
4478436
581358
44586402
177428
8252674
8357092
17157119
25682361
12605410
7332678
5454990
27534624
659632
3737245
24537
45477986
2371889
44292528
54133996
13416479
3691306
46501494
38233555
169228
2908344
3666140
572511
550777
3942005
569846
4900132
174143
36255009
9618570
19614149
26052112
4904138
243454
12338280
1055090
321686
169553
1055085
1742069
37852560
37891248
44160271
44018156
12215295
1098024
3276445
5335451
558100
46674803
1613097
15755190
50308352
468870
42854327
23825873
15860741
58816393
13823050
56637904
10067797
222783
45367548
8008076
22550609
4160477
6868104
35746798
6135028
44971489
23912313
2427004
7821600
31405026
1730791
38978322
24309810
5352572
27269490
1966762
662415
32410656
5204563
1548943
13478837
2215174
6870165
54982106
45351166
50338095
14684519
28192984
13478790
13500549
13478109
32411005
13480003
1586317
55752601
56731510
54450787
7772176
10222424
2171328
7565762
29657668
37723857
25518484
28124559
1672136
24283942
40472995
1116784
26069055
35933729
2643879
40272873
9677867
48631101
2652898
37477110
8806018
40576119
37644080
37628767
24907448
850599
4990605
43094
170191
9198066
30420097
4650234
38025273
38170
46452887
1772673
578120
54103197
58506538
36641969
4462892
156858
9128918
4545
10781248
862471
292314
39078783
5171128
1409995
42730851
45572242
18576261
44213001
148991
17846
14290366
49507798
2374919
50568436
568649
22235251
46301538
191892
410384
7963719
2849636
22928909
11418268
2945
4474499
51957629
601836
35486770
1067554
26087749
2087055
12253492
493846
2772118
4167350
4031803
8892720
22615
31598288
34092671
91190
822726
2943008
6097640
3229028
2649767
18664006
22480938
88375
173575
21048400
25980691
69760
31352847
9197349
8836052
18723138
42434747
19568112
14562224
21496461
54128
936801
9257451
11415141
47908376
17198746
52293
59028978
7596594
207091
1725304
426258
23099343
24652797
1053933
25381
3718054
46648905
21438855
166459
33761202
26896720
51572061
99863
3543130
155747
247927
41246328
30894337
1465212
21392353
58837808
33517619
44245005
1574433
52462347
10054866
378297
45062422
36169089
8754508
58515636
57546707
41162459
3647078
34324577
263027
49988182
1072572
9612222
365775
29372620
50437164
758926
48836260
5318304
178647
261061
53298220
52674157
32220914
54370868
14705543
58000950
27082987
32463718
5854300
25150988
260309
27388899
276872
9330907
216186
29410057
29782195
1690921
2821216
15772735
50594027
55697
58506429
48858822
2672200
98205
2013843
17464868
52150240
33424707
569641
25992931
1962537
7709896
8982920
18830926
3153998
780612
180546
676767
2569854
20387645
10684108
8780772
17389946
48216880
3241518
54673
1534021
45646981
39179280
25101441
231085
19005888
1638491
18946555
46529928
22510898
2546164
41023251
2889013
46105
55003162
