60330
14541269
6571910
20492361
364015
179901
26213536
7008027
201572
33416896
1398957
30984301
13309070
462933
34768888
1592486
2072569
35786690
21317590
22389723
2182514
11762174
33375094
10624207
1451995
9567
5477326
38137115
50460577
21312269
3704475
4487022
14356241
162025
12069866
857948
21705001
14337
10318680
12982197
20625416
17644927
601795
25879157
15181
317501
24385757
1628055
30419457
25786001
32583559
20062
4754923
1245254
2190718
976335
2298293
36749205
3022453
5605670
33826251
1900731
38103316
2681589
22776
972208
219599
177648
28737250
27740497
149973
9774218
49546992
1268954
11460017
4585349
20287671
422247
16924866
17173550
11643537
31393520
7338160
2772118
38028979
1875075
2396733
4748084
2679667
3276445
31831926
24351115
14591595
14504931
25780242
2773801
37362851
836100
684929
146075
1941913
634998
364032
29359248
35073980
1104874
18388936
17091242
511068
732200
9246613
19474808
168187
276949
7299728
18930
1092175
615724
18043234
34307401
28867511
30008114
18702694
36189079
14836066
29016566
803763
100542
37855437
33530541
14659441
43964845
41443085
57388109
53742741
58630220
2283352
1117473
2508071
59173
47526317
10978811
41131139
20533589
18679103
26929473
23469564
92751
25383344
2242938
3988570
4394748
25810773
22317523
44784099
33844194
27083831
34171748
1562201
42273256
18311131
27414898
12623574
25144580
13932295
34779626
34872093
12325586
14710941
31086918
23332738
221308
34757793
489334
150497
25779828
36681001
1755822
4106285
8675276
31595608
28297
44282667
546439
43812146
1696901
161594
13798788
2220762
41841931
24957728
48288184
38121858
5356595
6153047
6817541
2317193
10064195
1543618
437099
18307618
1298951
49293168
20268918
89532
880112
28365380
28086000
44311171
3848172
13799904
56440875
27143710
57125214
1649105
33512760
263257
16832087
300264
13998413
630398
2533750
31540060
1403190
11669668
35716364
1929895
16963753
26691851
26627577
2000128
39284743
27232148
3963060
20156816
21462612
46466101
170191
23478745
242844
1816895
30926578
21501796
102065
268524
11291009
31280414
8293716
16052446
31777996
38798417
25490788
55404885
5938089
53969045
31591330
8158976
58486105
191145
37476
9235
9593
168592
20591754
29229404
15909956
14936
22882894
30418740
33596709
165451
19280734
41815531
227569
22256
36983600
29136076
3869348
22951
17919956
34790424
38670230
236975
45273635
45283122
1803590
2474014
33700672
10929505
31349118
56002415
40378927
3984800
1549586
54350981
34304217
2415598
43641917
35757150
56512015
23778693
34727409
53290020
25248801
16785510
49999901
1954898
23768495
20647153
53548763
56011849
21025981
41661521
28810830
56431267
54300944
17249901
3018006
3245019
46975228
42843131
56084743
38233555
2548126
54695624
30582464
47736005
341658
55034900
2797459
9993804
2619889
4976550
32931173
694155
30506916
228665
710166
31483791
2973525
185993
2777558
4740024
1426183
26339023
384236
30547635
30487581
8859
18280830
479498
30548334
201153
7865688
3136137
1285228
14654024
24673524
14249373
1361712
15514744
2083590
18855029
11838661
30506907
10810
51560165
2484315
4995132
50981832
22511301
26005982
24581929
14282
41183702
11358084
11353840
788743
29700779
170586
613965
2525856
5700626
21122396
7338660
3899544
19008414
236321
13295598
43053059
12267631
30418359
52191808
31628234
31868429
30038492
30637617
39252169
24573437
186749
22605172
14500114
19257960
52067593
31587667
22099
19629934
54695560
32786445
249648
19629994
935160
26339253
24957394
1271862
26339232
24499728
299609
13804103
907804
2160442
948956
38956275
51130697
26339274
166035
403786
747210
32931179
32817600
10177813
1834924
565501
24538180
307680
1349524
360876
1786948
11367572
32658237
230550
5730199
8068094
240151
30178155
228540
21517407
13588294
15847948
1781075
16799301
862496
1412482
41939123
23814275
2552509
41508250
9207453
14892293
13924520
818329
12239996
13635966
8226620
693567
28849291
4357658
10943394
1857117
20270864
1115806
106501
333088
10789878
14862505
38979747
27837922
2211075
15188422
26266653
6126073
959928
23892201
5594704
50124181
10285381
18515032
52960731
30781760
9812146
20832383
2790287
153159
14137325
12699391
28849081
113221
40733000
11386857
985959
157780
27119432
163131
27583028
13982958
1823340
23080327
19166059
23956541
18949237
1131652
158464
5542455
3609555
22730654
228062
23587135
1666896
5113681
10240501
26154544
10008223
3421321
20534734
156766
7532615
3460422
47978099
50411261
34971715
8000738
2567188
249903
12026951
236387
11752492
4405405
29156471
160962
42438407
1469817
3053533
34402185
40695525
153499
15403778
8599174
55835685
11062213
35610473
14508753
55458532
6934129
2072393
9594342
36493171
162456
58809
2661
911842
47740110
48622224
1510939
1060279
19361526
7210930
2667092
3182668
42121081
169409
80381
166213
4744384
10836019
10144073
3466353
190041
154147
792644
17547
189043
50024
25876897
55223808
2674316
37234316
24575786
9518556
2292485
1845896
230027
40659495
234796
4875080
251714
14437712
558722
56893797
4392610
34104355
206583
2421010
33690397
716672
20433927
52846768
5818292
170123
13831
15799006
53985560
162797
1017748
361406
30938414
662900
21606371
300628
39591498
27590860
29420095
34970247
36888112
48685738
25869076
53885627
233013
26613183
581391
2071113
7265090
52784842
3409
40767301
690278
44006007
56221934
31537853
38538913
4402239
480672
48081
9258
25586605
173286
39590404
47921
12239
42129703
13110480
5135982
306320
832518
27087481
20467439
59017152
29813511
20347
47172
3181120
3397134
20058880
37503128
17104172
21663
22081
218792
47487167
353837
24743
1626446
56761839
31564169
37653832
47789
3117750
13620318
43305151
20844067
965332
471427
15826297
2943008
3064846
9407088
41503848
216238
1721229
27174836
2958126
7040454
191161
34790693
4027455
22143474
214529
55648078
697561
4182139
19315933
16828463
6965488
2415569
12178672
510828
54140715
28869
1961203
28545
925519
928216
744504
1338683
1720724
1865442
10260905
1930406
161388
30795401
1091767
16122539
25407
36983
49632241
858507
9032406
303405
6679056
8646037
55671
6095477
10406
55870791
235562
2683875
54171216
1348330
25140
34558159
1468653
21647661
2799787
327941
27681348
4587233
3594118
42018735
536767
19045611
31319234
63283
38911948
1136765
19804284
375064
1724587
41354200
6611679
2507977
847283
495056
23383835
2429440
8488050
1258919
606263
567447
79572
809108
46232717
42545002
49453745
12323027
29464258
72080
1770479
33111732
10388705
81798
33478850
27285990
19146397
7748323
58857040
31985408
37122597
25350393
2792572
1393633
186123
40029821
1664235
27363576
75378
51118531
22216899
46536057
58722363
2565663
19651913
19471895
27656741
3159897
14936276
6964723
224515
34866140
34872017
36175313
34947960
3365854
24984
609194
19471586
51837768
2667110
5507751
3345862
39079246
35444380
30855043
4033927
58895109
47313267
24944240
3037804
20845132
24651342
113055
4880472
7440205
41686000
3731424
4110028
2286327
11964
38871977
38076
1260575
57218855
21108219
49973687
1254610
6916694
5612336
37133212
42411202
19981527
6001461
7312
20709270
43246
4977310
102867
35742489
58164
56677459
862471
20913864
56378472
383950
8837954
240059
11185
12636406
33383624
35668691
44510162
24082935
5358303
1810753
4519053
5613045
22579001
1271927
46628283
14520306
35757193
40603620
52555357
56443370
58849
992782
29880293
232627
35778656
963393
1164691
14084
7447280
4356213
5599681
5488304
16933122
4318352
46345824
26652964
1840378
44507307
4751657
30448260
13754760
592058
5155636
38138056
867392
1822282
179879
1885001
5824591
15822899
19728
2618785
3135680
83525
57792639
54139490
46721106
4982305
20778
19168
33375023
45241533
5000516
50875640
3634100
55700783
37689148
296726
39214488
5578565
2405446
39297720
46832922
3975826
3897882
14256388
887147
33916642
158691
2211905
1382905
6116892
762804
48863280
503581
597792
1383656
844733
12664042
635892
18490868
29529070
3608055
44744681
21694424
233241
5048086
3183076
11119616
3450046
177428
8703546
33407069
912961
3063392
3367345
39149467
1595561
66937
47561330
47561324
47561327
31069839
43097
5492253
15767714
39214581
14027890
264989
44213001
49507798
58198155
50027417
51415949
50029965
3672887
43383541
11418268
55679468
55679432
52962850
23572369
45502231
54420934
14432584
4150921
290622
31890739
1262466
18721356
40943724
84777
35062454
36647345
1007921
8645700
46531067
372539
35151427
6726416
11267248
2579509
41588531
27656102
21780273
19086179
18214852
298682
39653
1915636
38962691
3746829
927507
40684
57246485
38896666
40634824
908746
54589969
44983607
4086141
13233533
15874522
2017525
2158184
57090116
28374801
32921554
6153923
2100845
47654966
41168564
7363430
44185893
1331457
1613370
43426017
38678572
51028120
48206970
28280440
53785025
4359286
45465871
26006428
17175828
16642954
44442903
21825051
22990907
26758899
10595597
24356950
14393682
18350164
48607865
46647675
29336391
11059086
25446001
24809609
12051099
6343902
12051875
2271673
28205544
32825679
57064683
15883470
26433992
11899010
2226687
34215536
35997845
5270829
4696394
25009
14389259
10242544
32295524
973888
1476454
37040021
53375072
44657216
16301990
35773358
26073693
36494975
16765936
1462050
12090211
34734364
11960901
190348
313075
477975
31860815
1694303
49273972
52234263
1934570
47977958
52548179
3095397
1473978
53451159
39191072
2337609
37071
11030380
48819
38794693
8410651
1932657
1364686
266956
18999641
38778093
51711638
25740371
529551
47276677
8821984
53452982
8174254
12210793
12210765
51899125
355849
354800
3808132
53277
31847810
15532763
315563
371846
58099402
1422130
19774052
4602120
8922110
1745301
42985480
51976599
57554932
52704076
5261310
8977613
56820499
376473
43288938
779833
8337137
31721472
51885
56106708
21736
54361
1073739
10051102
1555010
50172178
952984
34407451
26517844
30864987
31729317
38707853
11195319
57403748
68264
182117
30170774
2649767
1069074
2438730
32650732
45455132
49494240
898937
46899486
2624777
45504
366318
1125761
827889
38857166
298428
1631654
3261224
3535789
13229499
37598916
326483
5161105
22069816
55635210
1589043
25350901
7193
429966
4982245
1102297
10308785
19864630
19897220
1864484
222004
46740
58083234
34672901
4370229
805700
55635282
13527566
4868258
51935974
693848
294370
1475657
13985992
2557590
27082525
5787012
16199733
18019
25804104
26449943
5027268
19167177
36467210
11017807
2468892
23607989
2128500
40216580
10163390
2047965
1050741
7986007
32747510
19667704
2324711
5786821
47439851
35864002
3644058
4924488
19242840
1039889
916157
28810270
3114930
5468083
21754
15619689
12761500
10489522
181435
3097114
1040165
25522710
51078420
30814107
2792751
3951323
53112023
25011122
51717318
6059245
44025464
21238650
7316267
18994109
33273693
53372308
7222345
11985663
32567543
26235722
3218564
49076265
1059272
45683757
6786589
12677898
8138183
10212170
49762733
3395615
23202707
21702085
1874234
5451657
33795090
27259109
7610
18337522
40273166
54347291
13677
53677324
16016
1040159
25955086
3332274
19035
19541
43712
30221292
41124700
28747
29405
45453168
10781248
39078783
896372
1706629
766683
18444
34369194
575575
43406152
43406142
39754443
11121562
16091477
39754368
42301747
38376
1609264
26974568
298353
3974048
180609
49282028
31509116
50625469
26594253
47471388
53849136
15905419
6066224
273482
54443528
24978923
3076433
2471540
40499571
805626
39247945
11939361
47243578
3648363
428364
4715564
23553006
39744265
8851527
58466319
28951
29007190
56654776
36682729
41026299
17608461
45413591
1030
1023
34212305
2630062
7183133
428424
1269908
99656
221284
9297
866752
10174562
53083910
44377426
20003579
15628625
23014670
54684832
220366
51547836
229887
433280
36373041
1992983
424562
8233130
632085
221292
866764
220589
37542807
46881627
55732338
48207503
36038032
19975009
23274327
26994597
35856983
54415558
49504386
15402343
45241963
42960569
34816686
14616475
55383004
11495343
46612927
19496590
23020475
48622944
4775804
22944626
2308033
18613326
56421869
28200891
1118323
47075429
41892096
54076885
29930118
56602770
4358082
23699705
22587083
3111238
23274621
34498257
17191922
30138254
772541
2326687
6756322
52187466
26869128
57248134
25454239
3566823
47078194
44800561
16243262
19386436
49517892
42976779
47040389
52487254
36749982
18448975
37970718
52180242
2498236
19128970
11175
26013907
26769877
3009396
9285138
7963663
19991106
60562
219243
40589862
50927033
7803125
1657646
17738144
33849471
18180538
9021908
1715392
7720337
1112217
36750373
2988239
4347189
33888614
76293
254067
44494171
32095860
41594871
31504168
12207303
37360009
52229715
203241
42719
56161377
2141282
27689271
1305947
51196155
19415992
37303096
711663
1972887
12008836
47667328
44425451
47063308
28652852
929346
19541404
50100314
1019959
9792438
54355513
2693235
26606887
26155958
4565236
172543
6186618
8293247
624436
39725654
39339117
15283969
58497667
47006182
64991
2221083
18419697
29699887
28637104
45521198
3022247
1012777
12348808
1363517
20216813
13280060
5870424
8120553
348425
175606
40120133
2076863
2350923
32925576
2205121
28355116
3322713
23319823
6890267
277934
15322547
49738932
1631886
3799678
9069502
8246
6894420
17684930
59031686
2995195
59031495
51404088
15857115
15055641
55473087
17702348
522036
9958022
49143516
8794565
5064665
244056
1390700
185313
1893861
4180155
18158430
4815549
3542277
57009523
28273295
48495076
29910212
99615
2119992
1749536
18380041
34459484
43240488
2833926
73010
1710959
18895841
26267563
16459897
2030760
19824143
436522
27499303
175502
36819211
8385823
23982990
18014454
44488
31546942
12577475
995557
46960066
10479498
45234439
36162663
10837657
1586277
44431648
25878053
45310797
3060194
9253862
1137338
1135334
16036981
4977189
49908291
46273664
3337560
78540
223031
28586763
295235
39582829
584739
228566
2656294
2158384
4502048
51310158
59031608
42611
58862286
29379705
37419657
6975086
5990516
25084057
49479656
52383820
24481226
49754502
20183234
11040850
42289961
44403707
22263716
55567666
29872414
51929537
493280
15334575
203298
47692314
589149
11522096
43401724
45557080
3771003
316000
2363958
1032545
4034653
16189641
16956876
1119111
13281250
3938565
152286
42695110
43372083
463443
5907903
33599991
50815015
8978347
17869413
331776
33306828
42528
7727103
59031777
43318706
58490571
1194140
42050630
3429843
17961970
11995257
11634588
48480354
28685
31869291
31869752
38571571
3076713
2034722
2051921
252737
714243
457425
615581
40905235
6178766
8636840
21261235
871592
37287369
1931994
36095814
12288970
30864300
13556501
49941327
1083785
52500012
5208235
3588720
36113425
26118840
90708
35136691
54386174
46451215
41894938
49816554
8177232
50507566
61283
7475864
13767166
2659049
2173176
56012095
30683625
85248
52340713
21292754
1737368
24536153
15843011
22353091
24565498
44798843
222427
20264216
15292069
31995634
16254225
17013014
188357
2616799
17846785
16064455
355587
24683101
26364697
6805098
39398243
2287391
1211469
1799997
24957712
8817545
14746186
24929390
30371401
143885
5879835
23540423
242155
24929761
355588
3225498
26148875
51482812
7139438
21382641
26265030
1399190
38867050
36423077
157279
24059905
31496181
49954173
11301061
37015016
6131049
560813
6677
18814913
9022647
2300616
1980244
4791408
58739928
4545563
5273666
9282116
18031616
34822427
23573352
5575410
5140915
399735
473663
368329
5342101
1718817
11877
303094
14091
326653
26441648
4122252
3167635
172550
3012782
13518934
26294031
56718842
30558
1719206
9066788
841967
25912911
18532909
39766740
34228932
497951
6208728
35805008
6036617
17575
852994
617451
3408056
777087
20971
46989713
840927
30767586
9458094
2320823
2941578
56493248
8919712
353672
761310
6809616
47197182
6741484
182113
50388178
50262184
3291227
39942926
322830
2224857
48630374
10156432
332473
11335700
47870886
41207365
45541
1066082
765430
49158869
36862013
41800914
217792
5266241
11758150
2234527
50803
33306427
549016
19114040
12476895
19116074
17865
2036279
8146055
41616677
10239178
46411565
16102540
10528004
26364259
3832640
20447391
41341326
57107916
46902823
50820543
1459096
44536395
1519160
8638534
3381848
1662857
36827846
2327058
3374258
35376449
27861521
45442
3022
2275212
47627704
246532
5333892
55858784
3735409
32690625
17113009
45413
276898
7804441
644044
3193417
38091153
38091297
38114182
38114205
38114249
38114256
38162785
38174462
38114265
44295049
44945771
49204772
52755875
56306830
26099444
13622275
6914946
41235893
32975669
1517685
13411119
15978783
4310371
9544727
13724309
11140290
8010937
5074864
27173161
56854253
16599555
24914677
4234342
33047441
33047447
33047449
33047453
33047456
33047459
33047462
33047465
33047469
33047472
33047477
33047482
33047484
33047487
33047489
33047490
14933657
49291260
16257609
14459809
20349224
5797726
3740728
11267445
30863172
13441603
9666858
6815189
14261749
7901090
26743
45343
4704325
6279236
1042977
1629419
30740223
1678630
30872149
13095200
2413418
5199354
50607761
70891
198336
28943525
35304565
30292036
29409936
2521751
42675158
26528657
2143911
32501324
6143670
143377
42574386
10910364
2225289
13398441
8124450
1002427
1294246
1682548
18733960
6107789
4285633
222294
32577659
44285676
7964906
41609914
35164410
277279
27705840
160821
12569905
10743601
44203
32429
307526
16044530
550687
328242
1725388
8955445
28906159
960010
2011705
5130907
24698824
315049
1004186
643854
3635464
30780511
1651190
26661855
1545612
29131656
24526687
17687
7551824
3092841
3496971
50021
232791
29419455
401937
51302033
14096840
37246229
16875690
18546373
494675
40956926
7412739
39357706
13420314
30046841
46451333
35480438
128027
52067847
44749915
23203
8795217
9591787
57785214
211960
8582684
29153082
822726
33162996
187557
155779
13341876
38589404
25716052
1150894
26188644
19722532
1468207
42480018
1390280
30819660
73137
27424078
197241
229112
45687070
7617470
5653871
26265041
2831530
39865431
36903454
18815659
22719474
8976943
904502
9215260
3183795
8710633
38780956
24632473
25500805
54139154
1432410
52540185
8679316
1855239
10794231
594857
6992211
984789
1699840
32383745
31599830
30322163
3055879
24924567
11885169
27465176
24189956
5345332
44318934
29303703
4747614
10617466
13993280
6575773
27604284
2841721
11578674
648685
13148350
52508819
11388002
2267876
30594829
12516496
1121222
7427293
251487
25569540
234798
13256757
51093705
29054399
3331089
36128779
47962975
1670091
8195468
5098387
44303487
37918086
13139134
36156441
50019371
33453847
44629958
6393112
144147
8868358
10951171
2632136
34805463
2278666
52888220
22801842
23990317
2837235
6706723
36130807
6527160
2312819
9413191
788091
2657156
23127968
5097411
6935884
14290682
30324643
40924371
43437293
42327606
44693413
4737824
3064671
1894059
2854417
625914
1686266
16399962
13810078
13861843
24953689
2349801
26772312
26300734
1630583
10763613
215350
30216638
35538058
37483782
246544
43569192
5976304
10203857
36684332
9218826
630795
154076
189616
11563109
437772
1376899
46433
23234495
2325729
1433722
23443467
7257476
27555228
44379717
28753616
2828828
20192650
6597670
185918
4348501
29605965
332733
6848104
51801172
3092778
32053787
343177
23664942
51586709
40248244
54125110
11154884
188436
8692010
11541470
1800818
5593007
5295615
427718
628
9594347
29351510
50495942
25589416
386232
8573854
10817801
11355577
106368
10666173
1546058
52971518
113183
22027794
11139749
153486
113335
36926
7202879
46833492
7486354
46319976
14496480
3991823
33287428
12038276
341987
7216437
12758998
2938666
857766
12351629
3740294
22852793
13424675
39402339
43392691
5096175
52605926
33696818
4196298
1195271
900337
3663768
54388629
6111837
40584946
26325113
2804087
27624067
39696452
14270341
4198742
522934
38151875
8366494
679864
24519532
1476274
9132917
7087243
3842655
462448
4459797
8922991
5210194
4868451
11691801
1728254
2942704
4267820
2335667
368361
3479028
10211
25783646
19643737
626139
4388676
1801260
263906
786961
10055589
10240721
26682943
24472446
24007476
6019343
3274612
50506504
2276218
11691676
743068
8444757
21379657
32241844
2662518
2278944
18270950
58842560
3641079
34369182
422023
16375131
8420739
69268
2919683
53973730
18057569
19613312
13466284
25126927
26224991
1662156
25181063
33648059
4607950
53615175
19778097
17520953
32595633
20933252
6440162
22270645
44171579
2077085
405981
18490928
26825143
56632008
47899996
43613
44377517
630803
42229505
3151307
3178024
1436843
423953
31047055
160688
12868778
1006501
20912106
3106860
50899461
41671690
610631
2301687
10052888
23195101
613753
473707
28325331
65228
4213088
21323120
28805200
206509
2107718
51608211
39778463
464990
10043800
41631414
5675444
766597
2164856
19220905
56140253
1011242
37965404
52752713
179948
46298840
16150918
6692852
44798929
2430449
42551317
42327240
27374899
42599874
96009
26694387
34155657
35099461
17188187
564387
47826069
1180710
32871335
10921740
30529507
31929137
29077318
42551894
54169309
47487156
30666854
16856484
27135557
35696873
990505
2432280
509648
3045014
31597238
17439110
17179765
31615916
42551122
31462743
904644
1297132
35177195
33861351
27136410
22578538
54301172
30454498
27097736
51334978
2502916
32062758
52607174
13535090
46960699
34695191
39269246
34802820
18039835
24946156
43734743
15748732
26528768
30159728
30405304
38862546
57178799
57541579
9569734
5847561
39066
28387
3090959
405816
12080770
41757248
2493
409394
51993117
31882387
38744849
14085792
1986739
1442889
8328810
33908012
3586182
1379331
4457559
14372442
23740963
5186688
26237839
24704855
440260
261899
246042
19220693
46661717
8671831
1865924
12471
4238641
52785478
7582544
3410269
7372153
5289926
95809
22511881
40712928
30113688
33614155
19974664
51993532
51993812
51992974
57222564
37941373
16864
16141174
40305296
31569689
53362793
95601
10607472
27483544
17785513
1780638
4620505
862696
705313
29174999
1548703
33544044
21742
22154200
34898033
27294113
39364533
122329
150463
47796
22013063
2399976
49895
37922403
2900869
261596
25042
408309
841441
16982621
15182945
21359736
42132
13117787
25414
178311
699261
9507907
8455379
3469019
6413973
22393091
36360645
1439959
26861
51260309
33738116
48757955
28260824
92792
24386230
561681
14331724
1638128
1472988
11879346
28066897
46664289
56027621
24090930
47925953
3734595
1047465
1621152
42222494
26875658
28408
19636662
146062
31480
528543
266899
21411121
303408
164646
6947162
31398
5646927
51319444
1914387
31587930
22891499
13419874
31023476
8928365
7917158
24852306
5706712
6975461
4346065
13909464
5781887
137896
13909387
11408166
8857168
4345802
3851016
22312942
11425657
29186321
4864797
18589546
27560517
11691207
2047
25966126
14061365
5106881
11705577
976310
41700062
11691368
5926031
21891491
24066320
24072257
11692351
32351696
29568644
30888721
8961969
5084026
11691735
255404
8841281
13270091
18310373
11684015
3940386
18653757
25881060
8600080
2899019
497935
11691824
11691968
14712954
531229
11691572
44146912
13252592
12119815
23139908
331008
17136547
33481841
17029643
168328
48656448
43047687
20903181
38696146
35415442
26344410
3694874
25326113
12295847
22901859
7795332
467066
7757808
15602282
53802984
73242
17891889
1878656
33508629
6237
1876176
14712915
3240218
610670
4015445
33993397
25724516
35287550
20711479
1080712
3588933
56609319
4406235
1285650
37920173
5680331
41011706
13864705
646200
3287314
30876673
26257372
2830004
4123531
54242
228956
54508175
50010076
314993
58504114
36487460
20723531
41514429
2231925
1025410
2106334
27322107
29044196
4060384
42318857
34151341
900660
16888425
2798091
245481
2266706
23445375
5234361
7129127
2326978
8433460
6423239
1956968
23464409
404571
661641
318784
14542540
2849450
1121332
53952031
1114703
22889096
5234518
30691539
786944
9262
9988
511640
12753408
31604229
4071454
57708596
211997
2042178
7566837
339806
2605599
35970102
13845737
1564246
712514
6231
35694818
9955923
1017350
1494233
20913753
217777
9367761
8957966
2625993
1151595
2529054
21555729
4599624
1803617
15977991
2247943
24506048
2199811
2164767
39184350
43121106
18839
39455287
718763
25984459
56337347
6607106
2955100
490309
5669042
6451027
4214394
166518
156593
43488
13252351
13688961
181885
3447151
1137997
31613084
2518059
16998086
25445767
1981875
162707
272955
57168807
542704
363786
911372
9883694
3720589
7984
212818
56686863
2053494
258979
509632
13287
31257416
2829763
35484701
579830
63557
2937920
145372
15399684
322091
369453
146560
26444702
13612929
380490
3818247
2495244
945299
14389003
12533
17956789
43104833
5138823
163526
54207970
34711417
311886
8136685
1024008
41701207
57074346
12952982
17654
142763
18497003
52903626
165015
905274
5375614
26895671
1252897
37758978
13542819
37397201
3060222
175973
55460327
4062622
187584
1466438
1526274
4428815
5245417
2636493
873760
40389594
1393365
36511902
32100
18153740
4577333
1165848
23265824
249429
33445405
1142476
4711370
1111491
49402
2344016
2365188
34967599
83942
2817032
79425
1770095
2920176
48597
3022392
3116131
29657021
4162136
5252915
143176
7477578
50649
5152971
1181974
37061023
1392564
326546
13590
247643
1390765
1031396
2053455
536993
13603
52360724
1793107
4429350
18978563
39007
23095761
174158
920487
16851108
1870880
234393
14174684
13510524
8808746
22970660
9437868
1043494
324559
934323
31552371
16973885
254204
1638697
283329
176292
394328
14613600
35123560
17022392
30201993
25265755
55083483
42181592
5768514
3616612
2429051
25001010
1486716
1839854
3389268
3100470
4398814
15096209
35774706
19109098
1545584
3830367
18932705
9938600
19685901
283269
51175231
290112
22964708
2830456
46274583
4952814
648383
176271
30859335
17841938
479337
22085107
12251030
1977760
1166011
43992753
1740394
5719656
21898556
4973673
35590843
28818461
29345392
12273064
4837531
9883303
17059757
12754645
1327902
35145313
48889420
6043592
646788
5057765
161744
21209791
5997020
2214225
5343419
6131623
336
23001801
41717027
5761650
5761568
5761692
884589
17421236
1986432
14585748
8733398
19347033
45477835
20934639
11444067
40859735
243659
36980738
50937578
34967585
2046760
26282065
31607500
9955624
1143143
57834314
5260658
17268791
26921023
670359
3191808
412676
35933568
35330140
27062681
37022
411659
21099870
1119672
22305311
1299607
804964
16784920
7972928
1710634
13075744
3027218
41066719
2678638
11184991
16643486
385241
37746017
12835695
23814548
20087534
302319
2426628
31592149
46460495
8770941
52167327
33884873
7754858
31560336
1591846
26977104
1912360
5936786
40857101
8634709
37876147
8094825
8837864
31776562
1641483
10504258
8301203
797698
58387731
171488
49313485
2280897
48968
956730
1928747
20288830
30459584
20860611
18756845
4906780
1411415
1036008
3829592
3563367
1105355
25102044
357125
5143567
8534246
21844112
54746
634932
33931444
57430974
36037791
50375
1052154
5615546
19647869
33234902
39690802
45689762
11381427
7273911
1056700
13412910
14764119
50399
41953539
37653394
23301912
233050
11193608
22529331
801682
384893
1009651
965390
13746790
35262022
26241241
25508252
13880341
17255878
49682154
2116022
9875832
31384378
10969921
50923302
20222724
40643899
14062957
8097692
1749997
4310291
8275235
7670972
33133848
23477694
37406475
48923961
32789261
822164
20601507
3101343
24591
1656497
32324913
33390815
28678606
2621705
243390
14758602
21509462
311214
3072928
1213355
2466490
25090526
39793846
57430521
5712947
53468850
6169231
6169271
364338
522822
25531
317034
2487723
7802744
39583493
6603869
27546
22146466
29252
38951939
32096033
208305
22409572
25268804
232643
35973111
1169017
19089110
33623974
8614958
4039440
5197799
5028523
9769425
33126028
3006497
1967785
38749548
2672144
926994
398255
90910
53515492
231353
806023
5115061
850663
20615565
26830137
28830402
37928741
26979533
48057222
5164858
19996292
33335503
48450078
6233953
16039536
251281
6240027
2382908
6142015
17503
52530112
56587464
35737159
9171174
7419828
42659816
33606303
247616
9372096
40510551
26684539
27884892
562270
21394297
40825774
3629053
733886
17476149
13098263
33295056
23853148
24482368
2550255
89008
53686204
1437812
54977651
985939
39250041
36656264
26537491
55912299
55051316
56034911
2438941
41994788
57733147
39593409
2604638
40080096
8512558
36527
28540612
23448740
207009
29055038
999521
27148727
46939774
247274
51512556
6839210
710419
7362957
36081816
14740426
193132
29090677
1785729
43638222
1634245
1927308
226109
962509
2088945
45602053
40288582
6499187
3720891
10561486
4318932
21378368
12198880
32783112
245992
48589972
45706781
24738938
31270532
4297913
11312592
1573379
50245797
3592645
9255882
5160010
718116
23105459
127589
1525643
2741013
250548
1141178
13674692
713059
19328052
34952352
40350924
9161477
26098867
3157572
23714702
16961349
45087773
29215898
6886172
30668489
17183218
20543811
10178819
25014312
23771843
21135972
19596586
3505150
1698170
17091424
34323303
34346358
38703043
238996
56538683
2488021
1920169
1060643
19441490
8496628
40509310
1461015
2925885
1895008
2224291
18748916
44079413
29039822
14200559
31190978
23209509
4301759
286012
57989
481335
4318837
51413253
285141
1047205
42583287
889841
668335
39382736
3633905
226230
6917154
21115465
182462
1838699
44553917
34782405
42699519
1174268
4237652
2090541
35828467
14081905
8375279
21525046
2437836
10423510
12094051
16245947
7279347
23633930
9256803
14187933
14937093
19491685
30385971
39425142
25614536
25021824
10045895
42908740
9082469
23560639
11078534
49051581
15028384
25079
53492300
23887081
30873441
5160376
213070
55835548
634140
58174083
49123213
1096840
55862581
51511707
30873505
40913626
7084939
26352303
42558938
23465119
2015214
42576120
258700
22460905
1321047
22361940
20991027
3469437
58047686
1033182
21517214
18696754
18610870
46838350
35525435
45631626
37196157
32155138
34607289
24685621
1583130
2729179
1702955
35588111
15500143
25216449
18722789
58506487
10544228
53139687
326572
303890
2785223
6709424
1639135
29854384
442603
180472
52883778
21286946
41680785
50417566
41681290
41684966
55521836
32632788
31265421
30854993
12110212
24242621
3948207
18613279
46597469
52980074
11241718
12229900
3691948
50948826
46363680
11358882
40576276
36206349
55604987
50934497
511459
237536
1990178
41776814
11056386
55639999
36916753
41698769
42828242
5222720
50114266
1849137
19142892
2152233
52618454
39771519
39771306
2841658
47626304
35574165
53368524
20538184
13442065
3569067
48563218
2539819
169320
34017095
21036142
921274
5151535
50084266
3758730
49680984
87231
53135263
47511501
41677521
42854294
477269
7480157
17998869
92171
4024849
17666338
20336620
236137
48270077
40159185
4586751
40617207
18621022
9545865
11296
54537018
93827
18421797
399978
15034861
26793028
30322189
21525
8438558
49408003
13039200
2040912
14894552
42043844
1268981
18950641
215864
1483944
10927059
58232927
39995353
43529715
1717420
52010701
1137166
31017328
25327122
53770851
51804625
146700
215861
37968451
23619868
51850803
56420329
16563466
12337040
51851542
3015921
14804163
405414
2036899
19395600
970471
26441929
19501
2217545
11901400
52017691
2990715
5360793
18273077
51803825
51802942
157302
41940007
7725096
34799990
39424913
39474331
3418403
42717045
146342
17857610
8472808
3749079
3736836
3736929
3736878
37759956
2829677
51806625
1981417
1155141
15179951
34521588
45108666
25225226
11159595
22138684
7794998
3114847
951407
53729207
4489
13947297
1764695
1321828
18721790
2198995
50262104
400051
2043980
39230876
41438927
54662741
52721820
31554165
344269
35411581
9301
52357
9521942
8276401
49182508
49451268
2829558
37880271
23328162
2651610
10174019
7723496
21591347
314428
20014929
3845894
55769090
285249
31094752
220255
11984730
57543775
57379245
19248675
5577094
15530283
38662702
36283978
44926804
52361537
27774331
591031
29054097
3779011
150389
17902329
14393232
22546
1053447
224495
411888
22253822
60094
15157915
164953
8390103
35158738
189087
23890494
46518076
7694809
6898298
1836322
231033
235224
689491
7023870
50226436
236648
632922
1350961
26862
45261375
38304
25328407
3346716
33095314
23796563
411851
1558322
4693569
12836374
200977
15404618
26789
18885237
403653
21619765
11413276
244207
477804
647279
6126579
24169694
42438881
7941353
46838285
66304
29564070
41310078
54975167
149223
327443
232428
8702
4279706
49083018
622537
49970297
1215598
24373
477125
36173953
18544049
1344849
9027784
31092
409457
11901467
50863385
41089
8141786
68833
34538263
1932495
41948238
23304
37919026
2468312
53645258
28359586
4941851
1330819
49931215
49976857
2045242
6069126
26282334
2399787
1673722
46427235
5944784
250302
3329031
58875370
22858322
1909898
2536771
34327179
256025
32485929
22923813
5471132
1736734
36930560
56413821
10044714
52557117
29026847
13427432
492759
1105498
215695
34340693
346703
3504857
37195952
2146918
12141252
3129020
28770788
54421
48343386
8877150
39796041
49858589
35627827
46574074
1164
6585513
35891416
2870101
2142
23886619
43470933
34668189
1548772
25277457
5033373
11338826
42042198
14273658
6983799
142224
58584065
2862
58299656
52642349
43681495
57638150
402688
21417543
57812996
57040423
12379384
24571654
1126216
24238010
9025771
57841422
15893057
21577031
59056569
35457079
1908395
195552
51023476
586357
14842794
56127293
48653319
58256477
57024219
16167377
7872324
25765920
33529387
18402617
56072531
2376785
13911207
47580669
23423534
11230690
55843837
253279
54341162
34591537
2884728
658223
5389390
1456626
27759167
43480298
37291130
43688273
568967
57222123
40888645
50285983
43097038
3280462
361157
1355398
40257392
29955894
57318939
13494976
39182554
8160211
26032317
290634
56024845
43420196
44628427
52649487
5477824
39177819
42581062
30306484
9124629
2934910
821197
20756850
8205445
34600216
9583985
996026
15893225
16300571
44104564
54690679
14760591
1563306
39278567
9536113
6596
2840305
19835689
27928333
5421193
2368264
34641430
56900114
49316492
1124646
1065253
16934252
36298401
19317802
43342432
47332350
183503
5837233
37431577
52036598
253284
237629
53644736
34413019
33623429
58005561
48791499
58900190
2730882
6338699
25340765
44718002
27669989
43306489
3827197
25264546
30667214
10136
54575571
4832828
51885204
54683549
485226
11306
8703473
2710755
1028978
49180
19835615
11924
35685954
12142270
56586969
58747836
50336055
26424742
50672378
1092923
55443695
54073206
21342168
58651338
15291723
36831006
40196540
53322329
2932246
3907217
3070989
53639854
2088095
24241139
28803763
41644056
54008163
23997153
383162
2174928
43591208
46222904
2711317
741104
8514669
16070200
21428998
30729045
35456221
57690733
1499475
37394465
23048428
17188
43249770
41555934
18313661
610757
28443302
43274058
1377612
39903059
23762260
5349640
56391079
54329238
7539196
37447771
48718351
24870679
57265177
49082762
238725
45567903
53587467
11920671
37044578
41780237
34053961
44195492
6278094
49294877
39242563
41344354
11081176
419463
51291103
40267442
2708995
53210461
12476035
33527843
55690224
31068176
21659435
50231947
57653528
21652
98778
33818014
56643213
3630374
19208664
2715076
12994741
32856741
8146106
11298926
52918812
20400528
11053817
53673334
46504825
55507995
7879921
22837841
17953841
56748872
58704254
14893994
47336626
3709680
57030262
37339876
24251211
25733398
56982762
58133428
11848927
30405742
43723774
562827
637434
19890479
1467948
16598232
57719367
14659967
19442735
41732818
19614447
1187268
31103500
1706303
43705185
54625345
48760514
50562089
3291080
19768799
35713574
51295111
46803936
8271663
57468086
657145
57932194
25011536
36347200
27370978
3479720
16794474
39083726
6216524
201158
430106
7347241
26269089
4678739
43658678
40647601
637857
339417
12018606
34130293
57316019
33591382
21171254
55725939
430976
47228422
866256
49239240
42349326
47018111
27726566
59021790
40615979
1648132
22113059
23402053
41255201
44391058
52968552
51237053
9460224
17453639
37517972
8795944
3476845
6187532
17701649
6257751
49261
22097436
2714483
3427888
146271
55757460
219287
38467175
169032
59045771
147116
37189418
39950785
39273586
37320505
48788248
46427592
38175404
39903039
39632542
285632
40521592
51279476
35866043
58175679
49994790
36251829
20963512
893432
12347828
52338899
10004
20151345
21026092
28951446
38559346
2967040
2967231
8178308
7134100
55839098
1551695
22059372
1082432
6966876
2745368
14434409
13127539
14800516
46816157
988
2003
3017505
7531564
27157474
33673135
55181525
191941
319888
727357
18935456
41893975
25982115
2614302
35786877
44381212
44560541
27682217
34282681
22939063
179339
306366
537634
21095287
2267781
23290062
43382402
9251
2662556
275330
1860329
315067
43473082
46758811
262303
22064555
30680031
6426911
2490200
1971728
8850783
21554170
49584609
27020037
612358
48565485
182970
48753248
47752176
4149207
246043
52756707
7713579
32237314
37204738
42861322
15878987
7720399
18917
142580
52603511
2118562
474299
2122523
16634886
1040741
43254
216235
37064981
15754385
13411927
47729170
26574134
4329386
15475369
4258029
23554608
844530
40800345
638369
22587246
25346749
2570531
28465322
25688568
30630597
35731771
23308275
20025013
14926951
23398283
1745670
49989781
7692848
17467575
52602528
23080235
28633450
1303288
3966781
38243004
2522130
5816107
37188074
30856302
46112
49901
10833249
33158
6528692
12684524
317524
48778
909270
52363072
2494366
21771273
3019808
254154
374063
15319199
52872721
40941210
13466165
189018
8951253
1311139
48424171
26885650
6515803
3219156
305084
9210345
636147
5584696
316976
25152980
416005
3952243
423729
3485111
46841649
37883474
23811783
26899002
26565579
33954342
21802271
338327
1043618
2041594
46373766
52374403
3570630
31075772
1194496
22618868
27950254
14847186
36479684
957160
8033188
1400979
3864828
9570700
27118658
2408512
50735738
52731546
11650517
51318233
21407518
2204271
455199
57317799
6585589
331170
4199510
191703
2343714
249398
251456
2127153
39079637
10576536
1084026
5620641
54459362
30871249
53425323
32442463
2623247
5098547
1260600
1523424
4402536
8294130
277206
38062185
2026585
1997010
26355793
187779
891544
891545
891548
2692820
8198900
49587966
14908102
190235
49859746
3112323
43741984
1190593
25501047
6271847
24258036
1432340
42471002
38317679
24459501
11888835
48945580
56564828
29678048
16660749
25064
6027448
39126804
49390629
49443
2855778
3406017
38320391
10832908
285313
31899
55945310
2430637
5665897
15428
1100734
901722
472123
35292873
8036002
304820
9657106
21838250
161999
2040766
5594419
23509795
56767104
52806824
425474
3119371
7663658
494094
23632
12592749
15731267
31718
44379481
48947550
323777
21378279
2999867
15247542
2671343
19697849
18410383
897595
353869
4618857
19317930
3747397
12206766
7252791
34708218
2066898
666270
2937447
446782
14486380
14777105
20506936
6936497
47404299
26510881
661652
4028990
26152112
50371622
7211969
30862645
31130546
47006707
1908687
897486
3094198
41205768
3303412
3413354
1019096
54574601
17144896
26824577
1610469
6278148
4112321
5734
3083894
7830
296059
7803345
3336799
49062
43770701
381564
32279438
18421474
42853728
37704661
35324209
261873
5086912
159231
3841944
256788
7366
2502980
49899
19091710
9919443
7277939
411887
11702
43627347
1089521
17157119
3512498
231943
20469560
1570429
31058701
106121
3352973
872518
432691
13663382
3658007
27423476
1083901
740780
40788603
41165568
40687401
45280628
26470024
49692104
28859692
2370329
43478305
49449257
972079
7872153
58893901
49229254
22140663
20009077
11157271
40428462
7997813
40738710
7183423
730932
53690
40749890
41336070
41247442
40249106
40667954
24410331
16494995
44996080
42378289
51251203
9528195
4021184
41336366
1554120
39331594
15398359
1664254
23395028
4040488
34620381
34764084
20920198
23172237
23878551
7802410
3937792
35337419
3394750
47456865
22366816
7427982
4763917
1902685
5876878
4995296
4884565
21076792
41643257
20981177
2010310
2167134
20966594
2235095
22810
14748244
5158252
26530658
632986
2756852
7799939
7799873
3920679
21298533
1950353
39264
7803201
42947624
23729428
14342182
20928234
34290961
9425827
2509366
3062599
37857646
29726755
3989260
39231357
2354244
150287
6364389
39240813
17919602
39231389
45273
1418498
39240539
20034
46558807
24121010
24826482
24829
43339179
4044867
21682202
1047605
5987264
23290990
154851
39240536
1110903
30461
597584
33068494
46099
5036
45544774
26826023
24231314
154163
9638
251277
44168089
12042283
14258729
54663684
17967
4000482
30822761
752836
97812
46095
24082992
22606419
10782759
30556559
1287236
17209272
42242134
12916916
48398
30669047
113365
1666427
779493
16737235
623166
44003
9534
16729398
1397875
23658801
24209
37940820
16089082
18360358
13255208
37237169
16864467
22130727
10145037
2640086
768817
1649551
37522784
240889
29962874
42610931
2159690
197055
45312411
55275532
39200070
34967526
11446426
17389946
14018671
21312317
16942812
48198256
53570017
1347348
9618570
10113304
26993190
33770991
31705038
7175817
23283656
9346993
3267403
2352727
37774859
1151577
34373972
29558261
24850823
35467629
3737430
18792699
16962881
32561659
14853918
27938725
6153215
161513
13064673
251323
22433196
40967465
47953222
242760
1059396
46457885
19472566
13052166
44979781
38729087
24231736
55003162
41420328
39065138
14470897
37205195
13412573
35231246
10112643
20684938
48631660
566231
33107185
24798505
55911046
30783246
10181674
1009030
36188739
711550
40758039
21664991
40095131
17526284
2694761
53265936
14903435
2255858
35885810
533196
5097563
20130420
23960844
9734624
2239197
18560708
35894040
32316519
22722870
9325864
47706006
25081409
1605494
21067104
5317999
568631
20287991
175717
83932
23525212
10103051
3701475
36064871
5316594
57944779
5131592
599917
4718632
6331719
20429570
387403
4849201
454024
5241800
49535
4552987
1776590
31428926
34022094
1335047
22542139
28495100
657858
41129520
1316947
2033132
69274
7973164
4315132
27693293
2210835
37774663
4807288
18589482
35982062
941613
42938624
5289291
52763042
6226648
4643899
6809062
6809196
6812911
7403
7265847
30950412
6455155
302812
33710315
39293555
8331352
971922
3174020
32029075
1957465
40341188
5430832
9274813
1690245
2219115
8888
8208639
613052
1785024
15023504
1087977
20539972
239803
39369611
5424970
51053611
1166387
44037637
29150377
7082881
11286213
17181902
297724
18499038
6082997
32197396
31982810
3127492
70402
14153251
10840393
22810412
4226525
36228151
54657635
17729643
172270
6852602
57651406
21659985
53472
22751270
1094491
25921922
10769998
14530447
3232486
51547415
12811840
2768467
42979524
376897
597564
3555532
4537144
7523694
2562918
315084
11535778
1506351
36076964
433584
569840
8666821
1534578
1619306
1312770
11223296
34580694
27374402
2252058
168907
612291
34987714
41175367
2315029
72197
3657390
26791361
30210829
32099529
22649
1647173
3522879
1586691
48860259
649382
1914845
7330954
34118956
17473376
25335695
42994803
264936
7652097
27500812
22884719
23483
77933
9468719
690883
53953041
21312306
30035631
2685819
21402758
1805824
6428526
4173813
10728155
57764472
15676230
81520
2308722
42699853
27509743
21397214
40740793
242682
1707270
23416874
25269475
948900
5442380
294793
32251796
3975854
2308124
53638298
3111057
31297361
2212371
14966929
2711536
17817055
43669554
42287389
2242794
15669613
34781198
12594834
1053995
569650
1038051
299847
1415022
1675648
13730613
15559385
3555539
47046167
31508724
48917358
241851
3742793
5790286
7843744
6834594
41048019
1864442
3499728
14369471
9017838
27920631
45118541
21280496
4236583
32172794
273831
20123855
24524514
17311532
22771302
22771151
1751707
21372915
7390
31525918
19626326
10138175
32200266
37209664
65974
8737046
8738430
3596898
14724
3140575
41817543
22771176
10838363
6774674
1825828
2451190
22771067
12666941
23954859
17405545
17736129
32883462
8763163
51659092
565176
25062
23288
3908644
17280766
24364888
24747192
23761626
24157019
20941708
3064834
401340
24142626
29002354
47472118
18194609
34060450
8829465
348511
435180
39331513
5921
163390
10591
21244096
18994087
618435
477849
316058
41955302
27361775
21724813
31988038
22425170
31936022
37286015
31988263
45263867
22395148
46209144
35726317
45030904
22480938
144246
2220735
19515399
30895144
1290582
383237
2092693
56569191
948126
19645663
18935201
719454
306346
617214
45567299
174068
163204
845293
407563
827647
4289717
8226746
235918
306673
241909
83464
2983543
7679666
3175480
3156360
7202631
5153033
316025
340774
362011
2496310
24916050
21378217
32575676
26955647
199051
358490
5144613
5215125
36634331
181636
25001123
58369271
290842
53129054
695978
55985416
26208013
35572784
21461762
7753430
27475941
3722964
32566221
229063
542107
3723028
36369116
32336744
6989411
31648007
27117376
1886954
9352588
11582786
27445304
27444791
8309381
34120871
56649937
27116068
5823196
5851541
11582751
11582775
29681236
34366749
48307503
56847950
30810168
55185397
56659426
57379430
57966149
1655285
56649578
1097251
38286357
39042548
6216280
56658191
59005925
37572541
18334122
34956846
34827588
32454746
39862359
4111966
8706105
16679140
34086728
41164645
35866900
2973694
7786114
4114889
48609538
34987655
6913109
4454360
4192168
33289249
25345781
3717762
2806979
2303807
35303254
27411115
29431821
23919481
4280973
40983356
7605762
34892742
179013
5468000
1017447
18410111
1287255
19094445
19086579
1031293
3835661
1127653
8805917
41238155
446184
34381805
3842554
41240362
93566
2269771
40877275
48533508
2266452
3146035
896843
21494545
34487010
13627236
28487068
6224065
12641965
2504255
48061429
43106493
14209208
32630109
5829291
34689015
10095688
5885946
18328662
40622775
39086072
21803494
3835635
33015454
38653311
19089134
43156336
48624755
667459
5709846
314708
775985
31603136
50020
11896446
37894683
36492686
25768195
14679256
16232423
57237371
23921833
48191031
23919860
13498997
3942054
1783740
56396876
5750673
30237309
34864435
23836909
35240745
31457701
40640761
30711861
39807
530693
20156982
14236625
23920017
2161615
3737625
884421
7667819
48446091
399460
11256021
45451212
9131689
40136726
5951649
10412884
781006
45431602
11531772
7476564
30020699
45325955
4254735
448370
1982127
25252036
3240079
47796182
13605305
977763
51614
2201851
12259106
29567568
285549
591638
10638474
39120509
159526
7417699
28916015
41461151
47287685
10305994
54444880
2885832
10012638
1555604
21378333
44605851
2453547
9078936
26446891
37090222
2867114
89792
285544
23266996
30865543
34019395
10324327
16657200
23943446
159554
48280285
49026556
11860888
3315213
43116037
41469307
197179
1242027
55008561
689628
208144
246891
247414
3556316
14322444
1809113
14308145
16264661
12185843
2051798
4481195
8906036
983601
917868
1826033
9435784
380406
1719952
2466507
17077434
11797804
10485277
31994535
32639223
39275628
16759434
1266596
358999
8366559
9549311
51388883
6908619
18134289
13243925
1996367
23658752
25429959
181592
58915267
2007
4715998
1074618
9454590
5304481
252969
21339283
15398744
1245162
1621715
39250763
25174869
6920233
38365010
43316934
21147
40330401
24236672
433239
41595317
33185307
28498
51525633
625161
46793093
1170065
1169845
52687491
37294273
5106007
30991666
19347198
14541120
1577010
14421128
18800923
1423677
1767727
7016721
11454544
31127943
11453554
26240377
38223205
1285569
45197219
1704142
56101
4414154
9594858
38999586
50076185
239953
15206066
5529328
20185595
14660345
9198066
43082197
9995140
41139002
325028
5168910
28372485
44201934
8252674
491865
555979
1058899
20426483
641055
2952353
1530689
11588956
3064022
530256
881233
144793
6879220
20651606
42371992
24340653
70432
1201306
162791
105979
1844527
470843
1255277
31528719
53403353
255989
19310677
369116
230946
899881
1710974
369040
7536395
853189
356041
37403202
3564042
5314188
398416
312648
169319
47353
53992656
147930
81250
6501070
2384021
12192781
996630
12155645
12310990
18595129
1586182
2448457
45635
603325
406281
33426
42271443
2334511
691277
15690807
6258906
24710172
393404
24118302
50213
56971472
29174
1742354
238966
23953689
24814142
43053466
100511
986909
11754194
7243319
182246
315019
2216909
5742
50371037
46288178
2264014
304393
26161560
46206844
4611451
38283
60832
1245870
10440118
23713951
22384287
19577021
4302198
9936323
22069130
202758
55073794
168931
2237791
32045998
436607
2506278
33183
1502660
512045
15331354
58989245
48219196
54747586
3354802
42594415
22553934
1392096
46439815
295610
42295551
55830234
8544676
52148295
58634618
48724391
36161211
44389557
11408
33016456
53029912
28629308
28153604
46799742
58864450
41812810
41813255
54102442
46433479
38824009
15702045
56000450
40793147
57494481
47665171
42412671
50188765
57494486
9123889
1940754
39265626
38846583
186322
13238864
53246456
20291651
573937
46907915
37131361
280746
52199210
1841990
57117490
46986161
45241516
42304214
25916838
57546578
57988439
55551931
44598343
644554
58519746
58112566
56682594
36040332
42888252
47986680
24935549
56220326
49769402
37813467
37761204
57284022
1306405
58450904
49644346
44561755
37056
3576086
56767518
41303269
53554
47751845
2871881
24961590
58360911
58408704
57991428
42873759
47751868
1713046
34405259
15827736
2785710
48765193
58864551
19516651
45616268
53869770
12965084
24841877
52465506
1358764
57296120
57295477
57296100
56094132
2727079
445022
21924280
26378079
57768170
51810584
43094
240046
56444079
8751
102435
20483911
41154248
2269886
58652270
49797635
4566516
8399621
44552278
2685746
240058
17606865
39261310
45637458
57130362
28754058
13245803
28897449
25325865
2000713
485688
31957938
13737771
29880756
301626
19337442
303378
1938450
48662692
1823520
19460748
3924640
4222651
711032
162688
14065106
30283295
23929145
303351
1404963
31159694
4522976
6212664
11715890
66936
44819486
17846
5171128
50568436
19904525
404649
53051624
56743712
55206108
46301538
2945
54279316
3582654
58213358
66935
41714754
32933518
34995864
31834798
617190
51379465
1610148
6926490
49024409
23164357
50757692
54218690
13427431
25124481
21564683
44645600
58854889
43815459
4414271
24238990
392689
12834086
16082953
49187631
26729461
28115437
24240448
26286832
23471291
518521
3223803
9893168
11941202
149373
1362670
26552146
19521974
5670502
7350670
2655083
2655392
24618392
541067
1006863
21305887
31881841
3587807
49062767
86765
531217
5966571
7756329
49414
7860110
3988708
27400699
11204265
4722531
53165774
51568780
9975050
55992515
4722257
49399
36277151
4722405
58506538
36641969
4462892
156858
9128918
4545
38170
292314
1409995
42730851
45572242
578120
18576261
148991
14290366
2374919
568649
22235251
191892
410384
7963719
2849636
22928909
4474499
51957629
601836
35486770
1067554
12762115
3703419
25078285
24548445
1828004
33686828
28454129
523195
586629
1259693
9219574
8489795
20647846
37229605
5015503
46963
57827358
53573397
41646174
6886481
437080
5682984
19196455
57319424
140642
25062249
5575722
1321151
2742309
3342004
8515411
4904138
39402891
38053886
1774828
28428034
1350096
580715
4107544
595510
870356
83019
48555270
1345815
6010875
38052629
53006142
31651545
113180
14811988
56553010
3545884
4618892
50051138
328801
21032920
35857483
797291
37248352
5810755
348375
28431943
533265
3776540
1103986
31779833
42866511
48729747
15332832
765
26754165
38393143
55867971
42767013
51505200
45526803
53815899
51504838
3770083
34569610
38978504
49692832
42102863
1435066
693370
55091059
49238159
36859663
55317549
58376
53992531
38673678
59635
38847538
39356728
33038195
39379431
52987882
27523125
1022287
11725949
176760
39567408
42628556
43713996
50066569
52111558
48373223
1703917
38820108
5246067
9002010
42510705
4682892
46205347
53947610
20417018
41455673
26940267
27065823
39428296
32780718
46591783
53824360
38752343
41046196
14234903
55839718
55398305
9928314
252622
333614
1599810
32567501
24849606
12259226
52255545
47275784
22677670
14022221
56922158
32553497
27046534
14191346
20290838
54742946
14655125
42648401
44916886
15500410
2690850
7931966
46782188
39390691
32565609
53805573
47584564
53159401
43907097
46359070
5807798
47418754
1936551
26610577
53559957
32490966
43089387
52898110
148979
40777897
41576503
32687746
54000872
54066808
22902526
16368719
37818996
218407
26973705
731637
17602282
4818168
44471450
43677697
35294940
49387044
55811551
8500280
3257715
35552352
2279544
38444556
35424118
11214607
8086037
11960636
14462896
57374176
14457458
5694046
13200141
1947787
26491558
26916262
27200925
14433622
38226601
34343651
26557726
21425983
6698584
145439
2464021
37166702
9732183
722082
4758272
42216894
7623184
36414000
36793560
20236136
973368
56884062
50885567
51418643
39214331
26289626
162483
4775121
13853415
57354478
43797
8723772
7220469
48551154
56703375
53035974
31155255
733625
6756221
42512065
292107
5492268
36634448
1988622
411811
292103
877196
18726927
19045980
716511
44722116
44491326
773954
162827
275206
22182053
15442085
51892376
3148674
1406928
598085
26378096
750467
34307592
181382
2382729
12590864
15716827
36017435
34899099
3907601
42426523
5724494
250906
42390483
41669781
29792376
10066442
51002645
11056603
34922473
11105833
47023917
18855467
9620112
2269502
53426
7676734
2084265
216931
5933039
31598237
1375531
30871833
47450863
39036992
735805
9788270
3829159
1657551
309457
60600
1726718
33130852
7984526
11762003
1585406
23764714
40823
7096353
15581374
30114967
20094800
820724
1802422
602401
47383763
20126705
2324714
43867843
23315269
9465204
1252549
40612303
27582686
13431137
3666033
5159915
2759248
29630590
2534789
33148559
381100
30659154
657187
405919
6828242
17378052
35618360
5460807
22618579
57654433
40031725
49091
47549038
3211035
41071415
24133911
21425480
828436
1088835
8697690
3447877
38350839
13821694
9493857
34198843
26335058
1032254
29468
3684992
10714141
4040200
3170243
21406724
16810892
1745691
9465380
21474044
330879
56517759
1668141
18638371
35322710
47007468
5789285
28354578
1438860
33997775
42780534
36752461
25850664
20427794
17507934
18983683
30870527
36278887
46393916
30872162
44290
28268018
49354519
4302390
55770312
57111064
627040
2312372
46849557
31541379
17271357
41601904
45280199
41171096
20667284
20667422
4228914
32320857
10358245
11886605
35690430
449719
12483536
2415673
24578359
1830364
21756867
52501242
53250430
2421486
10787047
20667454
366418
8822897
40011866
4274087
19454609
5009115
1843611
20664481
22015902
3996523
23432343
10636569
14971322
3680074
48747896
407749
33941153
8492122
56366257
10193898
4851355
4851475
26753
36647223
57430740
1809910
5357085
30458436
51333212
30550620
32681
46241024
18950900
256560
46588607
47221410
3298487
4122370
44500746
1813153
11199762
12895662
14914864
4838966
50191300
13298130
9516940
240382
42840857
4804295
33085816
58922490
28663230
26121495
5949300
1926571
23774437
4713452
30786862
42876620
30939530
1630984
26176094
28806491
20027658
9149761
16759967
6996652
30320952
1082608
33184007
339916
4853498
3740888
49597601
8072954
20033730
6014889
49977006
13263789
50335578
22888660
5278
240666
195708
2079605
11933276
41147500
13454250
17428713
50808708
34956453
423511
25002136
20685199
48753513
7772807
20166665
10823358
26709567
9575279
33010193
32767169
2904368
16673377
30255935
239470
1330266
266204
2903033
1132349
549000
41147508
12853423
234189
37707816
1035973
22898269
3553034
19501631
5666273
858665
49239531
245529
12698874
2851362
159908
2585882
7479969
623839
5304539
3800060
19219166
47841212
22809904
231458
6877922
2064238
497852
234194
34037730
34359269
34342984
34036629
29358713
876132
234163
523203
240452
10135822
597229
8578048
234169
239850
5031366
5909011
7216047
2826751
29275813
2770307
2078933
685912
792694
38227448
11675243
43165567
37413241
10414396
27054
56585049
16407659
24459809
1647989
41147486
11890046
876348
3829238
32252462
17117300
41147491
7252992
11276152
230404
18935023
15673153
1219008
20978469
12532512
8050223
1555022
3568250
17104801
1606714
1558621
30874045
43361800
16153473
12234717
15925261
7943312
9209488
1794945
41250
31314287
80479
9267751
2950949
4009786
38633473
71898
24485224
6679480
21078192
2868014
43305196
14092434
37661437
36339709
6570995
5630036
1850719
28054386
31766373
26964279
3341779
23455335
422994
6754772
39878
2460393
16752353
51791
28278320
550485
1393070
38132270
2102443
30873352
6085141
6714961
38365359
14559427
35860592
17657711
1709187
13214553
50210206
23245152
23280471
23280593
58342337
23280569
23280713
2901594
177066
29732419
6094143
22048289
1971496
611421
1134221
1134177
9248918
41758080
8471452
19336673
3121621
1995749
7349167
1116553
1116629
1137868
1116512
1117386
612446
9675395
14725773
23158867
167052
1114249
619575
45544700
221917
1491462
5611796
40383376
41490752
3847391
5878395
1285457
1031810
23327774
38307368
193292
11167812
5321778
8303733
30863669
1310723
21974
1064013
9346539
140802
25464184
730796
40662181
15905399
878926
35168650
1490302
486786
812527
28936401
58013521
6585615
41872647
1108858
42897194
19970444
8225223
4040152
7349689
50226657
5253397
32957522
3726033
2237748
23812915
23530592
23812886
23813991
23813791
23812951
53579643
18732880
28054393
3304654
53525813
14034408
1135168
23941015
18790468
627405
7600615
31115
429884
333697
13315090
20433075
2835541
9049044
53700
5020664
1300070
47817022
40637476
237221
25175562
3184080
51646807
50217086
13650168
1117405
730822
2180259
422592
54381240
6410861
3594557
47831477
38799090
23854860
9590590
5207311
31509
1810049
861432
23048153
5034626
9619859
5359189
7059203
1800277
14420622
564374
54086298
8136728
30402710
34168
6942723
284770
9022539
8189114
50237338
11353293
47967
151617
13842515
539717
8666284
2004122
15296768
29701598
881518
44253927
27699321
8165183
316678
47143238
20792856
20783639
47649470
4765142
39493280
879900
40670871
1625328
10218632
3752817
13670513
46832709
31219784
66181
729762
40554659
6131445
369603
2650801
43359843
36090978
12008039
14278504
27172704
5210835
3022819
19137505
15187904
15185373
2677279
5913182
4227497
36611381
55181911
57920307
7301861
55745125
55597699
33661681
34444347
14062127
48400820
37706690
40361983
47971613
2083937
56828753
22329063
26181694
55182565
1512337
49258250
927470
11842179
52393372
30018200
3035490
31808616
32323518
943649
31334891
32113779
51390060
364578
3445672
20840892
16031278
41707896
7058918
7058984
23081595
41062987
38815848
5196002
45377379
3650656
23561955
35150290
2013154
38821954
2013202
23759436
3280431
25813173
49392
20903583
1563476
27175344
1520865
32453192
4751083
45416148
4631194
2338892
3558732
3671749
3237191
445639
58886578
43767167
49444
469763
55883587
158479
22263704
27277250
58814719
31802
3659532
2259738
22648231
10348349
46568643
1633267
33970693
1653
11103068
30211323
30872955
48289513
25169060
72214
694630
14449068
297681
41421221
7240449
1597743
9225767
6076425
10015912
23947175
18485693
149224
6357156
304586
37407707
18208491
48880810
23415548
34517425
924166
52807358
1224643
31132969
1571038
289505
51317578
23523799
5637082
306053
811425
9827339
1133408
46598750
37328605
11931879
748629
668610
641844
14449800
8790583
1660318
5360376
1566180
36929890
1749994
1305330
57481216
57668166
57465584
169496
57465674
27810836
57413080
29656665
13536966
1459191
20648200
7372596
46417962
10907882
20823163
194624
56903794
2287742
52147032
858784
42521522
1412857
5061252
30875801
23278339
2487270
53308856
1343424
1874315
50144281
8413028
48590347
962373
53750371
51520414
50017068
259349
14540045
3138671
36907837
54849103
48570131
410591
17422
8164468
1896323
56276011
66422
49214959
952962
51567679
27129695
50313649
43824
203901
49427150
3524573
33984
1112192
505730
58644105
3332155
1139419
4543172
55403976
34692648
51851097
18950825
7143850
7143848
8938137
419808
30733371
55375713
802377
8882068
24764487
4198908
31728251
46201285
16708776
4650402
949755
3613629
14599712
33033431
3838490
3227512
1660444
4603296
14092894
26166967
7223072
394976
4603430
13569970
11218129
43070186
52081281
38330715
16338211
3022106
3609533
325080
27387304
3075728
912421
1242932
15622490
19822915
3766565
512728
39195440
1996872
11958734
6320523
28745995
20983202
28666608
8930983
668147
56494966
13009857
5728706
28251643
35304479
29199733
39975978
2293809
52214882
47589418
43275350
13579247
21351751
8937838
4040618
15653245
40989722
33887652
10918021
44383847
7015523
4650431
1361082
39995742
2853353
5458371
48957688
9615516
59787
2494280
58899228
36032626
180030
244230
28175444
13467503
7721010
474929
31605984
19268904
49925199
15493531
7705854
882382
8877314
2152491
1330156
2265392
583048
563144
2854130
3676364
511201
623236
2465081
4606890
4445491
5602594
164260
18757163
5965888
6540851
5312771
46949229
1371319
47826238
28412
1933111
22003256
54894318
44409306
66373
37402886
879147
4445638
8475553
2568296
17288466
50031377
5340509
51860107
504014
8142297
24717102
24343762
32510799
37933324
2511603
47127
157208
3861253
16226748
12560557
48529896
21634581
51240626
11357700
47199257
45152640
154273
94535
954420
26223298
639900
6845279
44132916
274375
43882049
6596958
30258456
8880793
43882452
967342
44540058
29128686
10137476
29908016
19745446
46892
18497
149183
175546
13148453
19262812
6504319
21621618
36984904
12661325
188520
22788341
5871010
46893
54603738
36100844
28937240
12478149
30631716
34814043
11973
50901039
20290183
4015968
24007962
10002831
2235517
1069134
24236517
5524000
5505463
33092743
3060346
7500342
53024832
32837210
56440954
1138112
2111998
34051540
513299
18095710
34038036
304046
1284866
16014861
2799389
49943331
11195
37259787
25249075
31914797
563664
454640
33741100
24420371
56122470
57922440
41113085
35216067
42779417
33971660
56022408
32685075
24317638
58716852
51984
9617883
50775396
7766474
2079982
30872390
58256128
9768792
33092539
652161
54055503
27699
7508802
2076646
463251
17062684
16852047
23833499
2638556
17604930
57182962
52606181
57981408
36945138
20430891
2200527
10846613
32994570
4582386
1242496
14048428
1409458
31649474
8130273
888454
7991606
1724723
7991247
11445
49215811
40669330
13920
19429050
7931834
7931872
39411459
10293988
7826927
1169386
13089111
47034860
40362569
229967
13452960
24342055
31728429
22427849
42369231
7453509
182612
9827
5992961
312898
497433
11624402
40045949
497380
10707241
49650283
49333
1440697
28344314
179382
197082
57834358
25834175
3135714
385897
7951643
618928
1359904
1739382
44324527
1389700
46401819
5965191
1893397
19233577
4292624
195545
861713
42056023
149408
5733924
33096468
57363925
236685
42209727
6821306
8155588
6319249
11152729
4069497
21293092
45047709
1872139
11543449
31344750
37538104
52165037
26953783
48219041
2347550
27294380
4479102
46776761
8516141
48864900
49574937
35072663
58832227
25801972
4763828
6999498
17230103
8837373
3311755
2344420
21918990
511109
11468242
679939
53418871
1068697
44646448
48497906
201140
45079706
50822029
9753332
43775537
9754320
18352036
42044653
4595373
53947901
35287503
31696992
50446794
32383423
50710219
28456222
17337527
35318437
57547002
53949218
51366526
57867834
39998519
25873579
20816289
43528286
42504507
26923910
33768770
49515583
26905612
36099980
51078870
8977400
43496815
33363381
21991755
16839759
24346983
3808439
47481907
53734826
36281800
32484761
27165
55103546
44041035
36914733
22040632
36158001
55296459
96908
12927776
57968711
21706158
29098205
14130977
45607376
57400819
10396322
56933157
9417291
55464053
12454410
13258879
58417595
5868223
14478375
18004715
21838694
4182978
4751938
1051958
6180711
40634960
41608207
41456626
54051499
51816995
53073700
51706798
9674519
23363890
15226
551315
25839607
4342880
55136495
54228447
1108803
334322
14347487
53960772
53827348
53827347
1119737
43247711
33703185
8132359
508769
23385837
10172453
11365548
51552637
4439786
9289253
11226871
38129957
55991112
1917091
3203153
61106
47407
46977496
42425747
358412
6090994
1727522
19827873
52208104
24878360
14327816
28243166
58467190
53227579
6896458
1745221
7316314
47074213
258890
1239560
803752
50023831
39074677
1034502
908242
61104
285057
37406130
29504295
22034629
5305511
2248191
10171867
305847
4594152
23689177
53490934
7486759
13412570
1576872
54048832
45419846
40626443
475061
31711652
2681563
5647241
24727
742515
42774630
860964
22904010
51366402
60759
405559
31538645
19686537
2213136
33339058
36101052
583007
18754555
2270378
22135226
46767198
392816
49696497
24894509
2665802
417945
17582295
891132
35754887
16588491
34556628
39513173
24933046
25695287
2903849
23131109
36584372
3646814
43488812
29018074
23488278
3031111
25953107
44350702
15012
5316891
38885648
17658686
17895871
1723263
22553880
13763182
52569598
54639892
51542022
4799454
8864158
29344898
48259730
54498179
37028055
53307142
54845163
55963783
8734632
178778
2661683
10909553
2646438
51401913
4197029
48441126
3221214
33315750
38361644
47056183
8988747
5253346
9496710
25418239
321175
191829
55097959
455212
36993148
25996859
42657193
19360285
44044572
6151042
44163047
24195739
8901553
52680815
159040
316868
43577836
45030482
11093478
13329899
10612544
55944040
55932005
11443424
55932051
55932134
28696353
32078634
43654894
361024
3651525
3707163
56833314
4285637
1585519
3697020
4761287
48647986
27996531
6731208
20321618
14079773
38754765
56044982
16515502
28999061
33501417
24631335
10119658
42903456
13513485
2915521
10353408
40522126
52069151
8141840
18605898
43505026
437868
10118412
38466074
21176071
3208711
17173848
36799260
57377607
20910757
840063
735854
4051009
1280078
1532920
26091474
35994458
38667895
1926932
3114478
10007529
42650846
1970368
51439308
923028
55776545
3070577
3366202
3910148
9708
8932529
1849183
55012645
35878013
32798033
24220290
34470329
24240415
44617040
13909910
15434780
12839399
3079783
56067103
13909887
1569522
12456944
25051739
12343002
5037252
3703771
3553645
9920258
3105963
10382853
544127
44991176
32039916
26298897
31203014
3784533
34597268
24034930
24083702
164660
4296386
4543340
31721414
51405486
40052587
7938097
253933
44082468
35470386
9482361
50876268
29646285
15956768
52090654
31510359
21084397
19273047
24084424
20280310
4271320
25406585
39565
44157192
57230890
1259992
5885793
31730306
178693
1759952
46667114
21748
58430148
18624823
881
2382358
2113504
32390160
419068
38802836
9624965
38549695
37178542
704804
55972086
23700342
14690776
6836
42765719
7856664
1352048
407380
29613859
708258
12189319
52133832
11054
16482552
45694613
50781692
62450
4627713
207723
38777061
33244271
173190
225153
14577978
16066160
39770221
54044492
3360763
86646
3006762
503474
35859459
2350495
35225684
26208635
927330
2307316
36508767
2049749
21583
29305513
26922490
21304605
31045316
48755
26482249
43456622
8907680
24552
34951626
3467877
34354177
3737120
6145996
24189839
58048526
3378588
26096
38093006
29269
286527
57259369
6729047
41698925
398317
21627
2023819
638664
5223399
11057027
34272956
1147787
1985951
58326511
166280
3797414
26157189
460375
19920422
15178602
45295514
37031837
30455953
313027
27058661
57114389
19464350
603198
1362438
453503
33542918
973194
8031450
420880
9847566
4156767
16070714
30076363
49234873
2218459
1464955
38667945
3399112
2647177
627596
425757
1270879
5120562
4887755
13731897
16881276
1821092
24343129
1285090
806434
38065041
49472970
3205063
1230529
53535011
24724
268938
42565708
5945565
18880184
65786
26868975
634008
39447818
22046752
37354852
65426
29215513
106544
40669373
354224
42869603
2002497
47368009
32442269
374004
37398011
53051239
12748135
3559307
9754701
2864205
45635243
1709031
781460
3644560
390975
25024858
860333
5230353
23772325
14428725
3974879
19943944
990353
2566817
1826870
21174902
467894
9780169
54081577
9017676
26316
165449
25613
41556826
292230
51104695
17310760
51103884
294165
50806
557734
1655005
475233
33178
650704
47528451
795050
50179574
26619916
32756906
14196178
1808630
41373899
49749599
55867774
36024828
38327226
37332902
10666500
648470
7521152
46660289
50585142
182369
24643366
26128578
191383
6347537
643422
4571402
52853172
12187328
36245064
56831523
913125
13689395
6445961
53869104
45309329
10847832
39498321
37688076
1429917
6573959
43441237
57516008
52168015
49418397
4150342
20686116
47827278
2081132
1078
3133969
49005
15752931
49436772
1003282
4279853
19736695
11717202
89708
54514461
43024825
40172429
52387185
3103542
42090151
52786633
33453708
39293123
11196230
2532528
55595932
39264181
57151052
6413510
29753805
5975230
61098
21434514
46597734
8182743
13607524
22371104
45099781
2262294
10912000
30821725
12660008
2511827
1744986
44659639
1624556
637623
277267
25416432
8119439
23936857
13547
28481526
37620041
866522
40324800
8426015
2315129
9337359
5342983
14059975
14895538
17171020
30139090
36872435
33350819
27096425
58126720
12426050
42254500
13700748
21992766
1155655
4080953
6727352
27096541
37264391
675582
19905751
35041820
420017
32319731
50508935
23640060
1239866
43572941
9838120
509880
1578040
3673250
55281907
6487512
45241535
170945
14552655
28855738
911131
5274133
45241553
56314731
52723963
50189349
55256377
6250226
8592043
58884152
49600441
487090
50227895
972085
673347
3198603
27992
10298895
3151107
39316582
30865341
3221433
4691907
21017942
2683931
1540571
10199885
39963351
38912070
50186794
58001723
58718707
31074334
13907765
37767093
34141
58835269
1474628
11796169
868284
17715275
13325909
35297146
1260894
165279
13895240
57860354
15632774
58846
33526930
3042025
3984395
41280590
41247004
41313524
585379
41373315
19641673
15809144
16044009
23636365
12515098
17274439
41604792
17731795
6009444
37274562
6186809
1635880
49205155
48811351
16206106
57255155
955626
15534388
144732
11996900
48844349
55473742
55969138
748253
48288668
1989067
1941240
5110833
48383454
20041858
35244938
47657283
32976532
47768115
56418397
54779004
44470836
45189413
11124948
32160021
56657636
48383510
68821
18616580
25659047
55914584
9472711
44549133
28141903
353446
7455253
1271947
42632230
32036469
32105383
36749762
10196558
32033885
43920297
55542260
27440639
3698914
42605092
42689036
58926102
39971263
30145389
12612736
50228302
1354653
55300590
2377959
52896587
17065226
24144095
3205335
32069520
2364390
32106380
53645073
51113456
53018232
9331663
40197728
44594962
12914063
47112954
10690131
43496893
42406993
12751414
12438642
5792764
29602837
15422486
706186
631216
49680773
21041715
52120592
46464993
9383844
39698797
34897407
56297812
9935054
50609686
2834
41163199
47328238
1813235
41109464
32099418
52536379
39302575
11294837
47849771
46440600
36073344
44211741
40856186
44918902
11502551
53985129
54005931
54020704
3523938
42882638
607433
286968
7688348
1274916
1948780
870607
513063
10230791
377257
670380
56504
1151410
1095076
4904423
250843
19245773
1955555
10374352
27307535
3182969
2232012
3878701
27146316
27892357
13798888
6859470
13807736
14005508
2483304
35802317
4319079
14000725
13852290
13990479
13849806
36113416
37510889
3815019
14203084
13996695
13798365
2465992
13993211
13800409
13485264
12545276
20789012
13539269
8511378
39837580
13812379
13996648
1551616
23384503
718269
32114641
26248050
48073964
296257
17410899
17411556
19514938
1832825
42375081
58961848
2333711
11741234
11746201
13415717
1558436
2995618
1774452
6257859
10054973
53565441
48985338
41102344
523714
22255742
16034089
25081545
6375279
963383
24283981
25081966
7894960
4578860
28169318
25770422
51665840
28827271
2986070
2072416
47726483
17407281
23290402
23290428
11311892
32222349
4284936
15185509
6840908
4598990
17125753
9974674
17407307
7744409
43579597
23396252
10247416
27879377
30874753
43574732
32171777
187781
6933595
19464335
27879578
11235634
5902757
17407086
12478981
3802245
2871348
28015695
39936092
23276810
23276824
22898894
7322432
25885773
25904580
32434128
14688804
209846
1340538
1341004
35587575
36057278
6639878
24976720
10382620
17262930
7333494
9612285
7319426
1784374
7193378
3463494
26562246
31144763
12313665
39555471
11717944
18545163
48679145
31303472
12326906
43579104
46845245
48792338
53462582
17407654
6791095
26150369
28015743
57452077
7144093
3854001
13548286
2574869
949830
806516
31204219
21309739
35809605
11878406
5249121
33476790
43574258
10983473
11782343
32433797
46383964
9090970
43579416
14473045
8703194
15895572
6389536
15263571
4477548
23442765
22053240
6004853
20610155
23613874
229765
25652236
21336073
22872526
1895870
6481144
787866
31310129
30045905
1182
86077
41348235
100574
1740682
86124
214734
86186
43051543
3970330
66203
42379851
1011116
2165190
148342
15604993
43051637
18637256
555165
1139527
9004880
11075278
11239295
86078
47219
26003920
21366269
2362610
86079
1597296
1950963
2092281
338847
57712317
483107
13377293
30490672
7473451
16205
2749008
325917
218197
14376113
774185
1802675
23136043
50926467
3978149
339776
5139158
337101
387075
35367560
3641488
6529224
43836122
40908816
352569
13820104
19833053
30863731
2481995
321887
48929780
4370758
2813951
44334925
16654369
45592948
9305343
145327
13428474
1511596
4332784
54997
5625500
5738226
18629919
28617
40112271
19718874
21031242
1979836
1781974
1782101
2047978
27904367
35020874
49259076
34977905
13087901
19346935
202367
8632
75899
76400
44550240
34238100
193489
18925
40185142
716955
910909
28179
20557247
50888486
46257607
1531335
28944000
47411603
51176602
19835811
46716831
54639424
50914088
24030969
47410026
53863791
5362319
48650139
51007744
727153
27433959
52215603
50840093
50959479
47411280
1979874
52012417
244490
47397222
35893912
52076495
24817139
3380602
1039329
37182634
49974449
215873
648921
28223680
50523442
34237745
8857538
1192770
57974906
35994407
36872257
40868713
40064512
1068520
30875502
1667210
44997076
5311630
11327665
306195
24841297
29443845
2171853
1880706
1279798
1411271
20379620
39312827
40555072
23966679
772732
536009
181658
25401485
7693015
22225168
26717073
42211069
44718191
49980305
54142140
55439510
44806881
55180149
44804042
44718266
13278378
48521509
11211958
44717869
51708172
3727353
1959263
1877026
12601703
43434592
2413659
1838387
46546514
43676859
471457
16061036
111901
3275896
1582235
2560370
16273275
5444742
13031312
31857694
3758892
29388521
839656
2840944
26217116
2410846
24081508
1292397
5425847
53750761
6238796
2616621
30389221
7314515
24883821
142615
35814487
24930195
2410777
9526103
4102172
330964
2283520
24719614
3487346
3418955
1454838
3759371
38344231
6595312
3832332
1130388
5719104
3759057
12652684
704533
3319592
642015
22688522
2294881
27291486
222063
3185275
57028619
763913
3072523
24578817
8328009
19923114
44591476
22367417
1883496
37157657
1212497
79355
112282
3821006
160985
3574484
143884
39490694
7324126
48231180
7503728
2056214
178320
3119545
24883338
24481088
1147923
1650759
748619
5512849
1612407
38443606
33811156
1502135
2391433
23746425
412481
34452
1824196
2165921
12378748
1115613
3355124
15626
961181
762593
23820760
102915
4508033
403939
6133358
1294244
206999
248859
590320
21116439
1478624
53292391
7406836
43117270
36298027
2349398
50665169
47070586
50280122
1038969
41007436
30031019
2276277
44088797
2622490
2413913
1165295
9059210
2111067
8696295
16283
5691048
3649060
29551
1993982
44993509
42785751
81853
8471259
3742018
5767324
6275190
15531413
348378
42743002
991862
26186663
34273353
15666730
1824952
615949
138049
26186757
25293401
2142265
5775419
23526269
42814416
42733985
274095
6081298
4068485
339
868006
2609879
2822988
38072021
1165285
6737110
3871600
3242441
19597886
14736492
4862909
4726288
3703446
42711785
58437834
233410
46428
6017828
4821491
18654563
7376169
2680439
2344023
1999936
35097397
3713410
16019354
3167871
6167375
6017141
25933521
27749316
12864867
2100873
1987010
2838370
40646844
19443273
766834
363736
57691114
18633274
18497048
19745258
574452
18007705
18576657
26199292
9347156
27305991
11136802
15044030
11963665
219257
4477694
1824935
3693009
57515
27680536
9428360
4215185
28045284
13784343
5270742
46978742
1023278
37016994
56014388
1533574
23321351
5420763
9209363
6115025
7799189
320348
28312696
4666052
5800118
1210837
11646
215751
3619227
43149761
5621349
18627940
229870
20520512
3003021
54358724
220602
14727213
220606
1789848
31258263
22369298
8839002
1545985
2619357
6255
4826588
3541940
12645
5570305
1825485
39244492
937171
1604373
8658778
11239937
1340754
22103809
4345152
20217
5625713
448941
35550290
2166309
6583268
38090737
1791102
4242920
1054670
41567257
9427278
10523320
20541035
30278033
25162953
1660171
39217876
4241353
220553
28282911
3740515
48988415
53998902
41887454
8348744
5179641
52955720
358934
45454181
1234174
3107223
3190910
14895319
509641
735877
261695
1814025
1257011
1604753
1835603
26758489
6954096
24395786
12716041
6441165
21489748
13156753
220354
17927774
13592568
23737320
53244708
953249
51003540
24231623
52306262
8393031
22844343
2847
55480629
50006196
46214403
55796794
51695156
49415112
51626243
55748009
54905700
48573794
49242908
10323603
843918
53263740
54479442
51155612
54630740
13654452
52747535
57063876
51718506
56571995
53360797
52268963
5765744
26953508
44448769
295019
54230547
45138441
52238011
43103899
20238168
54735726
56684487
45330969
54970111
58535876
29983664
48799123
13957856
48735002
24234345
55542091
35929161
54604090
14490660
49442213
40370404
7570928
46182370
25644349
51310100
52114563
56486267
5325456
37963046
24036636
2316236
55886410
45017103
51665640
45298457
41297122
48917069
57138902
51709007
56572251
34764942
13474374
40494373
42306646
48088418
50189312
291112
26255260
35991378
40910763
52233647
47570046
1108867
52756461
47022868
41389927
55765668
55501325
2453067
57415681
43080609
956872
210542
17729077
53263726
59013896
58783166
48234016
51667259
52971477
10982859
54954131
52515557
3118908
51220425
55884350
49512716
49207047
10224483
11203963
14434839
28267215
24212294
49506542
48508959
54801504
51467075
7734404
25198681
15881367
4428087
47812921
45159493
6834311
56777978
47875337
53203505
55598028
54855068
55713173
53768121
53240790
54831792
46482228
15215875
51262685
48728816
53328147
55931580
44039517
10713035
31626113
29135080
394514
36752193
46745277
56766590
621391
50067319
36059298
54869660
4817120
10577625
51889715
58569059
36752486
18384154
20882689
46466844
2615272
31555694
18310082
7097908
29776453
9503511
53341722
38860861
52306036
53123121
209715
55143225
39445442
20640342
55787707
44339398
2922219
57922648
34599315
24480974
30004632
727594
2307073
48698787
28889014
50982389
47222814
37291430
23721495
6593555
47107088
1471981
42255549
1540841
30505250
614484
53206947
50004590
12414897
16344393
55898953
25902543
28435131
32923312
10113
16305448
37676715
54022230
2383854
40799158
58550280
3083164
1625449
33629240
29736005
1448442
220636
1710895
56528952
47455545
518965
8522837
154362
13265633
152534
47618078
1007253
53075595
45254
39877706
13989683
4669030
34261612
475706
314564
26240418
9164577
56205722
4263443
1600611
7215424
2672813
27497212
1648538
53526970
314476
20098157
30871230
7569364
50886333
1461082
743351
766488
2643048
39606983
21755295
1245860
2411478
48877458
87338
6878878
27540718
23922380
1730089
26183830
4516801
2149410
42396382
11972862
57211036
8093615
32515260
15305715
435437
49888049
382334
53626941
55249310
21401843
55015787
2837377
146574
57243879
673794
48081863
30934144
33821
4118207
25902548
11594710
52982000
52922616
53000611
53125280
53106462
53695544
52049646
52970153
53248779
53033394
52959127
53134476
48302927
53209634
53251063
53188837
53758230
911519
48303298
51779652
35297376
43876021
24331066
163156
44945962
51458327
26274196
36032693
53531675
2541701
53186118
2184884
1464947
51292018
12812413
2680258
43673658
38210052
14515006
46911592
46911588
17228639
1041878
1022009
1042203
2122862
7921409
9486941
411091
53341844
6632138
1670504
28477064
1373047
1042133
31515791
10789496
54093343
33220026
143149
3541948
51794219
3096764
1119797
307916
10883332
32080089
43024557
29801432
1559763
40438174
2328272
5700051
4023213
43679677
1228073
3191713
2403206
360094
34784181
1262054
40362343
26170795
182894
42562075
29820388
31515773
26550
11222888
1042006
753695
5980301
2741837
13721661
30494448
44379844
894706
31333042
34484
43943201
46281196
12642693
51840915
6806151
50766283
54964081
17597112
51621314
38867
1123587
9141879
20958
30938080
54420884
9213750
29644283
2742000
6024273
21467298
37096645
10800111
91735
3400692
51942674
22565743
52715832
2110010
37596728
12246701
35974222
8738170
237901
1644176
24206444
3993568
24399246
4852131
1133033
13372337
1737517
1312317
16158579
5341408
577320
26927598
7343965
19045573
38383955
1884726
43830010
875340
253283
29644522
14200266
205789
1098651
951950
4840055
16053771
10870972
7710512
1458526
14406411
512852
10872014
4611864
1173697
875329
31919373
867159
171409
28333181
23412290
11788024
38876833
1488056
371860
244817
810708
934357
11737832
3562981
28539335
361758
25170285
24627166
1688046
28097533
17152372
35466580
25572219
28208707
29793734
10388541
49001
21536024
50676644
12528869
48974025
4389540
39212972
9457857
39285406
38777072
20753314
12529904
15761062
36042398
23215553
10650396
26361823
9146373
13070
24630810
42012063
22635773
11489484
16909978
14551485
29797800
25742201
31402166
40886876
34894260
38935439
10857454
10351785
23397939
21783489
1211026
3317535
35169036
22507478
26077118
24933673
36407722
38213183
49701728
1897038
46843499
11441792
39461602
34515483
44246601
36888765
51796268
481744
1778982
38780183
28082786
57952655
5006765
25384230
40930614
23571212
17643866
11148114
26930998
14397644
52921744
50014409
44716979
41042996
4484964
16872509
44469022
38648199
46505206
26091185
40843598
16515997
49905198
458122
973730
33164737
22512663
44289553
57125264
12047861
22780689
40649292
39069192
24064963
1164272
18137585
20392542
18831531
320735
38355242
19102057
391282
401506
44166292
45391074
45008505
16064121
8156428
19529589
38909404
43442620
3979911
30871572
24054317
42782224
27498238
27685522
36693641
28088506
28287762
20615363
22442887
40059071
22635341
29375525
40184359
10366620
18403522
22733610
24004882
3011359
1967935
6727838
41600399
3105971
952471
948018
1970381
28151565
11071229
2090177
24903185
14174648
14428994
42442584
42394652
32075343
35626430
47372036
51613998
22241545
34633634
57823060
2587391
22315031
27890646
37972178
39342507
49639421
38195799
2827829
7267027
26568963
44534
46006
1482062
50211648
58122233
12311883
34080397
2894295
43453855
56709430
33279328
304483
340314
32760378
1406210
28792019
16880874
816273
47737052
14080364
54759996
35195529
2737898
1646993
910851
22477693
49256077
49670086
4501371
3837469
9040892
14905284
26770213
1806711
32137290
51097731
464773
6747138
50338414
4614819
46341991
53654436
21128296
53142910
5071878
50108911
47548176
47619364
26444953
422572
39164875
720902
16278918
47550328
230440
8704614
52012119
14586886
14887172
977906
31654958
1723628
18814950
17937456
215975
6384037
1763579
27705822
37251163
42611352
43711007
25495197
52549787
52542945
52587375
14222005
36114534
49315102
8313678
3932502
159500
48934
8639504
129203
51220189
164126
19194269
51498214
10033523
43956277
40079704
14645842
39541812
30975321
50393405
31462942
55152371
40152205
52671158
57590835
43678079
28822
15461919
46529895
4597115
24574448
14695050
20200632
14002867
40599273
1949566
1193738
31328401
16595629
264094
14145737
5397532
43515310
44766421
35856806
19174356
1179049
526315
32779693
6822184
41200884
38995842
39511219
720314
1287699
972653
369200
55075841
723447
9209315
2608828
5030866
1669343
1412898
46294264
26802768
807049
7580621
1669335
46319338
3838724
54535583
47703502
1669352
533694
3858779
10066772
48754240
4925725
613157
194652
16720140
860660
1268626
360300
1403903
2478380
720034
1786748
5030744
56652879
5195331
160024
41370723
5030977
479470
53601305
3849615
10930565
236842
5195304
41991978
81562
5030923
1244365
4519806
161644
1131883
2328454
51942089
10851061
4236232
3553907
4237134
195538
244827
10930799
277815
945323
5195374
1070315
3550447
9152502
2463514
2214524
4486204
56793113
55075751
41331041
3732647
39346150
537564
4236733
10055933
2949481
41407103
728744
646191
806837
209194
1075444
3102783
46789572
28086584
560385
159116
876049
55459435
10815937
1769354
719500
10954049
17779174
80676
1121086
1464420
1594441
196233
7666619
196222
586705
13137
4768481
57095497
326038
2178541
48037616
15271925
15255540
153117
709257
31587821
7454889
15203360
39422314
6505155
178776
13749903
21242642
31763483
71394
20120645
7210677
15369591
368402
14460653
2027023
827060
7963241
17839899
706215
53267635
277942
